1, 23.5, 5.5, 1.5708, 2, 0.5, 0.026, 4, 4, 5, 0, 0, 0, 0, 0
0, 22, 6, 0, 2, 0.5, 0.026, 4, 4, 5, 0, 0, 0, 0, 0

1, 23.5537, 5.49811, 1.50463, 2.27766, 0.5, 0.026, 4, 4, 5, 0, 0, 0, 0, 0
0, 21.9463, 6.00189, 0.00289562, 2.27766, 0.5, 0.026, 4, 4, 5, 0, 0, 0, 0, 0

1, 23.6197, 5.49175, 1.44794, 2.59386, 0.5, 0.026, 4, 4, 5, 0, 0, 0, 0, 0
0, 21.8803, 6.00825, 0.0128024, 2.59386, 0.5, 0.026, 4, 4, 5, 0, 0, 0, 0, 0

1, 23.6963, 5.4803, 1.39903, 2.95396, 0.5, 0.026, 4, 4, 5, 0, 0, 0, 0, 0
0, 21.8037, 6.0197, 0.0308612, 2.95396, 0.5, 0.026, 4, 4, 5, 0, 0, 0, 0, 0

1, 23.7816, 5.46349, 1.35515, 3.36406, 0.5, 0.026, 4, 4, 5, 0, 0, 0, 0, 0
0, 21.7184, 6.03651, 0.0574522, 3.36406, 0.5, 0.026, 4, 4, 5, 0, 0, 0, 0, 0

1, 23.8734, 5.44135, 1.31387, 3.83108, 0.5, 0.026, 4, 4, 5, 0, 0, 0, 0, 0
0, 21.6266, 6.05865, 0.0922203, 3.83108, 0.5, 0.026, 4, 4, 5, 0, 0, 0, 0, 0

01, 20.4964, 5.95065, 0.118424, 2.16683, 0.5, 0.026, 4, 4, 5, 0, 0, 0, 0, 0
11, 23.6285, 4.46398, 1.3117, 2.14241, 0.5, 0.026, 4, 4, 5, 0, 0, 0, 0, 0
00, 22.6624, 6.20665, 0.136964, 2.19611, 0.5, 0.026, 4, 4, 5, 0, 0, 0, 0, 0
10, 24.3007, 6.51981, 1.42194, 2.22054, 0.5, 0.026, 4, 4, 5, 0, 0, 0, 0, 0

01, 20.2794, 5.93199, 0.130153, 2.46765, 0.5, 0.026, 4, 4, 5, 0, 0, 0, 0, 0
11, 23.5882, 4.40321, 1.3477, 2.43984, 0.5, 0.026, 4, 4, 5, 0, 0, 0, 0, 0
00, 22.7391, 6.2352, 0.213417, 2.50099, 0.5, 0.026, 4, 4, 5, 0, 0, 0, 0, 0
10, 24.4754, 6.56841, 1.55414, 2.52881, 0.5, 0.026, 4, 4, 5, 0, 0, 0, 0, 0

01, 20.066, 5.944, 0.192612, 2.81023, 0.5, 0.026, 4, 4, 5, 0, 0, 0, 0, 0
11, 23.5726, 4.39209, 1.36604, 2.77855, 0.5, 0.026, 4, 4, 5, 0, 0, 0, 0, 0
00, 22.7887, 6.22122, 0.370365, 2.8482, 0.5, 0.026, 4, 4, 5, 0, 0, 0, 0, 0
10, 24.6497, 6.58125, 1.60176, 2.87988, 0.5, 0.026, 4, 4, 5, 0, 0, 0, 0, 0

01, 19.9789, 5.98273, 0.268978, 3.20037, 0.5, 0.026, 4, 4, 5, 0, 0, 0, 0, 0
11, 23.5675, 4.39061, 1.37239, 3.1643, 0.5, 0.026, 4, 4, 5, 0, 0, 0, 0, 0
00, 22.7744, 6.17983, 0.517266, 3.24361, 0.5, 0.026, 4, 4, 5, 0, 0, 0, 0, 0
10, 24.7537, 6.58583, 1.59776, 3.27969, 0.5, 0.026, 4, 4, 5, 0, 0, 0, 0, 0

01, 19.9659, 5.99776, 0.291619, 3.64467, 0.5, 0.026, 4, 4, 5, 0, 0, 0, 0, 0
11, 23.5675, 4.39061, 1.37239, 3.60359, 0.5, 0.026, 4, 4, 5, 0, 0, 0, 0, 0
00, 22.7092, 6.16359, 0.590174, 3.69392, 0.5, 0.026, 4, 4, 5, 0, 0, 0, 0, 0
10, 24.8309, 6.58723, 1.5788, 3.735, 0.5, 0.026, 4, 4, 5, 0, 0, 0, 0, 0

011, 19.0483, 5.72086, 0.302058, 2.03041, 0.5, 0.026, 4, 4, 5, 0, 0, 0, 0, 0
111, 23.3713, 3.41917, 1.3777, 2.01737, 0.5, 0.026, 4, 4, 5, 0, 0, 0, 0, 0
010, 21.022, 6.36125, 0.334889, 2.12025, 0.5, 0.026, 4, 4, 5, 0, 0, 0, 0, 0
001, 21.8774, 5.55311, 0.610754, 2.06525, 0.5, 0.026, 4, 4, 5, 0, 0, 0, 0, 0
110, 23.7964, 5.42627, 1.34162, 2.0865, 0.5, 0.026, 4, 4, 5, 0, 0, 0, 0, 0
000, 23.4977, 6.88607, 0.633921, 2.14149, 0.5, 0.026, 4, 4, 5, 0, 0, 0, 0, 0
101, 24.9052, 5.48563, 1.53892, 2.14852, 0.5, 0.026, 4, 4, 5, 0, 0, 0, 0, 0
100, 24.9342, 7.60967, 1.6366, 2.10501, 0.5, 0.026, 4, 4, 5, 0, 0, 0, 0, 0

011, 18.9077, 5.67675, 0.301547, 2.31228, 0.5, 0.026, 4, 4, 5, 0, 0, 0, 0, 0
111, 23.3368, 3.25043, 1.38033, 2.29744, 0.5, 0.026, 4, 4, 5, 0, 0, 0, 0, 0
010, 21.1552, 6.40573, 0.346718, 2.4146, 0.5, 0.026, 4, 4, 5, 0, 0, 0, 0, 0
001, 21.7807, 5.43296, 0.54212, 2.35197, 0.5, 0.026, 4, 4, 5, 0, 0, 0, 0, 0
110, 23.8285, 5.53373, 1.31364, 2.37617, 0.5, 0.026, 4, 4, 5, 0, 0, 0, 0, 0
000, 23.4719, 7.04792, 0.614857, 2.43879, 0.5, 0.026, 4, 4, 5, 0, 0, 0, 0, 0
101, 24.9357, 5.35099, 1.48831, 2.44679, 0.5, 0.026, 4, 4, 5, 0, 0, 0, 0, 0
100, 25.027, 7.75326, 1.72086, 2.39725, 0.5, 0.026, 4, 4, 5, 0, 0, 0, 0, 0

011, 18.684, 5.61784, 0.317603, 2.63329, 0.5, 0.026, 4, 4, 5, 0, 0, 0, 0, 0
111, 23.3036, 3.0563, 1.37394, 2.61639, 0.5, 0.026, 4, 4, 5, 0, 0, 0, 0, 0
010, 21.1993, 6.48851, 0.530102, 2.74982, 0.5, 0.026, 4, 4, 5, 0, 0, 0, 0, 0
001, 21.7188, 5.31486, 0.434684, 2.67849, 0.5, 0.026, 4, 4, 5, 0, 0, 0, 0, 0
110, 23.8783, 5.6424, 1.22142, 2.70605, 0.5, 0.026, 4, 4, 5, 0, 0, 0, 0, 0
000, 23.5199, 7.20734, 0.783711, 2.77736, 0.5, 0.026, 4, 4, 5, 0, 0, 0, 0, 0
101, 24.9691, 5.20817, 1.41711, 2.78647, 0.5, 0.026, 4, 4, 5, 0, 0, 0, 0, 0
100, 25.1586, 7.90451, 1.79279, 2.73005, 0.5, 0.026, 4, 4, 5, 0, 0, 0, 0, 0

011, 18.5414, 5.61171, 0.374883, 2.99887, 0.5, 0.026, 4, 4, 5, 0, 0, 0, 0, 0
111, 23.2975, 2.8851, 1.33258, 2.97961, 0.5, 0.026, 4, 4, 5, 0, 0, 0, 0, 0
010, 21.2781, 6.53317, 0.699581, 3.13157, 0.5, 0.026, 4, 4, 5, 0, 0, 0, 0, 0
001, 21.6778, 5.18825, 0.312047, 3.05034, 0.5, 0.026, 4, 4, 5, 0, 0, 0, 0, 0
110, 23.888, 5.78736, 1.13587, 3.08172, 0.5, 0.026, 4, 4, 5, 0, 0, 0, 0, 0
000, 23.5008, 7.30638, 0.850082, 3.16294, 0.5, 0.026, 4, 4, 5, 0, 0, 0, 0, 0
101, 24.9627, 5.06897, 1.39402, 3.17332, 0.5, 0.026, 4, 4, 5, 0, 0, 0, 0, 0
100, 25.2791, 8.05135, 1.86339, 3.10907, 0.5, 0.026, 4, 4, 5, 0, 0, 0, 0, 0

011, 18.4464, 5.63991, 0.457103, 3.4152, 0.5, 0.026, 4, 4, 5, 0, 0, 0, 0, 0
111, 23.3223, 2.67146, 1.22258, 3.39327, 0.5, 0.026, 4, 4, 5, 0, 0, 0, 0, 0
010, 21.3028, 6.60991, 0.797498, 3.56632, 0.5, 0.026, 4, 4, 5, 0, 0, 0, 0, 0
001, 21.5361, 5.03196, 0.34147, 3.47381, 0.5, 0.026, 4, 4, 5, 0, 0, 0, 0, 0
110, 23.9875, 5.92643, 1.17329, 3.50955, 0.5, 0.026, 4, 4, 5, 0, 0, 0, 0, 0
000, 23.4308, 7.41304, 0.848022, 3.60205, 0.5, 0.026, 4, 4, 5, 0, 0, 0, 0, 0
101, 24.9627, 4.95383, 1.38588, 3.61386, 0.5, 0.026, 4, 4, 5, 0, 0, 0, 0, 0
100, 25.4338, 8.17609, 1.92151, 3.54069, 0.5, 0.026, 4, 4, 5, 0, 0, 0, 0, 0

011, 18.4084, 5.66934, 0.509501, 3.88933, 0.5, 0.026, 4, 4, 5, 0, 0, 0, 0, 0
111, 23.3092, 2.45295, 1.13773, 3.86435, 0.5, 0.026, 4, 4, 5, 0, 0, 0, 0, 0
0101, 20.6326, 5.949, 0.837379, 2.00609, 0.5, 0.026, 4, 4, 5, 0, 0, 0, 0, 0
0001, 22.5923, 6.67559, 0.782534, 2.09676, 0.5, 0.026, 4, 4, 5, 0, 0, 0, 0, 0
0100, 21.9672, 7.47758, 0.800584, 2.05534, 0.5, 0.026, 4, 4, 5, 0, 0, 0, 0, 0
001, 21.3932, 4.92231, 0.37524, 3.95607, 0.5, 0.026, 4, 4, 5, 0, 0, 0, 0, 0
0000, 23.9623, 8.20019, 0.857493, 2.00535, 0.5, 0.026, 4, 4, 5, 0, 0, 0, 0, 0
1011, 24.9249, 3.82655, 1.45768, 2.06813, 0.5, 0.026, 4, 4, 5, 0, 0, 0, 0, 0
1001, 25.9051, 7.40278, 1.94719, 1.96915, 0.5, 0.026, 4, 4, 5, 0, 0, 0, 0, 0
110, 24.0874, 6.06888, 1.19008, 3.99678, 0.5, 0.026, 4, 4, 5, 0, 0, 0, 0, 0
1010, 25.1789, 5.86828, 1.42448, 2.04744, 0.5, 0.026, 4, 4, 5, 0, 0, 0, 0, 0
1000, 25.1495, 9.27179, 1.96278, 2.06309, 0.5, 0.026, 4, 4, 5, 0, 0, 0, 0, 0

0111, 17.4137, 5.11137, 0.51589, 2.2285, 0.5, 0.026, 4, 4, 5, 0, 0, 0, 0, 0
0110, 19.3117, 6.24931, 0.600218, 2.20077, 0.5, 0.026, 4, 4, 5, 0, 0, 0, 0, 0
1111, 22.8027, 1.35955, 1.12071, 2.21433, 0.5, 0.026, 4, 4, 5, 0, 0, 0, 0, 0
1110, 23.767, 3.33639, 1.07606, 2.1865, 0.5, 0.026, 4, 4, 5, 0, 0, 0, 0, 0
0011, 20.2865, 4.41151, 0.332341, 2.27487, 0.5, 0.026, 4, 4, 5, 0, 0, 0, 0, 0
1101, 23.7711, 5.14354, 0.967138, 2.22805, 0.5, 0.026, 4, 4, 5, 0, 0, 0, 0, 0
0101, 20.5057, 5.87043, 0.831904, 2.28459, 0.5, 0.026, 4, 4, 5, 0, 0, 0, 0, 0
0001, 22.5005, 6.5998, 0.601777, 2.38785, 0.5, 0.026, 4, 4, 5, 0, 0, 0, 0, 0
0100, 22.0223, 7.60202, 0.72197, 2.34068, 0.5, 0.026, 4, 4, 5, 0, 0, 0, 0, 0
0010, 22.3503, 5.29418, 0.53904, 2.23042, 0.5, 0.026, 4, 4, 5, 0, 0, 0, 0, 0
0000, 23.9611, 8.36744, 0.902131, 2.28375, 0.5, 0.026, 4, 4, 5, 0, 0, 0, 0, 0
1011, 25.03, 3.64279, 1.45232, 2.35524, 0.5, 0.026, 4, 4, 5, 0, 0, 0, 0, 0
1001, 26.0625, 7.31878, 2.02428, 2.24252, 0.5, 0.026, 4, 4, 5, 0, 0, 0, 0, 0
1100, 24.4729, 7.22774, 1.06635, 2.3236, 0.5, 0.026, 4, 4, 5, 0, 0, 0, 0, 0
1010, 25.1825, 5.97285, 1.41545, 2.33168, 0.5, 0.026, 4, 4, 5, 0, 0, 0, 0, 0
1000, 25.195, 9.43763, 2.02507, 2.34951, 0.5, 0.026, 4, 4, 5, 0, 0, 0, 0, 0

0111, 17.2764, 5.03742, 0.521122, 2.53788, 0.5, 0.026, 4, 4, 5, 0, 0, 0, 0, 0
0110, 19.3603, 6.40043, 0.818928, 2.5063, 0.5, 0.026, 4, 4, 5, 0, 0, 0, 0, 0
1111, 22.7326, 1.19747, 1.10878, 2.52174, 0.5, 0.026, 4, 4, 5, 0, 0, 0, 0, 0
1110, 23.8449, 3.43147, 0.983798, 2.49005, 0.5, 0.026, 4, 4, 5, 0, 0, 0, 0, 0
0011, 20.1481, 4.26393, 0.326104, 2.59068, 0.5, 0.026, 4, 4, 5, 0, 0, 0, 0, 0
1101, 23.7502, 5.02067, 0.899523, 2.53737, 0.5, 0.026, 4, 4, 5, 0, 0, 0, 0, 0
0101, 20.2622, 5.82241, 0.907589, 2.60176, 0.5, 0.026, 4, 4, 5, 0, 0, 0, 0, 0
0001, 22.3827, 6.51295, 0.583563, 2.71935, 0.5, 0.026, 4, 4, 5, 0, 0, 0, 0, 0
0100, 22.0644, 7.73585, 0.764192, 2.66563, 0.5, 0.026, 4, 4, 5, 0, 0, 0, 0, 0
0010, 22.4618, 5.28633, 0.671173, 2.54007, 0.5, 0.026, 4, 4, 5, 0, 0, 0, 0, 0
0000, 23.977, 8.55782, 1.02816, 2.6008, 0.5, 0.026, 4, 4, 5, 0, 0, 0, 0, 0
1011, 25.1307, 3.40763, 1.33394, 2.68222, 0.5, 0.026, 4, 4, 5, 0, 0, 0, 0, 0
1001, 26.2496, 7.25694, 2.09027, 2.55385, 0.5, 0.026, 4, 4, 5, 0, 0, 0, 0, 0
1100, 24.4263, 7.31844, 1.05829, 2.64618, 0.5, 0.026, 4, 4, 5, 0, 0, 0, 0, 0
1010, 25.2609, 6.04258, 1.49915, 2.65539, 0.5, 0.026, 4, 4, 5, 0, 0, 0, 0, 0
1000, 25.3093, 9.64982, 2.08721, 2.67568, 0.5, 0.026, 4, 4, 5, 0, 0, 0, 0, 0

0011, 19.9984, 4.11274, 0.385585, 2.95034, 0.5, 0.026, 4, 4, 5, 0, 0, 0, 0, 0
0111, 17.1203, 4.97862, 0.562125, 2.89021, 0.5, 0.026, 4, 4, 5, 0, 0, 0, 0, 0
0110, 19.4276, 6.52994, 0.928019, 2.85425, 0.5, 0.026, 4, 4, 5, 0, 0, 0, 0, 0
1111, 22.6847, 1.20879, 0.858869, 2.87183, 0.5, 0.026, 4, 4, 5, 0, 0, 0, 0, 0
1110, 23.9171, 3.60757, 0.851521, 2.83574, 0.5, 0.026, 4, 4, 5, 0, 0, 0, 0, 0
1101, 23.7002, 4.90737, 0.872344, 2.88963, 0.5, 0.026, 4, 4, 5, 0, 0, 0, 0, 0
0101, 20.0929, 5.76734, 0.9175, 2.96295, 0.5, 0.026, 4, 4, 5, 0, 0, 0, 0, 0
0001, 22.1871, 6.37589, 0.634092, 3.09687, 0.5, 0.026, 4, 4, 5, 0, 0, 0, 0, 0
0100, 22.1661, 7.89632, 0.869512, 3.0357, 0.5, 0.026, 4, 4, 5, 0, 0, 0, 0, 0
0010, 22.5639, 5.2277, 0.791602, 2.8927, 0.5, 0.026, 4, 4, 5, 0, 0, 0, 0, 0
0000, 23.9675, 8.74102, 1.1179, 2.96187, 0.5, 0.026, 4, 4, 5, 0, 0, 0, 0, 0
1011, 25.1893, 3.17131, 1.16439, 3.05459, 0.5, 0.026, 4, 4, 5, 0, 0, 0, 0, 0
1001, 26.4525, 7.19689, 2.09093, 2.9084, 0.5, 0.026, 4, 4, 5, 0, 0, 0, 0, 0
1100, 24.4322, 7.46651, 1.09374, 3.01354, 0.5, 0.026, 4, 4, 5, 0, 0, 0, 0, 0
1010, 25.3248, 6.07734, 1.53368, 3.02403, 0.5, 0.026, 4, 4, 5, 0, 0, 0, 0, 0
1000, 25.4172, 9.88514, 2.14314, 3.04715, 0.5, 0.026, 4, 4, 5, 0, 0, 0, 0, 0

0011, 19.8147, 3.93225, 0.506501, 3.35993, 0.5, 0.026, 4, 4, 5, 0, 0, 0, 0, 0
0101, 19.9369, 5.7066, 0.934132, 3.3743, 0.5, 0.026, 4, 4, 5, 0, 0, 0, 0, 0
0111, 16.92, 4.92775, 0.656305, 3.29145, 0.5, 0.026, 4, 4, 5, 0, 0, 0, 0, 0
0110, 19.4582, 6.71072, 0.961741, 3.2505, 0.5, 0.026, 4, 4, 5, 0, 0, 0, 0, 0
1111, 22.6982, 1.17464, 0.636143, 3.27052, 0.5, 0.026, 4, 4, 5, 0, 0, 0, 0, 0
1110, 23.8935, 3.50854, 0.792596, 3.22943, 0.5, 0.026, 4, 4, 5, 0, 0, 0, 0, 0
1101, 23.7016, 4.83238, 0.850476, 3.29079, 0.5, 0.026, 4, 4, 5, 0, 0, 0, 0, 0
0001, 22.0477, 6.22355, 0.620174, 3.52681, 0.5, 0.026, 4, 4, 5, 0, 0, 0, 0, 0
0010, 22.5415, 5.02461, 0.851408, 3.29429, 0.5, 0.026, 4, 4, 5, 0, 0, 0, 0, 0
0100, 22.2379, 8.10703, 0.97113, 3.45714, 0.5, 0.026, 4, 4, 5, 0, 0, 0, 0, 0
0000, 23.9453, 8.96265, 1.18812, 3.37306, 0.5, 0.026, 4, 4, 5, 0, 0, 0, 0, 0
1011, 25.2844, 2.99947, 0.99025, 3.47865, 0.5, 0.026, 4, 4, 5, 0, 0, 0, 0, 0
1001, 26.6557, 7.13079, 2.0391, 3.31216, 0.5, 0.026, 4, 4, 5, 0, 0, 0, 0, 0
1100, 24.4894, 7.70578, 1.16619, 3.43191, 0.5, 0.026, 4, 4, 5, 0, 0, 0, 0, 0
1010, 25.4486, 6.12814, 1.59053, 3.44385, 0.5, 0.026, 4, 4, 5, 0, 0, 0, 0, 0
1000, 25.5601, 10.1505, 2.19823, 3.47018, 0.5, 0.026, 4, 4, 5, 0, 0, 0, 0, 0

0011, 19.4877, 3.64458, 0.481724, 3.82639, 0.5, 0.026, 4, 4, 5, 0, 0, 0, 0, 0
0101, 19.7603, 5.69322, 0.988057, 3.84275, 0.5, 0.026, 4, 4, 5, 0, 0, 0, 0, 0
0111, 16.7375, 4.92392, 0.799192, 3.7484, 0.5, 0.026, 4, 4, 5, 0, 0, 0, 0, 0
0110, 19.3803, 6.8912, 1.02625, 3.70176, 0.5, 0.026, 4, 4, 5, 0, 0, 0, 0, 0
1111, 22.5747, 1.10632, 0.46108, 3.72456, 0.5, 0.026, 4, 4, 5, 0, 0, 0, 0, 0
1110, 23.8882, 3.30193, 0.75053, 3.67776, 0.5, 0.026, 4, 4, 5, 0, 0, 0, 0, 0
00011, 21.057, 5.56094, 0.54605, 2.03935, 0.5, 0.026, 4, 4, 5, 0, 0, 0, 0, 0
1101, 23.7288, 4.68419, 0.837865, 3.74765, 0.5, 0.026, 4, 4, 5, 0, 0, 0, 0, 0
00010, 22.7502, 6.6403, 0.57538, 1.97708, 0.5, 0.026, 4, 4, 5, 0, 0, 0, 0, 0
0010, 22.5207, 4.8514, 0.852276, 3.75163, 0.5, 0.026, 4, 4, 5, 0, 0, 0, 0, 0
0100, 22.2453, 8.3063, 1.06371, 3.93709, 0.5, 0.026, 4, 4, 5, 0, 0, 0, 0, 0
0000, 23.9006, 9.2429, 1.30905, 3.84134, 0.5, 0.026, 4, 4, 5, 0, 0, 0, 0, 0
1011, 25.6228, 2.84164, 0.973391, 3.96158, 0.5, 0.026, 4, 4, 5, 0, 0, 0, 0, 0
1001, 26.844, 7.05214, 1.962, 3.77199, 0.5, 0.026, 4, 4, 5, 0, 0, 0, 0, 0
1100, 24.5638, 7.9688, 1.28431, 3.90835, 0.5, 0.026, 4, 4, 5, 0, 0, 0, 0, 0
1010, 25.6158, 6.19795, 1.64073, 3.92196, 0.5, 0.026, 4, 4, 5, 0, 0, 0, 0, 0
1000, 25.7811, 10.3712, 2.27086, 3.95193, 0.5, 0.026, 4, 4, 5, 0, 0, 0, 0, 0

00111, 18.4866, 3.02111, 0.454951, 2.15385, 0.5, 0.026, 4, 4, 5, 0, 0, 0, 0, 0
01101, 18.6366, 6.11676, 0.959385, 2.1215, 0.5, 0.026, 4, 4, 5, 0, 0, 0, 0, 0
01111, 16.0028, 4.14439, 0.886006, 2.11538, 0.5, 0.026, 4, 4, 5, 0, 0, 0, 0, 0
01011, 19.0319, 4.76802, 1.13222, 2.142, 0.5, 0.026, 4, 4, 5, 0, 0, 0, 0, 0
01110, 17.2686, 5.85833, 1.02915, 2.1534, 0.5, 0.026, 4, 4, 5, 0, 0, 0, 0, 0
01100, 19.8307, 7.85289, 0.937494, 2.09417, 0.5, 0.026, 4, 4, 5, 0, 0, 0, 0, 0
11101, 23.0574, 2.4346, 0.622442, 2.1427, 0.5, 0.026, 4, 4, 5, 0, 0, 0, 0, 0
11111, 21.4883, 0.686439, 0.327592, 2.15791, 0.5, 0.026, 4, 4, 5, 0, 0, 0, 0, 0
11011, 22.9895, 3.77745, 0.851408, 2.15164, 0.5, 0.026, 4, 4, 5, 0, 0, 0, 0, 0
00101, 21.7404, 3.84652, 0.952428, 2.18951, 0.5, 0.026, 4, 4, 5, 0, 0, 0, 0, 0
11110, 23.4751, 1.41765, 0.451087, 2.08372, 0.5, 0.026, 4, 4, 5, 0, 0, 0, 0, 0
00110, 20.3708, 4.10804, 0.491214, 2.20375, 0.5, 0.026, 4, 4, 5, 0, 0, 0, 0, 0
01010, 20.2254, 6.67592, 0.961483, 2.23423, 0.5, 0.026, 4, 4, 5, 0, 0, 0, 0, 0
01001, 21.7928, 7.41538, 1.11892, 2.2068, 0.5, 0.026, 4, 4, 5, 0, 0, 0, 0, 0
00011, 20.9102, 5.43274, 0.273611, 2.32247, 0.5, 0.026, 4, 4, 5, 0, 0, 0, 0, 0
00010, 22.8648, 6.54919, 0.493798, 2.25156, 0.5, 0.026, 4, 4, 5, 0, 0, 0, 0, 0
00100, 23.1713, 5.42389, 0.748179, 2.08295, 0.5, 0.026, 4, 4, 5, 0, 0, 0, 0, 0
00001, 23.6099, 8.42039, 1.33433, 2.18586, 0.5, 0.026, 4, 4, 5, 0, 0, 0, 0, 0
01000, 22.8087, 9.41314, 1.11875, 2.27687, 0.5, 0.026, 4, 4, 5, 0, 0, 0, 0, 0
11100, 24.565, 3.87394, 0.743962, 2.04563, 0.5, 0.026, 4, 4, 5, 0, 0, 0, 0, 0
10111, 25.0908, 1.79162, 1.19718, 2.29681, 0.5, 0.026, 4, 4, 5, 0, 0, 0, 0, 0
10110, 26.3637, 3.61516, 0.749428, 2.21476, 0.5, 0.026, 4, 4, 5, 0, 0, 0, 0, 0
11010, 24.5228, 5.2546, 0.669896, 2.11629, 0.5, 0.026, 4, 4, 5, 0, 0, 0, 0, 0
10011, 27.2897, 5.9856, 1.98403, 2.17305, 0.5, 0.026, 4, 4, 5, 0, 0, 0, 0, 0
11001, 24.4299, 7.0337, 1.50564, 2.22548, 0.5, 0.026, 4, 4, 5, 0, 0, 0, 0, 0
10101, 25.9356, 5.17031, 1.5094, 2.24908, 0.5, 0.026, 4, 4, 5, 0, 0, 0, 0, 0
10010, 26.5026, 7.98274, 1.96428, 2.12259, 0.5, 0.026, 4, 4, 5, 0, 0, 0, 0, 0
10100, 25.5114, 7.3166, 1.67941, 2.21736, 0.5, 0.026, 4, 4, 5, 0, 0, 0, 0, 0
00000, 24.0093, 10.5125, 1.7481, 2.18876, 0.5, 0.026, 4, 4, 5, 0, 0, 0, 0, 0
11000, 24.9201, 9.19249, 1.24243, 2.22546, 0.5, 0.026, 4, 4, 5, 0, 0, 0, 0, 0
10001, 26.7454, 9.4132, 2.47425, 2.28019, 0.5, 0.026, 4, 4, 5, 0, 0, 0, 0, 0
10000, 25.2523, 11.0695, 2.35856, 2.22038, 0.5, 0.026, 4, 4, 5, 0, 0, 0, 0, 0

01111, 15.9137, 4.01682, 0.867339, 2.40906, 0.5, 0.026, 4, 4, 5, 0, 0, 0, 0, 0
00111, 18.2871, 2.80223, 0.260757, 2.45286, 0.5, 0.026, 4, 4, 5, 0, 0, 0, 0, 0
01101, 18.4034, 6.11427, 1.03452, 2.41603, 0.5, 0.026, 4, 4, 5, 0, 0, 0, 0, 0
01011, 18.8085, 4.64395, 1.17349, 2.43937, 0.5, 0.026, 4, 4, 5, 0, 0, 0, 0, 0
01110, 17.2029, 6.06428, 1.10891, 2.45236, 0.5, 0.026, 4, 4, 5, 0, 0, 0, 0, 0
01100, 19.7981, 8.06339, 0.907978, 2.3849, 0.5, 0.026, 4, 4, 5, 0, 0, 0, 0, 0
11101, 23.0529, 2.17816, 0.591393, 2.44017, 0.5, 0.026, 4, 4, 5, 0, 0, 0, 0, 0
11111, 21.3095, 0.690063, 0.263561, 2.45749, 0.5, 0.026, 4, 4, 5, 0, 0, 0, 0, 0
11011, 22.8691, 3.59271, 0.983343, 2.45035, 0.5, 0.026, 4, 4, 5, 0, 0, 0, 0, 0
00101, 21.7068, 3.62776, 1.00065, 2.49348, 0.5, 0.026, 4, 4, 5, 0, 0, 0, 0, 0
11110, 23.5801, 1.32759, 0.593136, 2.373, 0.5, 0.026, 4, 4, 5, 0, 0, 0, 0, 0
00110, 20.2575, 4.07355, 0.343582, 2.50969, 0.5, 0.026, 4, 4, 5, 0, 0, 0, 0, 0
01010, 20.104, 6.82915, 0.908969, 2.5444, 0.5, 0.026, 4, 4, 5, 0, 0, 0, 0, 0
01001, 21.6613, 7.28042, 1.00751, 2.51316, 0.5, 0.026, 4, 4, 5, 0, 0, 0, 0, 0
00011, 20.9089, 5.32774, -0.00360521, 2.64489, 0.5, 0.026, 4, 4, 5, 0, 0, 0, 0, 0
00010, 22.8717, 6.57535, 0.470514, 2.56414, 0.5, 0.026, 4, 4, 5, 0, 0, 0, 0, 0
00100, 23.2363, 5.48959, 0.666022, 2.37212, 0.5, 0.026, 4, 4, 5, 0, 0, 0, 0, 0
00000, 23.9257, 10.8056, 1.97524, 2.49262, 0.5, 0.026, 4, 4, 5, 0, 0, 0, 0, 0
00001, 23.4744, 8.54393, 1.17994, 2.48932, 0.5, 0.026, 4, 4, 5, 0, 0, 0, 0, 0
01000, 22.7768, 9.5666, 1.22354, 2.59296, 0.5, 0.026, 4, 4, 5, 0, 0, 0, 0, 0
11100, 24.5647, 3.88509, 0.598688, 2.32963, 0.5, 0.026, 4, 4, 5, 0, 0, 0, 0, 0
10111, 25.1493, 1.6157, 1.37824, 2.61567, 0.5, 0.026, 4, 4, 5, 0, 0, 0, 0, 0
10110, 26.6253, 3.56196, 0.615604, 2.52223, 0.5, 0.026, 4, 4, 5, 0, 0, 0, 0, 0
11010, 24.666, 5.15369, 0.455073, 2.41009, 0.5, 0.026, 4, 4, 5, 0, 0, 0, 0, 0
10011, 27.4887, 5.87353, 1.86841, 2.47474, 0.5, 0.026, 4, 4, 5, 0, 0, 0, 0, 0
11001, 24.565, 7.03967, 1.75284, 2.53444, 0.5, 0.026, 4, 4, 5, 0, 0, 0, 0, 0
10101, 26.2613, 5.18005, 1.36445, 2.56131, 0.5, 0.026, 4, 4, 5, 0, 0, 0, 0, 0
10100, 25.5252, 7.3455, 1.75207, 2.52519, 0.5, 0.026, 4, 4, 5, 0, 0, 0, 0, 0
10010, 26.4973, 8.10083, 2.02394, 2.41727, 0.5, 0.026, 4, 4, 5, 0, 0, 0, 0, 0
11000, 24.9997, 9.45086, 1.09529, 2.53442, 0.5, 0.026, 4, 4, 5, 0, 0, 0, 0, 0
10001, 26.9568, 9.40885, 2.49141, 2.59675, 0.5, 0.026, 4, 4, 5, 0, 0, 0, 0, 0
10000, 25.4169, 11.1947, 2.73077, 2.52864, 0.5, 0.026, 4, 4, 5, 0, 0, 0, 0, 0

01111, 15.8598, 3.88534, 0.799705, 2.7435, 0.5, 0.026, 4, 4, 5, 0, 0, 0, 0, 0
00111, 18.2272, 2.65046, 0.0647847, 2.79339, 0.5, 0.026, 4, 4, 5, 0, 0, 0, 0, 0
01010, 19.9954, 7.04143, 0.823968, 2.89764, 0.5, 0.026, 4, 4, 5, 0, 0, 0, 0, 0
01101, 18.1091, 6.12668, 1.09019, 2.75144, 0.5, 0.026, 4, 4, 5, 0, 0, 0, 0, 0
01011, 18.4511, 4.49803, 1.15374, 2.77802, 0.5, 0.026, 4, 4, 5, 0, 0, 0, 0, 0
01110, 17.0732, 6.28858, 1.09735, 2.79281, 0.5, 0.026, 4, 4, 5, 0, 0, 0, 0, 0
01100, 19.777, 8.25797, 0.904564, 2.71599, 0.5, 0.026, 4, 4, 5, 0, 0, 0, 0, 0
00110, 20.0757, 3.9976, 0.319467, 2.85811, 0.5, 0.026, 4, 4, 5, 0, 0, 0, 0, 0
11101, 23.012, 1.94852, 0.569064, 2.77894, 0.5, 0.026, 4, 4, 5, 0, 0, 0, 0, 0
11111, 21.0209, 0.516901, 0.0144448, 2.79866, 0.5, 0.026, 4, 4, 5, 0, 0, 0, 0, 0
11011, 22.734, 3.35037, 0.947594, 2.79053, 0.5, 0.026, 4, 4, 5, 0, 0, 0, 0, 0
00101, 21.5843, 3.43919, 0.96327, 2.83965, 0.5, 0.026, 4, 4, 5, 0, 0, 0, 0, 0
11110, 23.6129, 1.10235, 0.612487, 2.70245, 0.5, 0.026, 4, 4, 5, 0, 0, 0, 0, 0
01001, 21.3638, 7.04509, 0.872211, 2.86206, 0.5, 0.026, 4, 4, 5, 0, 0, 0, 0, 0
00011, 20.7979, 5.31925, -0.132551, 3.01208, 0.5, 0.026, 4, 4, 5, 0, 0, 0, 0, 0
00010, 22.8026, 6.59594, 0.453144, 2.92011, 0.5, 0.026, 4, 4, 5, 0, 0, 0, 0, 0
00100, 23.3997, 5.51587, 0.730307, 2.70144, 0.5, 0.026, 4, 4, 5, 0, 0, 0, 0, 0
00000, 23.7276, 10.8532, 2.36183, 2.83867, 0.5, 0.026, 4, 4, 5, 0, 0, 0, 0, 0
00001, 23.3415, 8.62078, 1.14438, 2.83491, 0.5, 0.026, 4, 4, 5, 0, 0, 0, 0, 0
01000, 22.3998, 9.67465, 1.44966, 2.95294, 0.5, 0.026, 4, 4, 5, 0, 0, 0, 0, 0
11100, 24.7302, 3.78529, 0.486851, 2.65305, 0.5, 0.026, 4, 4, 5, 0, 0, 0, 0, 0
10111, 25.3097, 1.48949, 1.57668, 2.9788, 0.5, 0.026, 4, 4, 5, 0, 0, 0, 0, 0
10110, 27.0059, 3.3816, 0.589524, 2.87239, 0.5, 0.026, 4, 4, 5, 0, 0, 0, 0, 0
11010, 24.8404, 5.01426, 0.336179, 2.74467, 0.5, 0.026, 4, 4, 5, 0, 0, 0, 0, 0
10011, 27.8698, 5.91578, 1.65728, 2.8183, 0.5, 0.026, 4, 4, 5, 0, 0, 0, 0, 0
11001, 24.7332, 7.03407, 1.94607, 2.8863, 0.5, 0.026, 4, 4, 5, 0, 0, 0, 0, 0
10101, 26.655, 5.15696, 1.36509, 2.9169, 0.5, 0.026, 4, 4, 5, 0, 0, 0, 0, 0
10100, 25.7156, 7.48943, 1.85934, 2.87576, 0.5, 0.026, 4, 4, 5, 0, 0, 0, 0, 0
10010, 26.5889, 8.16724, 1.91297, 2.75285, 0.5, 0.026, 4, 4, 5, 0, 0, 0, 0, 0
11000, 25.1839, 9.6066, 0.854231, 2.88627, 0.5, 0.026, 4, 4, 5, 0, 0, 0, 0, 0
10001, 27.3576, 9.30985, 2.20357, 2.95725, 0.5, 0.026, 4, 4, 5, 0, 0, 0, 0, 0
10000, 25.4914, 11.3705, 3.0036, 2.87968, 0.5, 0.026, 4, 4, 5, 0, 0, 0, 0, 0

01111, 15.8033, 3.79589, 0.766321, 3.12438, 0.5, 0.026, 4, 4, 5, 0, 0, 0, 0, 0
00110, 19.7902, 3.83776, 0.324137, 3.25489, 0.5, 0.026, 4, 4, 5, 0, 0, 0, 0, 0
00111, 18.2408, 2.42258, 0.104886, 3.18119, 0.5, 0.026, 4, 4, 5, 0, 0, 0, 0, 0
01010, 19.8672, 7.1946, 0.748655, 3.29991, 0.5, 0.026, 4, 4, 5, 0, 0, 0, 0, 0
01101, 17.7392, 6.22586, 1.05031, 3.13342, 0.5, 0.026, 4, 4, 5, 0, 0, 0, 0, 0
01011, 17.9988, 4.36474, 1.19067, 3.16369, 0.5, 0.026, 4, 4, 5, 0, 0, 0, 0, 0
01110, 16.7496, 6.49896, 1.05526, 3.18053, 0.5, 0.026, 4, 4, 5, 0, 0, 0, 0, 0
01100, 19.8069, 8.4814, 0.825662, 3.09305, 0.5, 0.026, 4, 4, 5, 0, 0, 0, 0, 0
11101, 23.1822, 1.82934, 0.43274, 3.16473, 0.5, 0.026, 4, 4, 5, 0, 0, 0, 0, 0
11111, 20.6231, 0.50465, -0.00423978, 3.18719, 0.5, 0.026, 4, 4, 5, 0, 0, 0, 0, 0
11011, 22.564, 3.12495, 0.844293, 3.17793, 0.5, 0.026, 4, 4, 5, 0, 0, 0, 0, 0
00101, 21.3395, 3.22088, 0.862806, 3.23387, 0.5, 0.026, 4, 4, 5, 0, 0, 0, 0, 0
11110, 23.6571, 0.940924, 0.438259, 3.07762, 0.5, 0.026, 4, 4, 5, 0, 0, 0, 0, 0
01001, 21.1575, 6.99035, 0.723722, 3.2594, 0.5, 0.026, 4, 4, 5, 0, 0, 0, 0, 0
00011, 20.6093, 5.21774, -0.0738476, 3.43024, 0.5, 0.026, 4, 4, 5, 0, 0, 0, 0, 0
00010, 22.7916, 6.54974, 0.360986, 3.32551, 0.5, 0.026, 4, 4, 5, 0, 0, 0, 0, 0
00100, 23.5684, 5.44056, 0.679373, 3.07648, 0.5, 0.026, 4, 4, 5, 0, 0, 0, 0, 0
00000, 23.5125, 10.9814, 2.65886, 3.23276, 0.5, 0.026, 4, 4, 5, 0, 0, 0, 0, 0
00001, 23.2337, 8.788, 1.36227, 3.22848, 0.5, 0.026, 4, 4, 5, 0, 0, 0, 0, 0
01000, 21.9226, 9.86832, 1.80541, 3.36289, 0.5, 0.026, 4, 4, 5, 0, 0, 0, 0, 0
11100, 24.9362, 3.72988, 0.467259, 3.02136, 0.5, 0.026, 4, 4, 5, 0, 0, 0, 0, 0
10111, 25.6078, 1.68638, 1.69907, 3.39234, 0.5, 0.026, 4, 4, 5, 0, 0, 0, 0, 0
10110, 27.4071, 3.15287, 0.670713, 3.27116, 0.5, 0.026, 4, 4, 5, 0, 0, 0, 0, 0
11010, 25.0588, 4.95146, 0.376223, 3.12571, 0.5, 0.026, 4, 4, 5, 0, 0, 0, 0, 0
11001, 24.9045, 7.18189, 2.09042, 3.287, 0.5, 0.026, 4, 4, 5, 0, 0, 0, 0, 0
10101, 27.061, 5.11674, 1.35941, 3.32184, 0.5, 0.026, 4, 4, 5, 0, 0, 0, 0, 0
10100, 25.9122, 7.65788, 1.98971, 3.27499, 0.5, 0.026, 4, 4, 5, 0, 0, 0, 0, 0
10010, 26.7425, 8.22522, 1.97844, 3.13503, 0.5, 0.026, 4, 4, 5, 0, 0, 0, 0, 0
11000, 25.3018, 9.78812, 0.567023, 3.28697, 0.5, 0.026, 4, 4, 5, 0, 0, 0, 0, 0
10001, 27.647, 9.27086, 1.89839, 3.3678, 0.5, 0.026, 4, 4, 5, 0, 0, 0, 0, 0
10000, 25.8139, 11.4313, 3.08148, 3.27947, 0.5, 0.026, 4, 4, 5, 0, 0, 0, 0, 0
10011, 28.2863, 5.95688, 1.50219, 3.20956, 0.5, 0.026, 4, 4, 5, 0, 0, 0, 0, 0

01111, 15.5059, 3.50471, 0.738301, 3.55813, 0.5, 0.026, 4, 4, 5, 0, 0, 0, 0, 0
00110, 19.4665, 3.70092, 0.312117, 3.70677, 0.5, 0.026, 4, 4, 5, 0, 0, 0, 0, 0
00111, 18.0251, 2.2271, 0.218679, 3.62283, 0.5, 0.026, 4, 4, 5, 0, 0, 0, 0, 0
01010, 19.7731, 7.30694, 0.747651, 3.75804, 0.5, 0.026, 4, 4, 5, 0, 0, 0, 0, 0
01101, 17.3179, 6.47057, 1.1086, 3.56843, 0.5, 0.026, 4, 4, 5, 0, 0, 0, 0, 0
01011, 17.5167, 4.34966, 1.20403, 3.6029, 0.5, 0.026, 4, 4, 5, 0, 0, 0, 0, 0
01110, 16.3383, 6.73537, 1.11224, 3.62208, 0.5, 0.026, 4, 4, 5, 0, 0, 0, 0, 0
01100, 19.6892, 8.78739, 0.861323, 3.52245, 0.5, 0.026, 4, 4, 5, 0, 0, 0, 0, 0
11101, 23.4891, 1.91342, 0.388999, 3.60409, 0.5, 0.026, 4, 4, 5, 0, 0, 0, 0, 0
11111, 20.3623, 0.505697, -0.00430386, 3.62967, 0.5, 0.026, 4, 4, 5, 0, 0, 0, 0, 0
11011, 22.4375, 3.00326, 0.794983, 3.61912, 0.5, 0.026, 4, 4, 5, 0, 0, 0, 0, 0
00101, 21.122, 3.04853, 0.816331, 3.68282, 0.5, 0.026, 4, 4, 5, 0, 0, 0, 0, 0
11110, 23.8349, 0.97672, 0.390358, 3.50488, 0.5, 0.026, 4, 4, 5, 0, 0, 0, 0, 0
01001, 20.887, 6.98648, 0.738092, 3.71189, 0.5, 0.026, 4, 4, 5, 0, 0, 0, 0, 0
00011, 20.2967, 5.09398, 0.0501713, 3.90645, 0.5, 0.026, 4, 4, 5, 0, 0, 0, 0, 0
00010, 22.8262, 6.40917, 0.185049, 3.78718, 0.5, 0.026, 4, 4, 5, 0, 0, 0, 0, 0
00100, 23.7983, 5.35319, 0.460068, 3.50358, 0.5, 0.026, 4, 4, 5, 0, 0, 0, 0, 0
00000, 23.2052, 11.104, 2.84177, 3.68155, 0.5, 0.026, 4, 4, 5, 0, 0, 0, 0, 0
00001, 22.9657, 8.76409, 1.48686, 3.67668, 0.5, 0.026, 4, 4, 5, 0, 0, 0, 0, 0
01000, 21.4062, 10.191, 1.98361, 3.82976, 0.5, 0.026, 4, 4, 5, 0, 0, 0, 0, 0
11100, 25.0341, 3.76449, 0.528993, 3.44081, 0.5, 0.026, 4, 4, 5, 0, 0, 0, 0, 0
10111, 26.0706, 1.91678, 1.42634, 3.86329, 0.5, 0.026, 4, 4, 5, 0, 0, 0, 0, 0
11010, 25.3469, 5.04465, 0.487713, 3.55965, 0.5, 0.026, 4, 4, 5, 0, 0, 0, 0, 0
11001, 24.8746, 7.42535, 2.31997, 3.74332, 0.5, 0.026, 4, 4, 5, 0, 0, 0, 0, 0
10101, 27.5122, 4.83856, 1.39327, 3.78301, 0.5, 0.026, 4, 4, 5, 0, 0, 0, 0, 0
10100, 26.0513, 7.76128, 2.21565, 3.72966, 0.5, 0.026, 4, 4, 5, 0, 0, 0, 0, 0
10010, 26.9385, 8.22662, 2.22479, 3.57026, 0.5, 0.026, 4, 4, 5, 0, 0, 0, 0, 0
11000, 25.287, 9.96269, 0.402327, 3.74329, 0.5, 0.026, 4, 4, 5, 0, 0, 0, 0, 0
10000, 26.4633, 11.4997, 3.14168, 3.73475, 0.5, 0.026, 4, 4, 5, 0, 0, 0, 0, 0
10110, 28.0549, 2.84475, 0.787199, 3.72529, 0.5, 0.026, 4, 4, 5, 0, 0, 0, 0, 0
10011, 28.8877, 5.9326, 1.27152, 3.65514, 0.5, 0.026, 4, 4, 5, 0, 0, 0, 0, 0
10001, 28.0254, 9.16495, 1.91369, 3.83535, 0.5, 0.026, 4, 4, 5, 0, 0, 0, 0, 0

011111, 14.4713, 2.51775, 0.802033, 2.04188, 0.5, 0.026, 4, 4, 5, 0, 0, 0, 0, 0
011110, 15.8768, 3.97673, 0.805415, 2.01022, 0.5, 0.026, 4, 4, 5, 0, 0, 0, 0, 0
011101, 15.695, 5.98155, 1.23096, 2.01846, 0.5, 0.026, 4, 4, 5, 0, 0, 0, 0, 0
010111, 16.8324, 3.34044, 1.10119, 2.00061, 0.5, 0.026, 4, 4, 5, 0, 0, 0, 0, 0
001111, 16.9188, 1.8355, 0.326961, 2.07493, 0.5, 0.026, 4, 4, 5, 0, 0, 0, 0, 0
111111, 19.0492, 0.511859, -0.0231259, 2.02366, 0.5, 0.026, 4, 4, 5, 0, 0, 0, 0, 0
001101, 18.2779, 3.27923, 0.4985, 2.11788, 0.5, 0.026, 4, 4, 5, 0, 0, 0, 0, 0
001110, 18.8778, 2.44344, 0.459442, 2.05085, 0.5, 0.026, 4, 4, 5, 0, 0, 0, 0, 0
011001, 18.7958, 7.97567, 0.961571, 2.00249, 0.5, 0.026, 4, 4, 5, 0, 0, 0, 0, 0
011011, 16.6969, 5.8053, 1.24123, 2.07679, 0.5, 0.026, 4, 4, 5, 0, 0, 0, 0, 0
010011, 19.8502, 6.08679, 0.749946, 2.07642, 0.5, 0.026, 4, 4, 5, 0, 0, 0, 0, 0
010101, 19.0211, 6.67199, 0.761017, 2.14443, 0.5, 0.026, 4, 4, 5, 0, 0, 0, 0, 0
000111, 19.0675, 4.67958, 0.00452317, 2.27755, 0.5, 0.026, 4, 4, 5, 0, 0, 0, 0, 0
011010, 17.4902, 7.66905, 1.249, 1.98704, 0.5, 0.026, 4, 4, 5, 0, 0, 0, 0, 0
010110, 17.5673, 5.2518, 1.24651, 2.10247, 0.5, 0.026, 4, 4, 5, 0, 0, 0, 0, 0
011100, 16.5097, 7.86768, 1.26133, 2.10648, 0.5, 0.026, 4, 4, 5, 0, 0, 0, 0, 0
011000, 19.9219, 9.63483, 0.99049, 2.00898, 0.5, 0.026, 4, 4, 5, 0, 0, 0, 0, 0
111011, 22.7361, 1.61741, 0.406379, 2.08416, 0.5, 0.026, 4, 4, 5, 0, 0, 0, 0, 0
110111, 21.5178, 2.09883, 0.740154, 2.10281, 0.5, 0.026, 4, 4, 5, 0, 0, 0, 0, 0
001011, 20.128, 2.03203, 1.03103, 2.06463, 0.5, 0.026, 4, 4, 5, 0, 0, 0, 0, 0
001100, 20.2555, 3.84196, 0.486568, 2.10349, 0.5, 0.026, 4, 4, 5, 0, 0, 0, 0, 0
111110, 21.1144, 0.525208, -0.0294731, 2.10991, 0.5, 0.026, 4, 4, 5, 0, 0, 0, 0, 0
110110, 22.9733, 3.5425, 0.957688, 2.01875, 0.5, 0.026, 4, 4, 5, 0, 0, 0, 0, 0
001010, 21.5829, 3.51368, 0.742144, 2.12947, 0.5, 0.026, 4, 4, 5, 0, 0, 0, 0, 0
000011, 23.0238, 7.75376, 1.79573, 2.14318, 0.5, 0.026, 4, 4, 5, 0, 0, 0, 0, 0
000101, 21.8127, 6.16278, 0.14025, 2.2049, 0.5, 0.026, 4, 4, 5, 0, 0, 0, 0, 0
010010, 21.5282, 7.36234, 0.548765, 2.15079, 0.5, 0.026, 4, 4, 5, 0, 0, 0, 0, 0
000110, 21.0182, 5.0719, -0.420672, 2.17122, 0.5, 0.026, 4, 4, 5, 0, 0, 0, 0, 0
000100, 23.9019, 6.45682, 0.471279, 2.10805, 0.5, 0.026, 4, 4, 5, 0, 0, 0, 0, 0
00100, 23.8822, 5.4038, 0.466524, 3.98997, 0.5, 0.026, 4, 4, 5, 0, 0, 0, 0, 0
010100, 20.5547, 8.13361, 0.978653, 2.13533, 0.5, 0.026, 4, 4, 5, 0, 0, 0, 0, 0
010001, 21.6881, 9.20818, 2.03096, 2.22257, 0.5, 0.026, 4, 4, 5, 0, 0, 0, 0, 0
000000, 22.1306, 11.4035, 2.9661, 2.10453, 0.5, 0.026, 4, 4, 5, 0, 0, 0, 0, 0
000010, 22.6051, 9.82641, 1.8451, 2.04393, 0.5, 0.026, 4, 4, 5, 0, 0, 0, 0, 0
010000, 20.6117, 11.0819, 2.31748, 2.13887, 0.5, 0.026, 4, 4, 5, 0, 0, 0, 0, 0
111010, 24.6396, 2.3727, 0.466488, 2.02028, 0.5, 0.026, 4, 4, 5, 0, 0, 0, 0, 0
11110, 24.054, 1.064, 0.386522, 3.99146, 0.5, 0.026, 4, 4, 5, 0, 0, 0, 0, 0
101101, 27.8394, 1.76601, 0.96019, 2.09678, 0.5, 0.026, 4, 4, 5, 0, 0, 0, 0, 0
101011, 27.5622, 3.61476, 1.56933, 2.18829, 0.5, 0.026, 4, 4, 5, 0, 0, 0, 0, 0
101111, 26.2007, 0.972648, 0.95713, 2.15579, 0.5, 0.026, 4, 4, 5, 0, 0, 0, 0, 0
11100, 25.179, 3.81667, 0.498829, 3.9185, 0.5, 0.026, 4, 4, 5, 0, 0, 0, 0, 0
101110, 26.3427, 2.93865, 1.20994, 2.24383, 0.5, 0.026, 4, 4, 5, 0, 0, 0, 0, 0
110101, 24.6516, 4.66541, 0.482819, 1.98275, 0.5, 0.026, 4, 4, 5, 0, 0, 0, 0, 0
100101, 27.8221, 7.67629, 2.19592, 2.02227, 0.5, 0.026, 4, 4, 5, 0, 0, 0, 0, 0
101001, 26.9694, 7.15881, 2.18648, 2.1681, 0.5, 0.026, 4, 4, 5, 0, 0, 0, 0, 0
110011, 25.7756, 6.9234, 2.38508, 2.12504, 0.5, 0.026, 4, 4, 5, 0, 0, 0, 0, 0
110100, 26.4577, 5.56981, 0.328526, 2.07108, 0.5, 0.026, 4, 4, 5, 0, 0, 0, 0, 0
000001, 24.1793, 10.9706, 2.86149, 2.08813, 0.5, 0.026, 4, 4, 5, 0, 0, 0, 0, 0
101000, 25.3722, 8.51983, 2.51903, 2.07933, 0.5, 0.026, 4, 4, 5, 0, 0, 0, 0, 0
110001, 24.2557, 9.75496, 0.12804, 2.15197, 0.5, 0.026, 4, 4, 5, 0, 0, 0, 0, 0
110010, 24.1455, 8.21672, 2.17299, 2.13797, 0.5, 0.026, 4, 4, 5, 0, 0, 0, 0, 0
100010, 27.8886, 9.91972, 1.80261, 2.19295, 0.5, 0.026, 4, 4, 5, 0, 0, 0, 0, 0
100100, 26.3547, 9.06409, 2.39381, 2.04364, 0.5, 0.026, 4, 4, 5, 0, 0, 0, 0, 0
110000, 26.1996, 10.4588, 0.105938, 2.111, 0.5, 0.026, 4, 4, 5, 0, 0, 0, 0, 0
100000, 25.9845, 11.4999, 3.14175, 2.09869, 0.5, 0.026, 4, 4, 5, 0, 0, 0, 0, 0
101100, 29.1406, 3.43422, 0.790926, 2.14569, 0.5, 0.026, 4, 4, 5, 0, 0, 0, 0, 0
101010, 28.0111, 5.70183, 1.22989, 2.11991, 0.5, 0.026, 4, 4, 5, 0, 0, 0, 0, 0
100011, 28.8149, 7.96424, 2.1512, 2.17486, 0.5, 0.026, 4, 4, 5, 0, 0, 0, 0, 0
100111, 28.7758, 4.78498, 1.17551, 2.11579, 0.5, 0.026, 4, 4, 5, 0, 0, 0, 0, 0
100110, 29.7495, 6.61545, 0.941746, 2.04679, 0.5, 0.026, 4, 4, 5, 0, 0, 0, 0, 0
100001, 28.1108, 11.4993, 3.14188, 2.15455, 0.5, 0.026, 4, 4, 5, 0, 0, 0, 0, 0

011111, 14.138, 2.14209, 0.763858, 2.32535, 0.5, 0.026, 4, 4, 5, 0, 0, 0, 0, 0
011110, 15.669, 3.85415, 0.753847, 2.2893, 0.5, 0.026, 4, 4, 5, 0, 0, 0, 0, 0
011101, 15.2853, 5.94085, 1.36089, 2.29867, 0.5, 0.026, 4, 4, 5, 0, 0, 0, 0, 0
001011, 19.7676, 1.99455, 1.16788, 2.35126, 0.5, 0.026, 4, 4, 5, 0, 0, 0, 0, 0
010111, 16.6224, 3.17002, 0.962515, 2.27835, 0.5, 0.026, 4, 4, 5, 0, 0, 0, 0, 0
001111, 16.4943, 1.58255, 0.182638, 2.36299, 0.5, 0.026, 4, 4, 5, 0, 0, 0, 0, 0
111111, 18.3638, 0.523205, -0.0354727, 2.3046, 0.5, 0.026, 4, 4, 5, 0, 0, 0, 0, 0
001101, 18.0039, 3.12943, 0.738122, 2.4119, 0.5, 0.026, 4, 4, 5, 0, 0, 0, 0, 0
001110, 18.5573, 2.11231, 0.926313, 2.33557, 0.5, 0.026, 4, 4, 5, 0, 0, 0, 0, 0
011001, 18.3463, 7.92292, 0.862353, 2.28049, 0.5, 0.026, 4, 4, 5, 0, 0, 0, 0, 0
011011, 16.3046, 5.96383, 1.37225, 2.36511, 0.5, 0.026, 4, 4, 5, 0, 0, 0, 0, 0
010011, 19.3671, 6.12465, 0.818972, 2.36469, 0.5, 0.026, 4, 4, 5, 0, 0, 0, 0, 0
010101, 18.7718, 6.94143, 0.809419, 2.44214, 0.5, 0.026, 4, 4, 5, 0, 0, 0, 0, 0
000111, 18.8501, 4.62254, 0.0527095, 2.59374, 0.5, 0.026, 4, 4, 5, 0, 0, 0, 0, 0
010110, 17.1997, 5.37434, 1.36385, 2.39436, 0.5, 0.026, 4, 4, 5, 0, 0, 0, 0, 0
011010, 17.1147, 8.11481, 1.21577, 2.2629, 0.5, 0.026, 4, 4, 5, 0, 0, 0, 0, 0
011100, 16.0794, 8.13881, 1.2456, 2.39892, 0.5, 0.026, 4, 4, 5, 0, 0, 0, 0, 0
011000, 19.4293, 9.74278, 1.65618, 2.28788, 0.5, 0.026, 4, 4, 5, 0, 0, 0, 0, 0
111101, 23.1605, 0.773951, 0.444075, 2.27056, 0.5, 0.026, 4, 4, 5, 0, 0, 0, 0, 0
111011, 22.7064, 1.66253, 0.446079, 2.3735, 0.5, 0.026, 4, 4, 5, 0, 0, 0, 0, 0
110111, 21.1904, 1.93168, 0.668086, 2.39474, 0.5, 0.026, 4, 4, 5, 0, 0, 0, 0, 0
001100, 20.138, 3.79374, 0.474235, 2.39552, 0.5, 0.026, 4, 4, 5, 0, 0, 0, 0, 0
111110, 20.8855, 0.500696, -0.00025098, 2.40282, 0.5, 0.026, 4, 4, 5, 0, 0, 0, 0, 0
110110, 22.987, 3.30933, 1.0436, 2.29901, 0.5, 0.026, 4, 4, 5, 0, 0, 0, 0, 0
001010, 21.5344, 3.42761, 0.585324, 2.4251, 0.5, 0.026, 4, 4, 5, 0, 0, 0, 0, 0
001001, 23.0897, 4.8475, 0.148481, 2.22998, 0.5, 0.026, 4, 4, 5, 0, 0, 0, 0, 0
000011, 23.095, 7.61208, 1.69322, 2.44071, 0.5, 0.026, 4, 4, 5, 0, 0, 0, 0, 0
000101, 21.831, 6.13966, -0.0581584, 2.511, 0.5, 0.026, 4, 4, 5, 0, 0, 0, 0, 0
010010, 21.4026, 7.30115, 0.254654, 2.44938, 0.5, 0.026, 4, 4, 5, 0, 0, 0, 0, 0
000110, 20.828, 5.1921, -0.457327, 2.47265, 0.5, 0.026, 4, 4, 5, 0, 0, 0, 0, 0
010100, 20.3771, 8.62466, 1.23842, 2.43177, 0.5, 0.026, 4, 4, 5, 0, 0, 0, 0, 0
010001, 21.733, 9.18994, 1.95368, 2.53113, 0.5, 0.026, 4, 4, 5, 0, 0, 0, 0, 0
000000, 21.8417, 11.4995, 3.14135, 2.3967, 0.5, 0.026, 4, 4, 5, 0, 0, 0, 0, 0
000010, 22.563, 9.90807, 2.03928, 2.32769, 0.5, 0.026, 4, 4, 5, 0, 0, 0, 0, 0
010000, 20.1549, 11.0315, 2.43077, 2.4358, 0.5, 0.026, 4, 4, 5, 0, 0, 0, 0, 0
111001, 24.4127, 3.08006, 0.451475, 2.24515, 0.5, 0.026, 4, 4, 5, 0, 0, 0, 0, 0
111010, 24.9095, 2.2118, 0.454251, 2.30075, 0.5, 0.026, 4, 4, 5, 0, 0, 0, 0, 0
111100, 25.0306, 0.941932, 0.764894, 2.27503, 0.5, 0.026, 4, 4, 5, 0, 0, 0, 0, 0
101011, 27.8485, 3.34646, 1.78384, 2.49209, 0.5, 0.026, 4, 4, 5, 0, 0, 0, 0, 0
101111, 26.6302, 0.886938, 0.56038, 2.45508, 0.5, 0.026, 4, 4, 5, 0, 0, 0, 0, 0
101110, 26.5855, 2.63299, 1.26436, 2.55534, 0.5, 0.026, 4, 4, 5, 0, 0, 0, 0, 0
000100, 24.1199, 6.36475, 0.670244, 2.40072, 0.5, 0.026, 4, 4, 5, 0, 0, 0, 0, 0
111000, 26.3129, 4.24004, 0.620114, 2.21734, 0.5, 0.026, 4, 4, 5, 0, 0, 0, 0, 0
001000, 25.0749, 5.8555, 0.641336, 2.31392, 0.5, 0.026, 4, 4, 5, 0, 0, 0, 0, 0
110101, 24.8163, 4.45433, 0.549174, 2.25801, 0.5, 0.026, 4, 4, 5, 0, 0, 0, 0, 0
101001, 27.5353, 7.2095, 2.3257, 2.4691, 0.5, 0.026, 4, 4, 5, 0, 0, 0, 0, 0
110011, 25.8323, 7.2721, 2.60847, 2.42005, 0.5, 0.026, 4, 4, 5, 0, 0, 0, 0, 0
110100, 26.7677, 5.65437, 0.381373, 2.35861, 0.5, 0.026, 4, 4, 5, 0, 0, 0, 0, 0
000001, 24.1604, 11.2011, 2.69299, 2.37802, 0.5, 0.026, 4, 4, 5, 0, 0, 0, 0, 0
101000, 25.5736, 8.56844, 2.74832, 2.368, 0.5, 0.026, 4, 4, 5, 0, 0, 0, 0, 0
110001, 24.2509, 10.0038, -0.242217, 2.45073, 0.5, 0.026, 4, 4, 5, 0, 0, 0, 0, 0
110010, 24.0286, 8.38593, 1.84506, 2.43478, 0.5, 0.026, 4, 4, 5, 0, 0, 0, 0, 0
100100, 26.5168, 9.25789, 2.7666, 2.32735, 0.5, 0.026, 4, 4, 5, 0, 0, 0, 0, 0
110000, 26.3987, 10.5009, 0.000809641, 2.40406, 0.5, 0.026, 4, 4, 5, 0, 0, 0, 0, 0
100000, 26.2774, 11.4997, 3.14136, 2.39004, 0.5, 0.026, 4, 4, 5, 0, 0, 0, 0, 0
101101, 28.3737, 1.27526, 1.09192, 2.38787, 0.5, 0.026, 4, 4, 5, 0, 0, 0, 0, 0
101100, 29.4659, 3.38223, 0.830448, 2.44357, 0.5, 0.026, 4, 4, 5, 0, 0, 0, 0, 0
100101, 28.5646, 7.55639, 2.38028, 2.30302, 0.5, 0.026, 4, 4, 5, 0, 0, 0, 0, 0
101010, 28.425, 5.57743, 0.87506, 2.41421, 0.5, 0.026, 4, 4, 5, 0, 0, 0, 0, 0
100111, 29.087, 4.64904, 1.02245, 2.40952, 0.5, 0.026, 4, 4, 5, 0, 0, 0, 0, 0
100110, 30.3415, 6.63328, 0.798938, 2.33094, 0.5, 0.026, 4, 4, 5, 0, 0, 0, 0, 0
100010, 28.1175, 9.75229, 1.59352, 2.49739, 0.5, 0.026, 4, 4, 5, 0, 0, 0, 0, 0
100011, 29.5121, 8.24095, 2.12237, 2.47679, 0.5, 0.026, 4, 4, 5, 0, 0, 0, 0, 0
100001, 28.6988, 11.4993, 3.14186, 2.45367, 0.5, 0.026, 4, 4, 5, 0, 0, 0, 0, 0

001111, 15.5242, 1.24449, 0.11131, 2.69104, 0.5, 0.026, 4, 4, 5, 0, 0, 0, 0, 0
011111, 13.9632, 1.88067, 0.552776, 2.64818, 0.5, 0.026, 4, 4, 5, 0, 0, 0, 0, 0
011110, 15.0249, 3.73028, 0.612888, 2.60712, 0.5, 0.026, 4, 4, 5, 0, 0, 0, 0, 0
011011, 15.625, 6.02854, 1.4763, 2.69345, 0.5, 0.026, 4, 4, 5, 0, 0, 0, 0, 0
011101, 14.6211, 5.99294, 1.47077, 2.6178, 0.5, 0.026, 4, 4, 5, 0, 0, 0, 0, 0
011100, 15.5681, 8.47631, 1.07506, 2.73195, 0.5, 0.026, 4, 4, 5, 0, 0, 0, 0, 0
001100, 19.834, 3.86719, 0.360096, 2.72808, 0.5, 0.026, 4, 4, 5, 0, 0, 0, 0, 0
001011, 19.2093, 2.12995, 0.865764, 2.67769, 0.5, 0.026, 4, 4, 5, 0, 0, 0, 0, 0
010111, 16.2421, 3.24008, 0.802254, 2.59465, 0.5, 0.026, 4, 4, 5, 0, 0, 0, 0, 0
111111, 17.7214, 0.50038, 0.000272887, 2.62455, 0.5, 0.026, 4, 4, 5, 0, 0, 0, 0, 0
001101, 17.2815, 2.93315, 0.846883, 2.74674, 0.5, 0.026, 4, 4, 5, 0, 0, 0, 0, 0
001110, 17.8945, 2.12714, 0.856797, 2.65981, 0.5, 0.026, 4, 4, 5, 0, 0, 0, 0, 0
010011, 18.8727, 6.34873, 0.949149, 2.69298, 0.5, 0.026, 4, 4, 5, 0, 0, 0, 0, 0
010101, 18.1618, 7.12068, 0.980816, 2.78118, 0.5, 0.026, 4, 4, 5, 0, 0, 0, 0, 0
000111, 18.4444, 4.66242, 0.117204, 2.95383, 0.5, 0.026, 4, 4, 5, 0, 0, 0, 0, 0
010110, 16.5858, 5.62708, 1.47037, 2.72676, 0.5, 0.026, 4, 4, 5, 0, 0, 0, 0, 0
011001, 17.589, 8.03289, 1.03054, 2.59709, 0.5, 0.026, 4, 4, 5, 0, 0, 0, 0, 0
010100, 19.7941, 8.86769, 1.40456, 2.76937, 0.5, 0.026, 4, 4, 5, 0, 0, 0, 0, 0
010000, 19.3593, 11.1077, 2.68357, 2.77396, 0.5, 0.026, 4, 4, 5, 0, 0, 0, 0, 0
011010, 16.6671, 8.43801, 1.02893, 2.57705, 0.5, 0.026, 4, 4, 5, 0, 0, 0, 0, 0
011000, 18.4464, 9.94714, 2.09064, 2.6055, 0.5, 0.026, 4, 4, 5, 0, 0, 0, 0, 0
111101, 23.0206, 0.752227, 0.323657, 2.58578, 0.5, 0.026, 4, 4, 5, 0, 0, 0, 0, 0
111011, 22.5699, 1.64624, 0.3334, 2.70301, 0.5, 0.026, 4, 4, 5, 0, 0, 0, 0, 0
110111, 20.7342, 1.92869, 0.520114, 2.7272, 0.5, 0.026, 4, 4, 5, 0, 0, 0, 0, 0
111110, 20.4012, 0.500154, -0.000183901, 2.7364, 0.5, 0.026, 4, 4, 5, 0, 0, 0, 0, 0
110110, 23.0269, 3.21097, 0.753049, 2.61818, 0.5, 0.026, 4, 4, 5, 0, 0, 0, 0, 0
001010, 21.4884, 3.47927, 0.467111, 2.76177, 0.5, 0.026, 4, 4, 5, 0, 0, 0, 0, 0
001001, 23.0721, 4.81227, -0.0831966, 2.53957, 0.5, 0.026, 4, 4, 5, 0, 0, 0, 0, 0
000011, 23.1009, 7.58257, 1.59329, 2.77955, 0.5, 0.026, 4, 4, 5, 0, 0, 0, 0, 0
000101, 21.6755, 6.09482, -0.259126, 2.8596, 0.5, 0.026, 4, 4, 5, 0, 0, 0, 0, 0
010010, 21.2195, 7.41998, 0.165825, 2.78942, 0.5, 0.026, 4, 4, 5, 0, 0, 0, 0, 0
000110, 20.4946, 5.35844, -0.457779, 2.81593, 0.5, 0.026, 4, 4, 5, 0, 0, 0, 0, 0
010001, 21.4916, 9.29714, 2.2539, 2.88252, 0.5, 0.026, 4, 4, 5, 0, 0, 0, 0, 0
000000, 21.6384, 11.4977, 3.13931, 2.72943, 0.5, 0.026, 4, 4, 5, 0, 0, 0, 0, 0
000010, 22.4462, 9.98517, 2.46898, 2.65084, 0.5, 0.026, 4, 4, 5, 0, 0, 0, 0, 0
111001, 24.6876, 3.03064, 0.401623, 2.55684, 0.5, 0.026, 4, 4, 5, 0, 0, 0, 0, 0
111010, 25.1127, 2.1264, 0.403041, 2.62016, 0.5, 0.026, 4, 4, 5, 0, 0, 0, 0, 0
111100, 25.292, 0.948544, 0.598866, 2.59087, 0.5, 0.026, 4, 4, 5, 0, 0, 0, 0, 0
101111, 27.279, 0.719079, 0.246004, 2.79591, 0.5, 0.026, 4, 4, 5, 0, 0, 0, 0, 0
101110, 27.0856, 2.59697, 1.38986, 2.91009, 0.5, 0.026, 4, 4, 5, 0, 0, 0, 0, 0
000100, 24.2485, 6.31368, 0.672832, 2.734, 0.5, 0.026, 4, 4, 5, 0, 0, 0, 0, 0
111000, 26.7819, 4.41605, 0.540984, 2.52517, 0.5, 0.026, 4, 4, 5, 0, 0, 0, 0, 0
001000, 25.2718, 5.86511, 0.640734, 2.63515, 0.5, 0.026, 4, 4, 5, 0, 0, 0, 0, 0
110101, 25.1865, 4.55309, 0.668248, 2.57149, 0.5, 0.026, 4, 4, 5, 0, 0, 0, 0, 0
110011, 26.4867, 7.20914, 2.77393, 2.75602, 0.5, 0.026, 4, 4, 5, 0, 0, 0, 0, 0
110100, 27.428, 5.83929, 0.255038, 2.68605, 0.5, 0.026, 4, 4, 5, 0, 0, 0, 0, 0
000001, 24.3179, 11.2467, 2.84071, 2.70816, 0.5, 0.026, 4, 4, 5, 0, 0, 0, 0, 0
101000, 25.8679, 8.51572, 2.7834, 2.69675, 0.5, 0.026, 4, 4, 5, 0, 0, 0, 0, 0
110001, 24.2947, 10.2199, -0.287795, 2.79096, 0.5, 0.026, 4, 4, 5, 0, 0, 0, 0, 0
110010, 24.0829, 8.35929, 1.59049, 2.77279, 0.5, 0.026, 4, 4, 5, 0, 0, 0, 0, 0
100100, 26.8162, 9.22591, 2.79988, 2.65046, 0.5, 0.026, 4, 4, 5, 0, 0, 0, 0, 0
110000, 26.8715, 10.5002, -0.00014421, 2.73781, 0.5, 0.026, 4, 4, 5, 0, 0, 0, 0, 0
100000, 26.8563, 11.4998, 3.14142, 2.72185, 0.5, 0.026, 4, 4, 5, 0, 0, 0, 0, 0
101011, 28.3136, 2.96324, 1.6624, 2.83806, 0.5, 0.026, 4, 4, 5, 0, 0, 0, 0, 0
101101, 29.434, 1.26877, 1.10569, 2.71937, 0.5, 0.026, 4, 4, 5, 0, 0, 0, 0, 0
101100, 30.0393, 3.435, 0.637278, 2.78281, 0.5, 0.026, 4, 4, 5, 0, 0, 0, 0, 0
101001, 28.2995, 7.34494, 2.40984, 2.81188, 0.5, 0.026, 4, 4, 5, 0, 0, 0, 0, 0
100101, 29.7972, 7.33826, 2.39214, 2.62275, 0.5, 0.026, 4, 4, 5, 0, 0, 0, 0, 0
101010, 29.0703, 5.45697, 0.75592, 2.74937, 0.5, 0.026, 4, 4, 5, 0, 0, 0, 0, 0
100111, 29.807, 4.70251, 0.818619, 2.74403, 0.5, 0.026, 4, 4, 5, 0, 0, 0, 0, 0
100110, 31.4218, 6.74938, 1.28715, 2.65454, 0.5, 0.026, 4, 4, 5, 0, 0, 0, 0, 0
100010, 28.6575, 9.58235, 1.47624, 2.8441, 0.5, 0.026, 4, 4, 5, 0, 0, 0, 0, 0
100011, 30.1714, 8.59712, 2.19666, 2.82064, 0.5, 0.026, 4, 4, 5, 0, 0, 0, 0, 0
100001, 29.6138, 11.4996, 3.14123, 2.7943, 0.5, 0.026, 4, 4, 5, 0, 0, 0, 0, 0

010111, 15.6315, 3.28548, 0.748926, 2.95486, 0.5, 0.026, 4, 4, 5, 0, 0, 0, 0, 0
001111, 14.7246, 1.06332, 0.380271, 3.06463, 0.5, 0.026, 4, 4, 5, 0, 0, 0, 0, 0
011111, 13.233, 1.52614, 0.558247, 3.01582, 0.5, 0.026, 4, 4, 5, 0, 0, 0, 0, 0
011110, 14.3071, 3.51447, 0.677955, 2.96906, 0.5, 0.026, 4, 4, 5, 0, 0, 0, 0, 0
010110, 15.8058, 5.86868, 1.56894, 3.10532, 0.5, 0.026, 4, 4, 5, 0, 0, 0, 0, 0
011011, 14.8105, 6.13045, 1.57333, 3.06738, 0.5, 0.026, 4, 4, 5, 0, 0, 0, 0, 0
011101, 13.8146, 6.03603, 1.56941, 2.98122, 0.5, 0.026, 4, 4, 5, 0, 0, 0, 0, 0
011100, 15.0529, 8.97081, 0.968957, 3.11123, 0.5, 0.026, 4, 4, 5, 0, 0, 0, 0, 0
001011, 18.7305, 2.25111, 0.825399, 3.04943, 0.5, 0.026, 4, 4, 5, 0, 0, 0, 0, 0
111111, 17.0054, 0.500638, -0.000182414, 2.98891, 0.5, 0.026, 4, 4, 5, 0, 0, 0, 0, 0
001101, 16.8365, 3.12298, 0.805553, 3.12806, 0.5, 0.026, 4, 4, 5, 0, 0, 0, 0, 0
001110, 17.3754, 2.2543, 0.816789, 3.02907, 0.5, 0.026, 4, 4, 5, 0, 0, 0, 0, 0
001100, 19.6411, 4.09302, 0.254944, 3.10682, 0.5, 0.026, 4, 4, 5, 0, 0, 0, 0, 0
010011, 18.2384, 6.63997, 0.812313, 3.06684, 0.5, 0.026, 4, 4, 5, 0, 0, 0, 0, 0
010101, 17.5011, 7.41162, 0.87437, 3.16729, 0.5, 0.026, 4, 4, 5, 0, 0, 0, 0, 0
000111, 17.9832, 4.91991, 0.0680118, 3.3639, 0.5, 0.026, 4, 4, 5, 0, 0, 0, 0, 0
011001, 17.0869, 8.42901, 0.928184, 2.95764, 0.5, 0.026, 4, 4, 5, 0, 0, 0, 0, 0
010100, 19.3034, 9.43043, 1.46392, 3.15383, 0.5, 0.026, 4, 4, 5, 0, 0, 0, 0, 0
010000, 18.5424, 11.4987, 3.14097, 3.15906, 0.5, 0.026, 4, 4, 5, 0, 0, 0, 0, 0
011010, 16.1206, 8.80313, 0.925008, 2.93482, 0.5, 0.026, 4, 4, 5, 0, 0, 0, 0, 0
011000, 17.4616, 10.4029, 2.72054, 2.96722, 0.5, 0.026, 4, 4, 5, 0, 0, 0, 0, 0
111101, 23.0875, 0.50451, -0.000849901, 2.94476, 0.5, 0.026, 4, 4, 5, 0, 0, 0, 0, 0
111011, 22.5674, 1.46961, 0.0326461, 3.07827, 0.5, 0.026, 4, 4, 5, 0, 0, 0, 0, 0
110111, 20.3405, 1.96507, 0.457802, 3.10581, 0.5, 0.026, 4, 4, 5, 0, 0, 0, 0, 0
111110, 20.0576, 0.501613, 0.00121829, 3.11629, 0.5, 0.026, 4, 4, 5, 0, 0, 0, 0, 0
110110, 23.1469, 2.94617, 0.513056, 2.98166, 0.5, 0.026, 4, 4, 5, 0, 0, 0, 0, 0
001010, 21.4387, 3.48795, 0.217983, 3.14519, 0.5, 0.026, 4, 4, 5, 0, 0, 0, 0, 0
001001, 22.9775, 4.63259, -0.220964, 2.89213, 0.5, 0.026, 4, 4, 5, 0, 0, 0, 0, 0
000011, 23.0308, 7.60335, 1.67451, 3.16543, 0.5, 0.026, 4, 4, 5, 0, 0, 0, 0, 0
000101, 21.4554, 6.20128, -0.397015, 3.25659, 0.5, 0.026, 4, 4, 5, 0, 0, 0, 0, 0
010010, 21.0631, 7.46073, -0.361188, 3.17667, 0.5, 0.026, 4, 4, 5, 0, 0, 0, 0, 0
000110, 20.1253, 5.67478, -0.404062, 3.20686, 0.5, 0.026, 4, 4, 5, 0, 0, 0, 0, 0
110010, 23.9641, 8.28042, 1.67256, 3.15775, 0.5, 0.026, 4, 4, 5, 0, 0, 0, 0, 0
010001, 21.1565, 8.99392, 2.35819, 3.2827, 0.5, 0.026, 4, 4, 5, 0, 0, 0, 0, 0
000000, 21.6757, 11.4979, 3.14007, 3.10835, 0.5, 0.026, 4, 4, 5, 0, 0, 0, 0, 0
000010, 21.9827, 10.089, 2.72254, 3.01885, 0.5, 0.026, 4, 4, 5, 0, 0, 0, 0, 0
111001, 24.9527, 2.88572, 0.632769, 2.91181, 0.5, 0.026, 4, 4, 5, 0, 0, 0, 0, 0
111010, 25.4076, 1.9873, 0.627321, 2.98391, 0.5, 0.026, 4, 4, 5, 0, 0, 0, 0, 0
111100, 25.8472, 1.07516, 0.630448, 2.95055, 0.5, 0.026, 4, 4, 5, 0, 0, 0, 0, 0
101111, 27.8482, 0.501084, -0.000485996, 3.18407, 0.5, 0.026, 4, 4, 5, 0, 0, 0, 0, 0
101110, 27.8186, 2.64037, 1.40106, 3.3141, 0.5, 0.026, 4, 4, 5, 0, 0, 0, 0, 0
000100, 24.3401, 6.16449, 0.630856, 3.11356, 0.5, 0.026, 4, 4, 5, 0, 0, 0, 0, 0
111000, 27.3245, 4.53434, 0.527952, 2.87574, 0.5, 0.026, 4, 4, 5, 0, 0, 0, 0, 0
001000, 25.4204, 5.71668, 0.631551, 3.00099, 0.5, 0.026, 4, 4, 5, 0, 0, 0, 0, 0
110101, 25.5826, 4.60826, 0.650905, 2.92848, 0.5, 0.026, 4, 4, 5, 0, 0, 0, 0, 0
110011, 26.4757, 7.33126, 2.74314, 3.13864, 0.5, 0.026, 4, 4, 5, 0, 0, 0, 0, 0
000001, 24.7166, 11.1638, 2.81451, 3.08412, 0.5, 0.026, 4, 4, 5, 0, 0, 0, 0, 0
101000, 25.8802, 8.66888, 2.82357, 3.07114, 0.5, 0.026, 4, 4, 5, 0, 0, 0, 0, 0
110001, 24.2584, 10.2708, -0.332266, 3.17842, 0.5, 0.026, 4, 4, 5, 0, 0, 0, 0, 0
100100, 27.1958, 9.28852, 2.847, 3.01842, 0.5, 0.026, 4, 4, 5, 0, 0, 0, 0, 0
110000, 27.706, 10.4992, -0.000222501, 3.1179, 0.5, 0.026, 4, 4, 5, 0, 0, 0, 0, 0
100000, 27.494, 11.4987, 3.14118, 3.09972, 0.5, 0.026, 4, 4, 5, 0, 0, 0, 0, 0
101011, 28.82, 2.59854, 1.39633, 3.23207, 0.5, 0.026, 4, 4, 5, 0, 0, 0, 0, 0
101101, 30.5048, 1.38315, 1.00135, 3.0969, 0.5, 0.026, 4, 4, 5, 0, 0, 0, 0, 0
101100, 30.5777, 3.18399, 0.777081, 3.16914, 0.5, 0.026, 4, 4, 5, 0, 0, 0, 0, 0
110100, 28.1244, 6.01901, 0.174878, 3.05895, 0.5, 0.026, 4, 4, 5, 0, 0, 0, 0, 0
101001, 28.7608, 7.44599, 2.7371, 3.20225, 0.5, 0.026, 4, 4, 5, 0, 0, 0, 0, 0
100101, 30.7011, 7.49951, 2.35912, 2.98686, 0.5, 0.026, 4, 4, 5, 0, 0, 0, 0, 0
101010, 29.8193, 5.46498, 0.809125, 3.13107, 0.5, 0.026, 4, 4, 5, 0, 0, 0, 0, 0
100111, 30.6535, 4.80096, 0.871497, 3.12498, 0.5, 0.026, 4, 4, 5, 0, 0, 0, 0, 0
100010, 29.4292, 9.46324, 1.18633, 3.23894, 0.5, 0.026, 4, 4, 5, 0, 0, 0, 0, 0
100011, 31.1809, 8.96543, 2.00977, 3.21222, 0.5, 0.026, 4, 4, 5, 0, 0, 0, 0, 0
100001, 30.6341, 11.4975, 3.13952, 3.18223, 0.5, 0.026, 4, 4, 5, 0, 0, 0, 0, 0
100110, 32.4775, 6.74826, 1.42237, 3.02307, 0.5, 0.026, 4, 4, 5, 0, 0, 0, 0, 0

010111, 14.8509, 3.51439, 0.59624, 3.36508, 0.5, 0.026, 4, 4, 5, 0, 0, 0, 0, 0
001111, 13.6803, 1.03447, 0.443456, 3.49009, 0.5, 0.026, 4, 4, 5, 0, 0, 0, 0, 0
011111, 12.2849, 1.47561, 0.418921, 3.4345, 0.5, 0.026, 4, 4, 5, 0, 0, 0, 0, 0
011110, 13.3895, 3.71924, 0.603694, 3.38125, 0.5, 0.026, 4, 4, 5, 0, 0, 0, 0, 0
010110, 14.8741, 6.19123, 1.82422, 3.53642, 0.5, 0.026, 4, 4, 5, 0, 0, 0, 0, 0
011011, 13.6478, 6.52159, 1.90841, 3.49321, 0.5, 0.026, 4, 4, 5, 0, 0, 0, 0, 0
011101, 12.8072, 5.93091, 1.89692, 3.3951, 0.5, 0.026, 4, 4, 5, 0, 0, 0, 0, 0
011010, 14.9912, 8.9538, 0.526708, 3.34226, 0.5, 0.026, 4, 4, 5, 0, 0, 0, 0, 0
011100, 13.6875, 9.23174, 0.608685, 3.54315, 0.5, 0.026, 4, 4, 5, 0, 0, 0, 0, 0
110111, 19.8468, 1.96506, 0.374724, 3.53698, 0.5, 0.026, 4, 4, 5, 0, 0, 0, 0, 0
111110, 19.5648, 0.501135, -0.000836688, 3.54892, 0.5, 0.026, 4, 4, 5, 0, 0, 0, 0, 0
001011, 18.0392, 2.27802, 0.681988, 3.47277, 0.5, 0.026, 4, 4, 5, 0, 0, 0, 0, 0
111111, 16.0894, 0.501675, 0.000300032, 3.40385, 0.5, 0.026, 4, 4, 5, 0, 0, 0, 0, 0
001101, 16.1468, 3.30727, 0.673931, 3.56233, 0.5, 0.026, 4, 4, 5, 0, 0, 0, 0, 0
001110, 16.7639, 2.52423, 0.674219, 3.44959, 0.5, 0.026, 4, 4, 5, 0, 0, 0, 0, 0
000110, 19.6465, 5.92271, -0.341214, 3.65206, 0.5, 0.026, 4, 4, 5, 0, 0, 0, 0, 0
001100, 19.6984, 4.19899, 0.179178, 3.53814, 0.5, 0.026, 4, 4, 5, 0, 0, 0, 0, 0
010011, 17.0836, 6.74205, 0.541476, 3.4926, 0.5, 0.026, 4, 4, 5, 0, 0, 0, 0, 0
010101, 16.8052, 7.72291, 0.529888, 3.607, 0.5, 0.026, 4, 4, 5, 0, 0, 0, 0, 0
000111, 17.5953, 5.1018, -0.0089453, 3.83091, 0.5, 0.026, 4, 4, 5, 0, 0, 0, 0, 0
011001, 16.3775, 8.61904, 0.537811, 3.36825, 0.5, 0.026, 4, 4, 5, 0, 0, 0, 0, 0
010100, 18.8364, 9.21295, 1.69038, 3.59168, 0.5, 0.026, 4, 4, 5, 0, 0, 0, 0, 0
010000, 17.7024, 11.4995, 3.14123, 3.59763, 0.5, 0.026, 4, 4, 5, 0, 0, 0, 0, 0
011000, 16.5543, 10.4416, 2.91775, 3.37915, 0.5, 0.026, 4, 4, 5, 0, 0, 0, 0, 0
111101, 23.0156, 0.50045, 0.000234104, 3.35358, 0.5, 0.026, 4, 4, 5, 0, 0, 0, 0, 0
111011, 22.4624, 1.46333, 0.0286517, 3.50562, 0.5, 0.026, 4, 4, 5, 0, 0, 0, 0, 0
110110, 23.1223, 2.93247, 0.414798, 3.39559, 0.5, 0.026, 4, 4, 5, 0, 0, 0, 0, 0
001010, 21.2464, 3.49432, 0.20257, 3.58183, 0.5, 0.026, 4, 4, 5, 0, 0, 0, 0, 0
001001, 22.8745, 4.68907, -0.269146, 3.29364, 0.5, 0.026, 4, 4, 5, 0, 0, 0, 0, 0
000011, 23.2222, 7.74607, 1.62571, 3.60488, 0.5, 0.026, 4, 4, 5, 0, 0, 0, 0, 0
000101, 21.2224, 6.4304, -0.447332, 3.7087, 0.5, 0.026, 4, 4, 5, 0, 0, 0, 0, 0
010010, 21.1077, 7.65963, -0.49319, 3.61768, 0.5, 0.026, 4, 4, 5, 0, 0, 0, 0, 0
010001, 20.9999, 8.87336, 2.63444, 3.73843, 0.5, 0.026, 4, 4, 5, 0, 0, 0, 0, 0
000000, 21.27, 11.4996, 3.14187, 3.53988, 0.5, 0.026, 4, 4, 5, 0, 0, 0, 0, 0
000010, 21.2289, 10.0895, 2.79813, 3.43795, 0.5, 0.026, 4, 4, 5, 0, 0, 0, 0, 0
111001, 25.2947, 2.91523, 0.563535, 3.31605, 0.5, 0.026, 4, 4, 5, 0, 0, 0, 0, 0
111010, 25.7227, 2.0105, 0.559595, 3.39816, 0.5, 0.026, 4, 4, 5, 0, 0, 0, 0, 0
111100, 26.1913, 1.12771, 0.560788, 3.36017, 0.5, 0.026, 4, 4, 5, 0, 0, 0, 0, 0
000100, 24.7927, 6.0902, 0.476002, 3.54581, 0.5, 0.026, 4, 4, 5, 0, 0, 0, 0, 0
001000, 25.8445, 5.53387, 0.439806, 3.41761, 0.5, 0.026, 4, 4, 5, 0, 0, 0, 0, 0
110101, 26.0573, 4.53741, 0.446855, 3.33504, 0.5, 0.026, 4, 4, 5, 0, 0, 0, 0, 0
110011, 26.5736, 7.44649, 2.5958, 3.57437, 0.5, 0.026, 4, 4, 5, 0, 0, 0, 0, 0
110010, 24.194, 8.23529, 1.62432, 3.59615, 0.5, 0.026, 4, 4, 5, 0, 0, 0, 0, 0
000001, 24.7954, 11.4997, 3.14143, 3.51229, 0.5, 0.026, 4, 4, 5, 0, 0, 0, 0, 0
101000, 26.185, 8.84664, 2.58371, 3.4975, 0.5, 0.026, 4, 4, 5, 0, 0, 0, 0, 0
110001, 24.1696, 10.528, -0.0199433, 3.61967, 0.5, 0.026, 4, 4, 5, 0, 0, 0, 0, 0
100100, 27.3385, 9.29679, 2.59967, 3.43746, 0.5, 0.026, 4, 4, 5, 0, 0, 0, 0, 0
101111, 28.384, 0.501433, 0.000423591, 3.62611, 0.5, 0.026, 4, 4, 5, 0, 0, 0, 0, 0
101110, 28.7145, 2.76985, 1.15646, 3.77419, 0.5, 0.026, 4, 4, 5, 0, 0, 0, 0, 0
101011, 29.7705, 2.71992, 1.14432, 3.68077, 0.5, 0.026, 4, 4, 5, 0, 0, 0, 0, 0
101101, 31.5153, 1.46235, 0.865746, 3.52684, 0.5, 0.026, 4, 4, 5, 0, 0, 0, 0, 0
101100, 31.3367, 2.79939, 0.838014, 3.6091, 0.5, 0.026, 4, 4, 5, 0, 0, 0, 0, 0
111000, 28.1603, 4.52098, 0.559111, 3.27498, 0.5, 0.026, 4, 4, 5, 0, 0, 0, 0, 0
110100, 29.0673, 6.16074, 0.332024, 3.48362, 0.5, 0.026, 4, 4, 5, 0, 0, 0, 0, 0
101001, 29.4296, 7.61035, 3.08665, 3.64681, 0.5, 0.026, 4, 4, 5, 0, 0, 0, 0, 0
101010, 30.9584, 5.86871, 0.839463, 3.56575, 0.5, 0.026, 4, 4, 5, 0, 0, 0, 0, 0
100111, 31.9927, 5.29325, 0.980234, 3.55882, 0.5, 0.026, 4, 4, 5, 0, 0, 0, 0, 0
100101, 31.8584, 8.00413, 2.55841, 3.40152, 0.5, 0.026, 4, 4, 5, 0, 0, 0, 0, 0
100000, 28.3158, 11.4982, 3.14014, 3.53005, 0.5, 0.026, 4, 4, 5, 0, 0, 0, 0, 0
110000, 28.5487, 10.4986, -0.00145333, 3.55076, 0.5, 0.026, 4, 4, 5, 0, 0, 0, 0, 0
100010, 30.3377, 9.5572, 0.777977, 3.6886, 0.5, 0.026, 4, 4, 5, 0, 0, 0, 0, 0
100001, 31.8923, 11.4997, 3.14152, 3.62402, 0.5, 0.026, 4, 4, 5, 0, 0, 0, 0, 0
100110, 33.8087, 6.39914, 1.17048, 3.44276, 0.5, 0.026, 4, 4, 5, 0, 0, 0, 0, 0
100011, 32.8897, 9.31179, 2.03504, 3.65817, 0.5, 0.026, 4, 4, 5, 0, 0, 0, 0, 0

011111, 11.2854, 1.56072, 0.431547, 3.9113, 0.5, 0.026, 4, 4, 5, 0, 0, 0, 0, 0
011101, 11.8263, 6.01513, 2.03547, 3.86643, 0.5, 0.026, 4, 4, 5, 0, 0, 0, 0, 0
0111001, 11.5949, 9.00261, 0.573727, 1.97383, 0.5, 0.026, 4, 4, 5, 0, 0, 0, 0, 0
0011011, 15.0083, 2.95891, 0.600635, 2.06316, 0.5, 0.026, 4, 4, 5, 0, 0, 0, 0, 0
111111, 15.0837, 0.500322, -0.000110087, 3.87641, 0.5, 0.026, 4, 4, 5, 0, 0, 0, 0, 0
010111, 14.4601, 3.7051, 0.617454, 3.83225, 0.5, 0.026, 4, 4, 5, 0, 0, 0, 0, 0
001111, 12.7081, 1.15435, 0.455496, 3.97462, 0.5, 0.026, 4, 4, 5, 0, 0, 0, 0, 0
011110, 12.5159, 3.53339, 0.627268, 3.85067, 0.5, 0.026, 4, 4, 5, 0, 0, 0, 0, 0
0101101, 14.2926, 5.49733, 1.90285, 1.97098, 0.5, 0.026, 4, 4, 5, 0, 0, 0, 0, 0
0101011, 15.4175, 7.27086, 0.342944, 2.08178, 0.5, 0.026, 4, 4, 5, 0, 0, 0, 0, 0
0101100, 13.7267, 7.42857, 1.87376, 2.0564, 0.5, 0.026, 4, 4, 5, 0, 0, 0, 0, 0
011011, 12.627, 6.62659, 2.04225, 3.97817, 0.5, 0.026, 4, 4, 5, 0, 0, 0, 0, 0
0100000, 15.7207, 11.4776, 3.10113, 2.09141, 0.5, 0.026, 4, 4, 5, 0, 0, 0, 0, 0
011001, 15.9141, 8.71798, 0.481988, 3.83586, 0.5, 0.026, 4, 4, 5, 0, 0, 0, 0, 0
011010, 14.0453, 9.06767, 0.355494, 3.80626, 0.5, 0.026, 4, 4, 5, 0, 0, 0, 0, 0
0111000, 13.445, 9.77972, 0.380135, 2.06121, 0.5, 0.026, 4, 4, 5, 0, 0, 0, 0, 0
1101111, 18.4961, 1.68448, 0.322231, 2.00119, 0.5, 0.026, 4, 4, 5, 0, 0, 0, 0, 0
1111101, 18.0364, 0.517878, 0.00667794, 2.03111, 0.5, 0.026, 4, 4, 5, 0, 0, 0, 0, 0
001011, 17.5119, 2.401, 0.656313, 3.95489, 0.5, 0.026, 4, 4, 5, 0, 0, 0, 0, 0
001110, 16.2561, 2.68931, 0.649044, 3.92849, 0.5, 0.026, 4, 4, 5, 0, 0, 0, 0, 0
0011001, 18.431, 4.35559, -0.158721, 2.01411, 0.5, 0.026, 4, 4, 5, 0, 0, 0, 0, 0
0101001, 18.729, 7.95714, 1.71053, 2.00233, 0.5, 0.026, 4, 4, 5, 0, 0, 0, 0, 0
0011010, 16.6149, 4.16565, 0.879356, 1.99373, 0.5, 0.026, 4, 4, 5, 0, 0, 0, 0, 0
0001101, 18.0221, 6.45373, -0.0653425, 2.04985, 0.5, 0.026, 4, 4, 5, 0, 0, 0, 0, 0
0001111, 16.5145, 5.52163, 0.0675293, 2.21637, 0.5, 0.026, 4, 4, 5, 0, 0, 0, 0, 0
010011, 16.4624, 6.79319, 0.472177, 3.97747, 0.5, 0.026, 4, 4, 5, 0, 0, 0, 0, 0
0001110, 18.6778, 5.34223, -0.181465, 2.14637, 0.5, 0.026, 4, 4, 5, 0, 0, 0, 0, 0
0000000, 19.7661, 11.5, 3.14165, 1.99594, 0.5, 0.026, 4, 4, 5, 0, 0, 0, 0, 0
0100001, 17.767, 11.4715, 3.19712, 2.00568, 0.5, 0.026, 4, 4, 5, 0, 0, 0, 0, 0
0101010, 17.16, 8.29606, 0.377523, 2.02597, 0.5, 0.026, 4, 4, 5, 0, 0, 0, 0, 0
0101000, 18.5484, 9.99217, 1.59638, 2.08797, 0.5, 0.026, 4, 4, 5, 0, 0, 0, 0, 0
011000, 16.1209, 10.4896, 3.05019, 3.84828, 0.5, 0.026, 4, 4, 5, 0, 0, 0, 0, 0
1101110, 20.4006, 2.33794, 0.350037, 2.02682, 0.5, 0.026, 4, 4, 5, 0, 0, 0, 0, 0
1111100, 20.056, 0.506774, -0.0127985, 2.0105, 0.5, 0.026, 4, 4, 5, 0, 0, 0, 0, 0
0010101, 20.1675, 3.31452, 0.346108, 2.06354, 0.5, 0.026, 4, 4, 5, 0, 0, 0, 0, 0
111101, 22.9698, 0.501497, -0.00106121, 3.81915, 0.5, 0.026, 4, 4, 5, 0, 0, 0, 0, 0
111011, 22.3725, 1.47411, 0.0172461, 3.9923, 0.5, 0.026, 4, 4, 5, 0, 0, 0, 0, 0
110110, 23.2331, 2.94244, 0.339232, 3.867, 0.5, 0.026, 4, 4, 5, 0, 0, 0, 0, 0
0010100, 22.1678, 3.64198, 0.108998, 2.01555, 0.5, 0.026, 4, 4, 5, 0, 0, 0, 0, 0
0011000, 20.4159, 4.49406, -0.000197356, 2.01522, 0.5, 0.026, 4, 4, 5, 0, 0, 0, 0, 0
0000111, 23.4416, 6.88792, 1.5908, 2.08797, 0.5, 0.026, 4, 4, 5, 0, 0, 0, 0, 0
0001100, 20.0654, 6.09515, -0.188039, 2.10922, 0.5, 0.026, 4, 4, 5, 0, 0, 0, 0, 0
0001011, 20.2893, 7.16659, -0.367587, 2.06394, 0.5, 0.026, 4, 4, 5, 0, 0, 0, 0, 0
001001, 22.6485, 4.8061, -0.425986, 3.75089, 0.5, 0.026, 4, 4, 5, 0, 0, 0, 0, 0
0001010, 22.108, 6.1125, -0.541427, 2.15962, 0.5, 0.026, 4, 4, 5, 0, 0, 0, 0, 0
0100100, 21.9923, 7.35022, -0.550031, 2.04546, 0.5, 0.026, 4, 4, 5, 0, 0, 0, 0, 0
0000001, 21.7799, 11.4844, 3.17171, 2.03538, 0.5, 0.026, 4, 4, 5, 0, 0, 0, 0, 0
0000110, 23.2926, 8.9331, 1.61523, 2.01737, 0.5, 0.026, 4, 4, 5, 0, 0, 0, 0, 0
0100101, 20.1603, 8.29766, -0.385088, 2.07446, 0.5, 0.026, 4, 4, 5, 0, 0, 0, 0, 0
1100011, 22.7426, 10.4832, -0.0287602, 2.0114, 0.5, 0.026, 4, 4, 5, 0, 0, 0, 0, 0
0100011, 21.8019, 8.61395, 2.67466, 2.15651, 0.5, 0.026, 4, 4, 5, 0, 0, 0, 0, 0
0100010, 20.1064, 9.57069, 3.28095, 2.10092, 0.5, 0.026, 4, 4, 5, 0, 0, 0, 0, 0
000010, 20.9036, 9.99831, 2.79005, 3.91524, 0.5, 0.026, 4, 4, 5, 0, 0, 0, 0, 0
111001, 25.7592, 2.81304, 0.380612, 3.77641, 0.5, 0.026, 4, 4, 5, 0, 0, 0, 0, 0
111010, 26.2001, 1.8901, 0.366089, 3.86992, 0.5, 0.026, 4, 4, 5, 0, 0, 0, 0, 0
111100, 26.6973, 1.00835, 0.367386, 3.82666, 0.5, 0.026, 4, 4, 5, 0, 0, 0, 0, 0
0001001, 24.3423, 5.51873, 0.364119, 1.99298, 0.5, 0.026, 4, 4, 5, 0, 0, 0, 0, 0
1100111, 27.4991, 7.14318, 2.62154, 2.03671, 0.5, 0.026, 4, 4, 5, 0, 0, 0, 0, 0
1100101, 24.4319, 7.12985, 1.57513, 2.01211, 0.5, 0.026, 4, 4, 5, 0, 0, 0, 0, 0
0001000, 26.2161, 6.26796, 0.344077, 2.04509, 0.5, 0.026, 4, 4, 5, 0, 0, 0, 0, 0
001000, 26.1525, 5.18682, 0.431821, 3.89207, 0.5, 0.026, 4, 4, 5, 0, 0, 0, 0, 0
110101, 26.788, 4.36634, 0.423675, 3.79804, 0.5, 0.026, 4, 4, 5, 0, 0, 0, 0, 0
1000000, 27.8038, 11.4997, 3.14208, 2.01802, 0.5, 0.026, 4, 4, 5, 0, 0, 0, 0, 0
1100110, 25.7238, 8.13619, 2.60495, 2.03389, 0.5, 0.026, 4, 4, 5, 0, 0, 0, 0, 0
1100010, 24.7736, 10.7029, -0.0130305, 2.11079, 0.5, 0.026, 4, 4, 5, 0, 0, 0, 0, 0
1100100, 24.276, 9.16903, 1.6269, 2.08329, 0.5, 0.026, 4, 4, 5, 0, 0, 0, 0, 0
000001, 24.7961, 11.484, 3.13992, 3.99989, 0.5, 0.026, 4, 4, 5, 0, 0, 0, 0, 0
101000, 26.5943, 8.72561, 2.67238, 3.98305, 0.5, 0.026, 4, 4, 5, 0, 0, 0, 0, 0
100100, 27.4127, 9.4207, 2.68115, 3.91468, 0.5, 0.026, 4, 4, 5, 0, 0, 0, 0, 0
1011001, 31.3747, 1.89773, 0.963371, 2.08422, 0.5, 0.026, 4, 4, 5, 0, 0, 0, 0, 0
1011111, 28.1799, 0.512279, -0.0221092, 2.09543, 0.5, 0.026, 4, 4, 5, 0, 0, 0, 0, 0
1010111, 29.9418, 2.03851, 1.79892, 2.10569, 0.5, 0.026, 4, 4, 5, 0, 0, 0, 0, 0
1011101, 28.928, 2.02898, 1.7828, 2.19441, 0.5, 0.026, 4, 4, 5, 0, 0, 0, 0, 0
1011110, 30.2445, 0.500013, -5.99388e-07, 2.03409, 0.5, 0.026, 4, 4, 5, 0, 0, 0, 0, 0
1011100, 29.583, 3.95104, 1.11408, 2.10375, 0.5, 0.026, 4, 4, 5, 0, 0, 0, 0, 0
1010110, 30.8401, 3.62337, 1.23726, 2.08607, 0.5, 0.026, 4, 4, 5, 0, 0, 0, 0, 0
1010101, 30.9427, 5.4302, 0.863713, 1.99116, 0.5, 0.026, 4, 4, 5, 0, 0, 0, 0, 0
111000, 28.8719, 4.35186, 0.920277, 3.72963, 0.5, 0.026, 4, 4, 5, 0, 0, 0, 0, 0
110100, 29.8199, 6.55975, 0.375809, 3.96725, 0.5, 0.026, 4, 4, 5, 0, 0, 0, 0, 0
1010010, 29.2859, 7.56041, 3.28042, 2.08496, 0.5, 0.026, 4, 4, 5, 0, 0, 0, 0, 0
1000001, 29.8126, 11.4914, 3.15866, 2.0021, 0.5, 0.026, 4, 4, 5, 0, 0, 0, 0, 0
1100001, 28.0177, 10.4999, -0.00102976, 2.06791, 0.5, 0.026, 4, 4, 5, 0, 0, 0, 0, 0
1010011, 31.2355, 8.10357, 3.12403, 2.06813, 0.5, 0.026, 4, 4, 5, 0, 0, 0, 0, 0
1000010, 31.8512, 11.4998, 3.14145, 2.07683, 0.5, 0.026, 4, 4, 5, 0, 0, 0, 0, 0
1000101, 30.0518, 9.05068, 0.886657, 2.09003, 0.5, 0.026, 4, 4, 5, 0, 0, 0, 0, 0
1100000, 30.0389, 10.4962, 0.0141275, 1.97579, 0.5, 0.026, 4, 4, 5, 0, 0, 0, 0, 0
1000100, 31.7699, 10.1904, 0.591473, 2.11065, 0.5, 0.026, 4, 4, 5, 0, 0, 0, 0, 0
1011011, 32.1233, 0.926251, 0.864079, 1.97674, 0.5, 0.026, 4, 4, 5, 0, 0, 0, 0, 0
1011000, 32.8432, 3.29168, 0.881617, 2.02593, 0.5, 0.026, 4, 4, 5, 0, 0, 0, 0, 0
1011010, 33.4379, 2.44401, 0.877943, 2.03973, 0.5, 0.026, 4, 4, 5, 0, 0, 0, 0, 0
1001111, 32.1789, 4.26048, 1.12905, 2.05501, 0.5, 0.026, 4, 4, 5, 0, 0, 0, 0, 0
1010100, 32.3599, 6.88037, 0.81017, 2.06961, 0.5, 0.026, 4, 4, 5, 0, 0, 0, 0, 0
1001110, 33.1219, 6.05308, 1.05802, 1.99787, 0.5, 0.026, 4, 4, 5, 0, 0, 0, 0, 0
100110, 34.4177, 5.89889, 0.918834, 3.92071, 0.5, 0.026, 4, 4, 5, 0, 0, 0, 0, 0
1000011, 33.9142, 11.491, 3.1244, 2.05031, 0.5, 0.026, 4, 4, 5, 0, 0, 0, 0, 0
1000111, 34.5425, 8.35315, 2.48566, 2.12851, 0.5, 0.026, 4, 4, 5, 0, 0, 0, 0, 0
100101, 33.121, 8.23758, 2.45701, 3.87375, 0.5, 0.026, 4, 4, 5, 0, 0, 0, 0, 0
1000110, 33.3772, 10.0152, 1.85743, 2.03752, 0.5, 0.026, 4, 4, 5, 0, 0, 0, 0, 0

0111101, 10.8894, 3.06393, 0.587046, 2.17049, 0.5, 0.026, 4, 4, 5, 0, 0, 0, 0, 0
0111110, 11.1191, 2.03487, 0.561997, 2.25554, 0.5, 0.026, 4, 4, 5, 0, 0, 0, 0, 0
0111111, 9.22983, 0.927732, 0.794329, 2.19876, 0.5, 0.026, 4, 4, 5, 0, 0, 0, 0, 0
0011111, 10.7875, 0.7093, 0.3486, 2.22468, 0.5, 0.026, 4, 4, 5, 0, 0, 0, 0, 0
0111011, 11.4551, 5.04236, 1.86075, 2.18799, 0.5, 0.026, 4, 4, 5, 0, 0, 0, 0, 0
0110110, 11.2318, 7.61866, 2.69144, 2.21824, 0.5, 0.026, 4, 4, 5, 0, 0, 0, 0, 0
0111010, 10.5111, 6.85381, 2.68298, 2.21522, 0.5, 0.026, 4, 4, 5, 0, 0, 0, 0, 0
0110101, 11.9074, 8.9739, 0.711071, 2.12224, 0.5, 0.026, 4, 4, 5, 0, 0, 0, 0, 0
0111001, 10.8173, 9.36052, 0.822299, 2.24786, 0.5, 0.026, 4, 4, 5, 0, 0, 0, 0, 0
0101111, 13.078, 3.07101, 0.683082, 2.23404, 0.5, 0.026, 4, 4, 5, 0, 0, 0, 0, 0
1111111, 12.8932, 0.500485, -0.00034257, 2.24472, 0.5, 0.026, 4, 4, 5, 0, 0, 0, 0, 0
0011101, 14.8917, 2.03318, 0.778126, 2.20789, 0.5, 0.026, 4, 4, 5, 0, 0, 0, 0, 0
0011011, 14.3503, 2.88247, 0.756928, 2.34958, 0.5, 0.026, 4, 4, 5, 0, 0, 0, 0, 0
1111110, 15.0996, 0.503695, -0.00521148, 2.16985, 0.5, 0.026, 4, 4, 5, 0, 0, 0, 0, 0
0011110, 12.8174, 1.50638, -0.0102341, 2.30173, 0.5, 0.026, 4, 4, 5, 0, 0, 0, 0, 0
0001111, 15.6893, 5.48988, -0.0488544, 2.52407, 0.5, 0.026, 4, 4, 5, 0, 0, 0, 0, 0
0101110, 14.7612, 4.35976, 0.266508, 2.13024, 0.5, 0.026, 4, 4, 5, 0, 0, 0, 0, 0
0111100, 12.7852, 4.12344, 0.67353, 2.21476, 0.5, 0.026, 4, 4, 5, 0, 0, 0, 0, 0
0100111, 14.861, 6.53092, 0.198775, 2.23006, 0.5, 0.026, 4, 4, 5, 0, 0, 0, 0, 0
0110111, 12.2513, 5.76756, 1.90543, 2.31221, 0.5, 0.026, 4, 4, 5, 0, 0, 0, 0, 0
0101101, 13.5863, 5.65822, 2.27661, 2.24461, 0.5, 0.026, 4, 4, 5, 0, 0, 0, 0, 0
0101011, 14.4497, 7.45553, 0.217631, 2.37079, 0.5, 0.026, 4, 4, 5, 0, 0, 0, 0, 0
0101100, 12.7731, 7.71934, 1.58951, 2.34189, 0.5, 0.026, 4, 4, 5, 0, 0, 0, 0, 0
0110011, 14.3218, 8.44023, 0.234474, 2.15229, 0.5, 0.026, 4, 4, 5, 0, 0, 0, 0, 0
0110000, 14.4468, 10.5116, 3.17972, 2.22639, 0.5, 0.026, 4, 4, 5, 0, 0, 0, 0, 0
0100000, 14.7796, 11.4981, 3.14138, 2.38176, 0.5, 0.026, 4, 4, 5, 0, 0, 0, 0, 0
0110100, 13.9283, 9.36932, 0.241284, 2.21243, 0.5, 0.026, 4, 4, 5, 0, 0, 0, 0, 0
0111000, 12.2634, 10.4621, -0.4143, 2.34736, 0.5, 0.026, 4, 4, 5, 0, 0, 0, 0, 0
0010101, 19.9929, 3.4767, -0.146311, 2.35002, 0.5, 0.026, 4, 4, 5, 0, 0, 0, 0, 0
1101110, 19.711, 2.48572, -0.110393, 2.30821, 0.5, 0.026, 4, 4, 5, 0, 0, 0, 0, 0
0011010, 16.1298, 3.86261, 1.20855, 2.27051, 0.5, 0.026, 4, 4, 5, 0, 0, 0, 0, 0
1111100, 19.6403, 0.500798, -0.000912786, 2.28962, 0.5, 0.026, 4, 4, 5, 0, 0, 0, 0, 0
0010111, 16.3918, 1.49746, 0.00239229, 2.2465, 0.5, 0.026, 4, 4, 5, 0, 0, 0, 0, 0
1101111, 18.9228, 1.50068, -0.00543775, 2.27901, 0.5, 0.026, 4, 4, 5, 0, 0, 0, 0, 0
1111101, 17.34, 0.500313, 0.000150957, 2.31308, 0.5, 0.026, 4, 4, 5, 0, 0, 0, 0, 0
0010110, 18.0041, 2.78847, 0.962283, 2.25744, 0.5, 0.026, 4, 4, 5, 0, 0, 0, 0, 0
0011100, 16.9474, 3.02408, 0.97278, 2.26599, 0.5, 0.026, 4, 4, 5, 0, 0, 0, 0, 0
0001100, 19.5499, 5.98066, -0.550573, 2.40204, 0.5, 0.026, 4, 4, 5, 0, 0, 0, 0, 0
0011001, 17.9783, 4.41734, -0.227373, 2.29373, 0.5, 0.026, 4, 4, 5, 0, 0, 0, 0, 0
0101001, 18.3447, 7.86511, 1.85722, 2.28032, 0.5, 0.026, 4, 4, 5, 0, 0, 0, 0, 0
0001101, 17.1066, 6.52471, 0.108896, 2.33443, 0.5, 0.026, 4, 4, 5, 0, 0, 0, 0, 0
0100110, 16.7484, 7.48804, 0.10227, 2.2996, 0.5, 0.026, 4, 4, 5, 0, 0, 0, 0, 0
0001110, 18.1478, 5.39778, -0.221862, 2.44435, 0.5, 0.026, 4, 4, 5, 0, 0, 0, 0, 0
0100101, 19.7749, 8.17519, -0.540787, 2.36245, 0.5, 0.026, 4, 4, 5, 0, 0, 0, 0, 0
0110010, 16.1129, 9.42368, 0.0806225, 2.21609, 0.5, 0.026, 4, 4, 5, 0, 0, 0, 0, 0
0110001, 16.6311, 10.469, 3.19584, 2.15613, 0.5, 0.026, 4, 4, 5, 0, 0, 0, 0, 0
0100010, 19.6499, 9.5177, 3.12724, 2.39259, 0.5, 0.026, 4, 4, 5, 0, 0, 0, 0, 0
0000000, 19.3903, 11.4989, 3.14134, 2.27303, 0.5, 0.026, 4, 4, 5, 0, 0, 0, 0, 0
0100001, 17.1122, 11.4997, 3.14121, 2.28412, 0.5, 0.026, 4, 4, 5, 0, 0, 0, 0, 0
0101010, 16.5161, 8.46785, 0.10307, 2.30723, 0.5, 0.026, 4, 4, 5, 0, 0, 0, 0, 0
0101000, 18.055, 9.96865, 1.05139, 2.37784, 0.5, 0.026, 4, 4, 5, 0, 0, 0, 0, 0
1101100, 23.985, 2.97077, 0.682654, 2.22425, 0.5, 0.026, 4, 4, 5, 0, 0, 0, 0, 0
1111011, 21.8708, 0.500753, 0.00102388, 2.17325, 0.5, 0.026, 4, 4, 5, 0, 0, 0, 0, 0
1101101, 21.9601, 2.54373, -0.26146, 2.1796, 0.5, 0.026, 4, 4, 5, 0, 0, 0, 0, 0
1110111, 21.2137, 1.49654, 0.0830119, 2.21817, 0.5, 0.026, 4, 4, 5, 0, 0, 0, 0, 0
1110110, 23.4657, 1.55899, 0.189743, 2.32837, 0.5, 0.026, 4, 4, 5, 0, 0, 0, 0, 0
0010100, 22.2308, 3.51636, -0.279872, 2.29537, 0.5, 0.026, 4, 4, 5, 0, 0, 0, 0, 0
0010011, 21.5084, 5.13397, -0.892568, 2.15211, 0.5, 0.026, 4, 4, 5, 0, 0, 0, 0, 0
0011000, 20.2105, 4.45153, -0.143211, 2.29499, 0.5, 0.026, 4, 4, 5, 0, 0, 0, 0, 0
0000111, 23.4954, 6.78054, 1.21395, 2.37784, 0.5, 0.026, 4, 4, 5, 0, 0, 0, 0, 0
0001011, 20.0971, 6.81502, -0.549402, 2.35048, 0.5, 0.026, 4, 4, 5, 0, 0, 0, 0, 0
0010010, 23.3659, 4.27417, -0.138367, 2.11951, 0.5, 0.026, 4, 4, 5, 0, 0, 0, 0, 0
0001010, 22.1506, 5.88435, -0.855029, 2.45944, 0.5, 0.026, 4, 4, 5, 0, 0, 0, 0, 0
0100100, 21.9623, 7.3982, -0.176404, 2.32943, 0.5, 0.026, 4, 4, 5, 0, 0, 0, 0, 0
0000100, 20.0233, 10.5008, 3.15975, 2.25976, 0.5, 0.026, 4, 4, 5, 0, 0, 0, 0, 0
0000101, 21.9317, 9.44514, 2.94478, 2.19903, 0.5, 0.026, 4, 4, 5, 0, 0, 0, 0, 0
0000001, 21.6847, 11.4984, 3.14134, 2.31794, 0.5, 0.026, 4, 4, 5, 0, 0, 0, 0, 0
0000110, 23.4588, 8.95899, 1.33604, 2.29744, 0.5, 0.026, 4, 4, 5, 0, 0, 0, 0, 0
1100011, 22.3795, 10.4504, -0.0791797, 2.29064, 0.5, 0.026, 4, 4, 5, 0, 0, 0, 0, 0
0100011, 21.5996, 8.51034, 2.92074, 2.45589, 0.5, 0.026, 4, 4, 5, 0, 0, 0, 0, 0
1111010, 24.0453, 0.500039, 5.77601e-05, 2.17611, 0.5, 0.026, 4, 4, 5, 0, 0, 0, 0, 0
1101011, 25.9265, 3.83413, 0.62692, 2.17652, 0.5, 0.026, 4, 4, 5, 0, 0, 0, 0, 0
1110011, 25.4839, 2.48908, 0.095298, 2.15786, 0.5, 0.026, 4, 4, 5, 0, 0, 0, 0, 0
1111001, 26.2272, 0.500202, -0.000355076, 2.17088, 0.5, 0.026, 4, 4, 5, 0, 0, 0, 0, 0
1110101, 25.6806, 1.50677, 0.0978642, 2.19073, 0.5, 0.026, 4, 4, 5, 0, 0, 0, 0, 0
1110010, 27.2668, 3.5416, 0.582768, 2.14283, 0.5, 0.026, 4, 4, 5, 0, 0, 0, 0, 0
1110100, 27.5711, 2.47466, 0.401549, 2.21644, 0.5, 0.026, 4, 4, 5, 0, 0, 0, 0, 0
1111000, 27.9387, 1.54634, 0.401909, 2.18702, 0.5, 0.026, 4, 4, 5, 0, 0, 0, 0, 0
0010001, 25.3829, 4.67217, 0.627456, 2.16588, 0.5, 0.026, 4, 4, 5, 0, 0, 0, 0, 0
0001001, 24.3041, 5.4018, 0.263027, 2.26966, 0.5, 0.026, 4, 4, 5, 0, 0, 0, 0, 0
1100111, 27.9644, 7.16438, 2.42553, 2.31946, 0.5, 0.026, 4, 4, 5, 0, 0, 0, 0, 0
1100101, 24.7627, 7.03565, 1.05788, 2.29144, 0.5, 0.026, 4, 4, 5, 0, 0, 0, 0, 0
0001000, 26.1872, 6.55957, 0.261236, 2.329, 0.5, 0.026, 4, 4, 5, 0, 0, 0, 0, 0
0010000, 27.236, 5.79877, 0.221528, 2.26652, 0.5, 0.026, 4, 4, 5, 0, 0, 0, 0, 0
1101010, 27.7716, 4.87858, 0.189012, 2.14879, 0.5, 0.026, 4, 4, 5, 0, 0, 0, 0, 0
0000010, 24.0092, 11.4976, 3.14243, 2.33329, 0.5, 0.026, 4, 4, 5, 0, 0, 0, 0, 0
0000011, 26.2841, 11.4521, 3.06521, 2.2219, 0.5, 0.026, 4, 4, 5, 0, 0, 0, 0, 0
1100110, 25.9879, 8.11678, 2.39365, 2.31625, 0.5, 0.026, 4, 4, 5, 0, 0, 0, 0, 0
1100010, 24.7184, 10.518, 0.0237707, 2.40382, 0.5, 0.026, 4, 4, 5, 0, 0, 0, 0, 0
1100100, 24.558, 8.88102, 1.20675, 2.37251, 0.5, 0.026, 4, 4, 5, 0, 0, 0, 0, 0
1010000, 26.312, 9.17677, 2.39299, 2.31449, 0.5, 0.026, 4, 4, 5, 0, 0, 0, 0, 0
1001000, 26.888, 10.0027, 2.38932, 2.27854, 0.5, 0.026, 4, 4, 5, 0, 0, 0, 0, 0
1011111, 28.7241, 0.501093, -0.0012627, 2.38633, 0.5, 0.026, 4, 4, 5, 0, 0, 0, 0, 0
1010111, 30.7639, 2.04714, 2.24036, 2.39802, 0.5, 0.026, 4, 4, 5, 0, 0, 0, 0, 0
1011101, 29.5221, 2.0026, 2.12603, 2.49905, 0.5, 0.026, 4, 4, 5, 0, 0, 0, 0, 0
1011110, 31.075, 0.500353, 0.000115562, 2.31648, 0.5, 0.026, 4, 4, 5, 0, 0, 0, 0, 0
1011100, 30.1556, 3.98775, 0.964939, 2.39581, 0.5, 0.026, 4, 4, 5, 0, 0, 0, 0, 0
1010110, 31.7256, 3.29651, 1.35884, 2.37568, 0.5, 0.026, 4, 4, 5, 0, 0, 0, 0, 0
1110001, 28.9688, 4.05473, 1.07682, 2.17059, 0.5, 0.026, 4, 4, 5, 0, 0, 0, 0, 0
1101001, 29.4286, 6.16391, 0.569983, 2.28165, 0.5, 0.026, 4, 4, 5, 0, 0, 0, 0, 0
1010101, 31.769, 5.46596, 1.12352, 2.26759, 0.5, 0.026, 4, 4, 5, 0, 0, 0, 0, 0
1110000, 30.3611, 5.58814, 0.479914, 2.07683, 0.5, 0.026, 4, 4, 5, 0, 0, 0, 0, 0
1101000, 31.5199, 6.95286, 0.194074, 2.23636, 0.5, 0.026, 4, 4, 5, 0, 0, 0, 0, 0
1010010, 30.2555, 7.64644, 3.44506, 2.37441, 0.5, 0.026, 4, 4, 5, 0, 0, 0, 0, 0
1010001, 28.2346, 8.24702, 2.38575, 2.22153, 0.5, 0.026, 4, 4, 5, 0, 0, 0, 0, 0
1000000, 28.5366, 11.4987, 3.14285, 2.29818, 0.5, 0.026, 4, 4, 5, 0, 0, 0, 0, 0
1001001, 28.7879, 9.09479, 2.37988, 2.1796, 0.5, 0.026, 4, 4, 5, 0, 0, 0, 0, 0
1000001, 30.6296, 11.2432, 3.55337, 2.28005, 0.5, 0.026, 4, 4, 5, 0, 0, 0, 0, 0
1100001, 28.4935, 10.5006, -0.00200801, 2.355, 0.5, 0.026, 4, 4, 5, 0, 0, 0, 0, 0
1000101, 30.8034, 9.03972, 0.546828, 2.38018, 0.5, 0.026, 4, 4, 5, 0, 0, 0, 0, 0
1100000, 30.3817, 10.0148, 0.456354, 2.25009, 0.5, 0.026, 4, 4, 5, 0, 0, 0, 0, 0
1011001, 32.4326, 2.048, 1.21477, 2.37357, 0.5, 0.026, 4, 4, 5, 0, 0, 0, 0, 0
1011011, 33.1423, 0.973037, 0.856582, 2.25117, 0.5, 0.026, 4, 4, 5, 0, 0, 0, 0, 0
1011000, 33.8435, 3.06214, 1.25346, 2.30719, 0.5, 0.026, 4, 4, 5, 0, 0, 0, 0, 0
1011010, 34.6897, 2.44124, 1.25052, 2.3229, 0.5, 0.026, 4, 4, 5, 0, 0, 0, 0, 0
1001011, 34.9052, 7.70464, 1.98194, 2.23224, 0.5, 0.026, 4, 4, 5, 0, 0, 0, 0, 0
1001101, 34.3728, 5.08464, 0.753615, 2.19305, 0.5, 0.026, 4, 4, 5, 0, 0, 0, 0, 0
1001111, 32.8171, 4.29919, 1.82326, 2.34031, 0.5, 0.026, 4, 4, 5, 0, 0, 0, 0, 0
1010100, 33.4509, 6.92289, 0.720083, 2.35693, 0.5, 0.026, 4, 4, 5, 0, 0, 0, 0, 0
1001110, 33.9039, 5.99924, 0.73545, 2.27523, 0.5, 0.026, 4, 4, 5, 0, 0, 0, 0, 0
1010011, 32.3193, 8.10593, 2.64023, 2.35525, 0.5, 0.026, 4, 4, 5, 0, 0, 0, 0, 0
1000100, 32.6301, 10.3673, 0.190414, 2.40367, 0.5, 0.026, 4, 4, 5, 0, 0, 0, 0, 0
1000010, 32.8977, 11.4999, 3.14175, 2.36515, 0.5, 0.026, 4, 4, 5, 0, 0, 0, 0, 0
1000011, 35.2465, 11.4709, 3.0985, 2.33495, 0.5, 0.026, 4, 4, 5, 0, 0, 0, 0, 0
1000111, 35.569, 8.56284, 2.04951, 2.42401, 0.5, 0.026, 4, 4, 5, 0, 0, 0, 0, 0
1001010, 32.934, 8.96472, 2.55539, 2.1793, 0.5, 0.026, 4, 4, 5, 0, 0, 0, 0, 0
1000110, 34.2819, 9.87475, 1.50857, 2.32038, 0.5, 0.026, 4, 4, 5, 0, 0, 0, 0, 0
1001100, 36.0137, 6.5774, 0.895105, 2.27197, 0.5, 0.026, 4, 4, 5, 0, 0, 0, 0, 0

0111111, 7.75088, 1.58839, 1.11498, 2.50401, 0.5, 0.026, 4, 4, 5, 0, 0, 0, 0, 0
1111111, 11.6419, 0.502209, -0.0025653, 2.55635, 0.5, 0.026, 4, 4, 5, 0, 0, 0, 0, 0
0101111, 11.6229, 2.9226, 0.572297, 2.54419, 0.5, 0.026, 4, 4, 5, 0, 0, 0, 0, 0
0111100, 11.2852, 3.89106, 0.575751, 2.52223, 0.5, 0.026, 4, 4, 5, 0, 0, 0, 0, 0
0011110, 10.9469, 1.48102, 0.0235281, 2.62128, 0.5, 0.026, 4, 4, 5, 0, 0, 0, 0, 0
0111101, 9.31921, 3.47699, 0.839822, 2.47181, 0.5, 0.026, 4, 4, 5, 0, 0, 0, 0, 0
0111110, 9.43299, 2.17116, 0.784842, 2.56868, 0.5, 0.026, 4, 4, 5, 0, 0, 0, 0, 0
0011111, 9.09783, 0.500857, -0.00039333, 2.53352, 0.5, 0.026, 4, 4, 5, 0, 0, 0, 0, 0
0110111, 11.0339, 5.88864, 2.09008, 2.63321, 0.5, 0.026, 4, 4, 5, 0, 0, 0, 0, 0
0111011, 10.154, 5.23548, 2.21171, 2.49174, 0.5, 0.026, 4, 4, 5, 0, 0, 0, 0, 0
0110110, 9.55375, 7.92785, 2.80165, 2.5262, 0.5, 0.026, 4, 4, 5, 0, 0, 0, 0, 0
0111010, 8.93901, 7.0848, 2.80232, 2.52275, 0.5, 0.026, 4, 4, 5, 0, 0, 0, 0, 0
0101100, 11.2131, 8.04129, 1.80031, 2.66701, 0.5, 0.026, 4, 4, 5, 0, 0, 0, 0, 0
0111000, 10.6372, 11.2092, -0.353826, 2.67324, 0.5, 0.026, 4, 4, 5, 0, 0, 0, 0, 0
0110101, 10.2877, 9.54277, 0.956874, 2.41687, 0.5, 0.026, 4, 4, 5, 0, 0, 0, 0, 0
0111001, 9.2947, 9.83116, 0.984414, 2.55992, 0.5, 0.026, 4, 4, 5, 0, 0, 0, 0, 0
0010111, 15.4377, 1.49828, -0.000472528, 2.55838, 0.5, 0.026, 4, 4, 5, 0, 0, 0, 0, 0
0011010, 15.0662, 3.81152, 1.12289, 2.58572, 0.5, 0.026, 4, 4, 5, 0, 0, 0, 0, 0
0011101, 13.505, 1.84484, 0.684757, 2.51441, 0.5, 0.026, 4, 4, 5, 0, 0, 0, 0, 0
0011011, 13.0797, 2.76207, 0.66147, 2.67577, 0.5, 0.026, 4, 4, 5, 0, 0, 0, 0, 0
1111110, 14.1549, 0.500855, 1.63969e-05, 2.47108, 0.5, 0.026, 4, 4, 5, 0, 0, 0, 0, 0
0100110, 15.8728, 7.5363, 0.0896812, 2.61885, 0.5, 0.026, 4, 4, 5, 0, 0, 0, 0, 0
0001111, 14.4168, 5.53929, -0.0178045, 2.87448, 0.5, 0.026, 4, 4, 5, 0, 0, 0, 0, 0
0101110, 13.6382, 4.30051, 0.346586, 2.42598, 0.5, 0.026, 4, 4, 5, 0, 0, 0, 0, 0
0100111, 13.7698, 6.57135, 0.0534333, 2.53966, 0.5, 0.026, 4, 4, 5, 0, 0, 0, 0, 0
0101101, 12.2967, 5.69922, 2.02812, 2.55622, 0.5, 0.026, 4, 4, 5, 0, 0, 0, 0, 0
0101011, 13.2289, 7.50698, 0.095417, 2.69993, 0.5, 0.026, 4, 4, 5, 0, 0, 0, 0, 0
0110001, 15.6048, 10.4859, 3.23274, 2.45547, 0.5, 0.026, 4, 4, 5, 0, 0, 0, 0, 0
0101010, 15.437, 8.49804, 0.0916479, 2.62754, 0.5, 0.026, 4, 4, 5, 0, 0, 0, 0, 0
0110010, 14.8514, 9.43715, 0.0604982, 2.52375, 0.5, 0.026, 4, 4, 5, 0, 0, 0, 0, 0
0110011, 12.9051, 8.45936, 0.0613932, 2.45109, 0.5, 0.026, 4, 4, 5, 0, 0, 0, 0, 0
0110000, 13.1212, 10.472, 3.00478, 2.53548, 0.5, 0.026, 4, 4, 5, 0, 0, 0, 0, 0
0100000, 13.8246, 11.4486, 3.08363, 2.71241, 0.5, 0.026, 4, 4, 5, 0, 0, 0, 0, 0
0110100, 12.3427, 9.57306, -0.134167, 2.51958, 0.5, 0.026, 4, 4, 5, 0, 0, 0, 0, 0
0010101, 19.6243, 3.59129, -0.239755, 2.67627, 0.5, 0.026, 4, 4, 5, 0, 0, 0, 0, 0
1101110, 19.3441, 2.50287, -0.0857958, 2.62865, 0.5, 0.026, 4, 4, 5, 0, 0, 0, 0, 0
1111100, 19.3243, 0.501216, 0.000830286, 2.60748, 0.5, 0.026, 4, 4, 5, 0, 0, 0, 0, 0
1101111, 18.607, 1.49899, -0.00439202, 2.5954, 0.5, 0.026, 4, 4, 5, 0, 0, 0, 0, 0
1111101, 16.7061, 0.522556, 0.027349, 2.63421, 0.5, 0.026, 4, 4, 5, 0, 0, 0, 0, 0
0010110, 17.4502, 2.75306, 0.97714, 2.57084, 0.5, 0.026, 4, 4, 5, 0, 0, 0, 0, 0
0011100, 16.1327, 2.99476, 0.683024, 2.58057, 0.5, 0.026, 4, 4, 5, 0, 0, 0, 0, 0
0011000, 19.7152, 4.59367, -0.245679, 2.6136, 0.5, 0.026, 4, 4, 5, 0, 0, 0, 0, 0
0001011, 19.4292, 6.93809, -0.532243, 2.67679, 0.5, 0.026, 4, 4, 5, 0, 0, 0, 0, 0
0001100, 18.9352, 6.07126, -0.531798, 2.73551, 0.5, 0.026, 4, 4, 5, 0, 0, 0, 0, 0
0011001, 17.2116, 4.45798, -0.077528, 2.61217, 0.5, 0.026, 4, 4, 5, 0, 0, 0, 0, 0
0001101, 16.3602, 6.51636, 0.0145474, 2.65851, 0.5, 0.026, 4, 4, 5, 0, 0, 0, 0, 0
0001110, 17.2418, 5.4524, -0.0737806, 2.7837, 0.5, 0.026, 4, 4, 5, 0, 0, 0, 0, 0
0000100, 19.7407, 10.5021, 3.13738, 2.57348, 0.5, 0.026, 4, 4, 5, 0, 0, 0, 0, 0
0101001, 17.6296, 8.17983, 1.6634, 2.59689, 0.5, 0.026, 4, 4, 5, 0, 0, 0, 0, 0
0100101, 19.3266, 8.15164, -0.526516, 2.69043, 0.5, 0.026, 4, 4, 5, 0, 0, 0, 0, 0
0100010, 19.2056, 9.54602, 3.09167, 2.72475, 0.5, 0.026, 4, 4, 5, 0, 0, 0, 0, 0
0000000, 19.068, 11.4993, 3.14243, 2.58859, 0.5, 0.026, 4, 4, 5, 0, 0, 0, 0, 0
0100001, 16.4742, 11.4973, 3.14319, 2.60122, 0.5, 0.026, 4, 4, 5, 0, 0, 0, 0, 0
0101000, 17.283, 10.0281, 0.662199, 2.70795, 0.5, 0.026, 4, 4, 5, 0, 0, 0, 0, 0
1111011, 21.8639, 0.501105, 0.000292119, 2.47496, 0.5, 0.026, 4, 4, 5, 0, 0, 0, 0, 0
1101101, 21.8535, 2.52807, -0.190677, 2.48219, 0.5, 0.026, 4, 4, 5, 0, 0, 0, 0, 0
1110111, 21.1658, 1.48147, 0.0219094, 2.52611, 0.5, 0.026, 4, 4, 5, 0, 0, 0, 0, 0
1110110, 23.7521, 1.47215, 0.0322802, 2.65162, 0.5, 0.026, 4, 4, 5, 0, 0, 0, 0, 0
0010100, 22.1996, 3.46822, -0.203505, 2.61403, 0.5, 0.026, 4, 4, 5, 0, 0, 0, 0, 0
0010011, 21.1881, 5.11875, -0.796303, 2.45088, 0.5, 0.026, 4, 4, 5, 0, 0, 0, 0, 0
0000111, 23.5842, 6.2344, 1.49704, 2.70795, 0.5, 0.026, 4, 4, 5, 0, 0, 0, 0, 0
0010010, 23.3775, 4.38651, -0.00482077, 2.41376, 0.5, 0.026, 4, 4, 5, 0, 0, 0, 0, 0
0001010, 21.8373, 5.96201, -0.705645, 2.80088, 0.5, 0.026, 4, 4, 5, 0, 0, 0, 0, 0
0100100, 21.8534, 7.41355, -0.215101, 2.65282, 0.5, 0.026, 4, 4, 5, 0, 0, 0, 0, 0
0000101, 21.8462, 9.51724, 3.16329, 2.50431, 0.5, 0.026, 4, 4, 5, 0, 0, 0, 0, 0
0000001, 21.6803, 11.4981, 3.14354, 2.63974, 0.5, 0.026, 4, 4, 5, 0, 0, 0, 0, 0
0000110, 23.4416, 8.84255, 1.29275, 2.61639, 0.5, 0.026, 4, 4, 5, 0, 0, 0, 0, 0
1100011, 22.3301, 10.5016, -0.0105306, 2.60865, 0.5, 0.026, 4, 4, 5, 0, 0, 0, 0, 0
0100011, 21.4166, 8.57105, 3.0939, 2.79684, 0.5, 0.026, 4, 4, 5, 0, 0, 0, 0, 0
1101100, 24.1116, 3.01277, 0.796227, 2.53305, 0.5, 0.026, 4, 4, 5, 0, 0, 0, 0, 0
1111010, 24.3392, 0.501021, 0.000411789, 2.47821, 0.5, 0.026, 4, 4, 5, 0, 0, 0, 0, 0
1101011, 26.2608, 3.86982, 0.575127, 2.47869, 0.5, 0.026, 4, 4, 5, 0, 0, 0, 0, 0
1110011, 25.6655, 2.46965, 0.0546125, 2.45743, 0.5, 0.026, 4, 4, 5, 0, 0, 0, 0, 0
1111001, 26.8131, 0.503697, 0.000556393, 2.47226, 0.5, 0.026, 4, 4, 5, 0, 0, 0, 0, 0
1110101, 26.3218, 1.51759, 0.069682, 2.49487, 0.5, 0.026, 4, 4, 5, 0, 0, 0, 0, 0
1110010, 27.7, 3.60581, 0.554505, 2.44031, 0.5, 0.026, 4, 4, 5, 0, 0, 0, 0, 0
0010001, 25.7315, 4.79882, 0.478054, 2.46656, 0.5, 0.026, 4, 4, 5, 0, 0, 0, 0, 0
0001001, 25.2171, 5.65197, 0.48271, 2.58476, 0.5, 0.026, 4, 4, 5, 0, 0, 0, 0, 0
1100101, 24.9632, 7.17849, 1.10692, 2.60956, 0.5, 0.026, 4, 4, 5, 0, 0, 0, 0, 0
0001000, 26.8206, 6.9578, -0.068568, 2.65234, 0.5, 0.026, 4, 4, 5, 0, 0, 0, 0, 0
0010000, 27.8867, 5.92636, 0.12379, 2.58118, 0.5, 0.026, 4, 4, 5, 0, 0, 0, 0, 0
0000010, 24.327, 11.4992, 3.1419, 2.65722, 0.5, 0.026, 4, 4, 5, 0, 0, 0, 0, 0
0000011, 26.9188, 11.4837, 3.12059, 2.53037, 0.5, 0.026, 4, 4, 5, 0, 0, 0, 0, 0
1100110, 26.2658, 8.44132, 2.49923, 2.63781, 0.5, 0.026, 4, 4, 5, 0, 0, 0, 0, 0
1100010, 25.0012, 10.5224, 0.0235954, 2.73754, 0.5, 0.026, 4, 4, 5, 0, 0, 0, 0, 0
1100100, 24.4837, 8.71342, 1.24631, 2.70188, 0.5, 0.026, 4, 4, 5, 0, 0, 0, 0, 0
1010000, 26.9711, 9.15923, 2.49928, 2.6358, 0.5, 0.026, 4, 4, 5, 0, 0, 0, 0, 0
1001000, 27.5049, 10.0054, 2.49722, 2.59487, 0.5, 0.026, 4, 4, 5, 0, 0, 0, 0, 0
1110100, 28.5039, 2.4926, 0.0449363, 2.52415, 0.5, 0.026, 4, 4, 5, 0, 0, 0, 0, 0
1111000, 28.8078, 1.50933, 0.0397445, 2.49065, 0.5, 0.026, 4, 4, 5, 0, 0, 0, 0, 0
1011111, 29.4065, 0.500692, 0.000123127, 2.71762, 0.5, 0.026, 4, 4, 5, 0, 0, 0, 0, 0
1010111, 31.5953, 2.34952, 1.75824, 2.73093, 0.5, 0.026, 4, 4, 5, 0, 0, 0, 0, 0
1011101, 30.4424, 2.23051, 1.92798, 2.84599, 0.5, 0.026, 4, 4, 5, 0, 0, 0, 0, 0
1101010, 28.355, 4.99227, 0.0921254, 2.4471, 0.5, 0.026, 4, 4, 5, 0, 0, 0, 0, 0
1100111, 28.7488, 7.27108, 2.43584, 2.64148, 0.5, 0.026, 4, 4, 5, 0, 0, 0, 0, 0
1011100, 31.4062, 4.40877, 0.622339, 2.72843, 0.5, 0.026, 4, 4, 5, 0, 0, 0, 0, 0
1110001, 29.6279, 4.11982, 0.94539, 2.47193, 0.5, 0.026, 4, 4, 5, 0, 0, 0, 0, 0
1101001, 30.427, 6.21921, 0.559029, 2.59841, 0.5, 0.026, 4, 4, 5, 0, 0, 0, 0, 0
1110000, 31.4183, 5.68306, 0.467504, 2.36516, 0.5, 0.026, 4, 4, 5, 0, 0, 0, 0, 0
1010010, 31.6088, 7.86205, 3.46193, 2.70405, 0.5, 0.026, 4, 4, 5, 0, 0, 0, 0, 0
1010001, 29.2277, 8.16272, 2.42132, 2.52994, 0.5, 0.026, 4, 4, 5, 0, 0, 0, 0, 0
1000000, 29.4896, 11.4947, 3.14091, 2.61723, 0.5, 0.026, 4, 4, 5, 0, 0, 0, 0, 0
1001001, 29.7649, 9.01522, 2.41639, 2.48219, 0.5, 0.026, 4, 4, 5, 0, 0, 0, 0, 0
1000001, 31.8334, 11.1963, 3.52944, 2.59659, 0.5, 0.026, 4, 4, 5, 0, 0, 0, 0, 0
1100001, 29.3353, 10.5031, -0.0057186, 2.68194, 0.5, 0.026, 4, 4, 5, 0, 0, 0, 0, 0
1100000, 31.3281, 9.90912, 0.405307, 2.56247, 0.5, 0.026, 4, 4, 5, 0, 0, 0, 0, 0
1011110, 32.0835, 0.50042, -0.00023051, 2.63807, 0.5, 0.026, 4, 4, 5, 0, 0, 0, 0, 0
1010110, 33.0114, 2.90075, 1.138, 2.70549, 0.5, 0.026, 4, 4, 5, 0, 0, 0, 0, 0
1011001, 33.7589, 2.13829, 1.13852, 2.70309, 0.5, 0.026, 4, 4, 5, 0, 0, 0, 0, 0
1011011, 34.6158, 0.820818, 0.422205, 2.56369, 0.5, 0.026, 4, 4, 5, 0, 0, 0, 0, 0
1011000, 35.1307, 2.8384, 1.3072, 2.62749, 0.5, 0.026, 4, 4, 5, 0, 0, 0, 0, 0
1101000, 32.7861, 7.19652, 0.270203, 2.54683, 0.5, 0.026, 4, 4, 5, 0, 0, 0, 0, 0
1010101, 33.0708, 5.43358, 1.64543, 2.5824, 0.5, 0.026, 4, 4, 5, 0, 0, 0, 0, 0
1001101, 35.9211, 4.9542, 0.463426, 2.49751, 0.5, 0.026, 4, 4, 5, 0, 0, 0, 0, 0
1001111, 34.2207, 4.69378, 1.75715, 2.66521, 0.5, 0.026, 4, 4, 5, 0, 0, 0, 0, 0
1010100, 34.7756, 6.75091, 0.295296, 2.68414, 0.5, 0.026, 4, 4, 5, 0, 0, 0, 0, 0
1001110, 35.7773, 5.98252, 0.44389, 2.5911, 0.5, 0.026, 4, 4, 5, 0, 0, 0, 0, 0
1000101, 32.0532, 9.16565, 0.437703, 2.71062, 0.5, 0.026, 4, 4, 5, 0, 0, 0, 0, 0
1010011, 34.0472, 8.26036, 2.66389, 2.68223, 0.5, 0.026, 4, 4, 5, 0, 0, 0, 0, 0
1000100, 33.8691, 10.4949, -0.0201146, 2.73737, 0.5, 0.026, 4, 4, 5, 0, 0, 0, 0, 0
1000010, 34.4172, 11.4998, 3.14135, 2.6935, 0.5, 0.026, 4, 4, 5, 0, 0, 0, 0, 0
1001010, 34.4832, 9.15427, 2.66124, 2.48185, 0.5, 0.026, 4, 4, 5, 0, 0, 0, 0, 0
1000110, 35.923, 9.81655, 1.81066, 2.64252, 0.5, 0.026, 4, 4, 5, 0, 0, 0, 0, 0
1011010, 36.1376, 2.73879, 1.309, 2.64539, 0.5, 0.026, 4, 4, 5, 0, 0, 0, 0, 0
1001011, 36.4298, 7.61247, 2.50866, 2.54214, 0.5, 0.026, 4, 4, 5, 0, 0, 0, 0, 0
1001100, 37.8255, 6.46305, 1.11743, 2.58738, 0.5, 0.026, 4, 4, 5, 0, 0, 0, 0, 0
1000011, 37.0845, 11.3851, 3.0029, 2.65911, 0.5, 0.026, 4, 4, 5, 0, 0, 0, 0, 0
1000111, 37.1086, 9.15363, 1.73636, 2.76054, 0.5, 0.026, 4, 4, 5, 0, 0, 0, 0, 0

0111110, 7.50848, 2.29257, 0.722354, 2.92528, 0.5, 0.026, 4, 4, 5, 0, 0, 0, 0, 0
0111101, 7.52279, 3.63858, 0.708435, 2.81497, 0.5, 0.026, 4, 4, 5, 0, 0, 0, 0, 0
0011111, 6.5781, 0.577921, 0.0820801, 2.88525, 0.5, 0.026, 4, 4, 5, 0, 0, 0, 0, 0
0111111, 5.44135, 1.72002, 0.788954, 2.85164, 0.5, 0.026, 4, 4, 5, 0, 0, 0, 0, 0
0111010, 7.23081, 7.45494, 2.37348, 2.87298, 0.5, 0.026, 4, 4, 5, 0, 0, 0, 0, 0
0110110, 7.6764, 8.41331, 2.37418, 2.87691, 0.5, 0.026, 4, 4, 5, 0, 0, 0, 0, 0
0111001, 6.94614, 10.6745, 0.985667, 2.91531, 0.5, 0.026, 4, 4, 5, 0, 0, 0, 0, 0
0011101, 11.8244, 1.78796, 0.587443, 2.86349, 0.5, 0.026, 4, 4, 5, 0, 0, 0, 0, 0
0011011, 11.5974, 2.79603, 0.553927, 3.04725, 0.5, 0.026, 4, 4, 5, 0, 0, 0, 0, 0
1111111, 9.4599, 0.501081, -0.000513047, 2.91124, 0.5, 0.026, 4, 4, 5, 0, 0, 0, 0, 0
0101111, 10.0084, 3.0082, 0.484075, 2.89739, 0.5, 0.026, 4, 4, 5, 0, 0, 0, 0, 0
0011110, 9.08364, 1.48789, 0.0124075, 2.98518, 0.5, 0.026, 4, 4, 5, 0, 0, 0, 0, 0
0101011, 11.8144, 7.54287, 0.0482885, 3.07475, 0.5, 0.026, 4, 4, 5, 0, 0, 0, 0, 0
0111100, 9.80721, 4.02865, 0.487679, 2.8724, 0.5, 0.026, 4, 4, 5, 0, 0, 0, 0, 0
0101101, 10.8196, 5.88333, 2.21367, 2.9111, 0.5, 0.026, 4, 4, 5, 0, 0, 0, 0, 0
0110111, 9.46085, 6.09944, 2.17124, 2.99878, 0.5, 0.026, 4, 4, 5, 0, 0, 0, 0, 0
0111011, 8.37987, 5.32519, 2.53928, 2.83767, 0.5, 0.026, 4, 4, 5, 0, 0, 0, 0, 0
0110011, 11.6746, 8.52199, 0.0347972, 2.79137, 0.5, 0.026, 4, 4, 5, 0, 0, 0, 0, 0
0110000, 11.1804, 10.5016, 3.14366, 2.88747, 0.5, 0.026, 4, 4, 5, 0, 0, 0, 0, 0
0110100, 10.4797, 9.50282, 0.00855802, 2.86937, 0.5, 0.026, 4, 4, 5, 0, 0, 0, 0, 0
0101100, 9.16416, 8.34394, 2.21975, 3.03726, 0.5, 0.026, 4, 4, 5, 0, 0, 0, 0, 0
0111000, 9.49619, 11.499, 0.000838662, 3.04437, 0.5, 0.026, 4, 4, 5, 0, 0, 0, 0, 0
0110101, 8.42195, 10.1797, 0.373227, 2.7524, 0.5, 0.026, 4, 4, 5, 0, 0, 0, 0, 0
1111101, 15.8312, 0.502614, 0.0015954, 2.99991, 0.5, 0.026, 4, 4, 5, 0, 0, 0, 0, 0
0011100, 15.1585, 2.93012, 0.463965, 2.93883, 0.5, 0.026, 4, 4, 5, 0, 0, 0, 0, 0
0010111, 14.1475, 1.49899, -0.000786612, 2.91356, 0.5, 0.026, 4, 4, 5, 0, 0, 0, 0, 0
0011010, 13.9198, 3.73479, 0.981445, 2.94469, 0.5, 0.026, 4, 4, 5, 0, 0, 0, 0, 0
1111110, 12.925, 0.502669, -0.00149039, 2.81414, 0.5, 0.026, 4, 4, 5, 0, 0, 0, 0, 0
0001101, 15.5047, 6.43065, -0.11503, 3.02759, 0.5, 0.026, 4, 4, 5, 0, 0, 0, 0, 0
0100110, 14.8372, 7.55066, 0.0198808, 2.98242, 0.5, 0.026, 4, 4, 5, 0, 0, 0, 0, 0
0001111, 13.4002, 5.57248, -0.0295985, 3.27354, 0.5, 0.026, 4, 4, 5, 0, 0, 0, 0, 0
0101110, 12.429, 4.35583, 0.254056, 2.76277, 0.5, 0.026, 4, 4, 5, 0, 0, 0, 0, 0
0100111, 12.5531, 6.59928, -0.0187791, 2.89223, 0.5, 0.026, 4, 4, 5, 0, 0, 0, 0, 0
0100001, 15.5855, 11.4995, 3.14181, 2.96234, 0.5, 0.026, 4, 4, 5, 0, 0, 0, 0, 0
0110001, 14.021, 10.4996, 3.14479, 2.79636, 0.5, 0.026, 4, 4, 5, 0, 0, 0, 0, 0
0101010, 14.5644, 8.54243, 0.0212147, 2.99232, 0.5, 0.026, 4, 4, 5, 0, 0, 0, 0, 0
0110010, 13.3492, 9.52489, -0.0245017, 2.87412, 0.5, 0.026, 4, 4, 5, 0, 0, 0, 0, 0
0100000, 12.5615, 11.4985, 3.14171, 3.08897, 0.5, 0.026, 4, 4, 5, 0, 0, 0, 0, 0
0010101, 19.1181, 3.46847, -0.0207938, 3.04781, 0.5, 0.026, 4, 4, 5, 0, 0, 0, 0, 0
1101110, 18.9713, 2.47702, -0.0174424, 2.99358, 0.5, 0.026, 4, 4, 5, 0, 0, 0, 0, 0
1111100, 18.8148, 0.500441, 0.000240663, 2.96948, 0.5, 0.026, 4, 4, 5, 0, 0, 0, 0, 0
1101111, 18.1836, 1.49638, -0.00334363, 2.95572, 0.5, 0.026, 4, 4, 5, 0, 0, 0, 0, 0
0010110, 16.6119, 2.42587, 1.00585, 2.92774, 0.5, 0.026, 4, 4, 5, 0, 0, 0, 0, 0
0011000, 19.3715, 4.45429, -0.0129275, 2.97644, 0.5, 0.026, 4, 4, 5, 0, 0, 0, 0, 0
0001011, 18.8748, 6.81983, -0.453206, 3.04841, 0.5, 0.026, 4, 4, 5, 0, 0, 0, 0, 0
0001100, 18.4599, 5.91347, -0.452419, 3.11527, 0.5, 0.026, 4, 4, 5, 0, 0, 0, 0, 0
0011001, 16.4331, 4.32365, -0.106154, 2.97481, 0.5, 0.026, 4, 4, 5, 0, 0, 0, 0, 0
0001110, 16.6066, 5.30256, -0.111501, 3.17015, 0.5, 0.026, 4, 4, 5, 0, 0, 0, 0, 0
0000100, 19.0208, 10.5044, 3.13932, 2.93075, 0.5, 0.026, 4, 4, 5, 0, 0, 0, 0, 0
0101001, 16.7046, 8.15289, 1.83258, 2.95741, 0.5, 0.026, 4, 4, 5, 0, 0, 0, 0, 0
0100101, 18.5729, 8.06717, -0.447076, 3.06393, 0.5, 0.026, 4, 4, 5, 0, 0, 0, 0, 0
0100010, 18.3558, 9.56112, 3.0915, 3.10302, 0.5, 0.026, 4, 4, 5, 0, 0, 0, 0, 0
0000000, 18.5397, 11.4951, 3.14378, 2.94796, 0.5, 0.026, 4, 4, 5, 0, 0, 0, 0, 0
0101000, 16.1739, 10.0957, 0.544129, 3.08389, 0.5, 0.026, 4, 4, 5, 0, 0, 0, 0, 0
1111011, 21.7075, 0.502118, -0.000226793, 2.81855, 0.5, 0.026, 4, 4, 5, 0, 0, 0, 0, 0
1101101, 21.7908, 2.58367, -0.247696, 2.82679, 0.5, 0.026, 4, 4, 5, 0, 0, 0, 0, 0
1110111, 21.097, 1.48227, 0.0149598, 2.87681, 0.5, 0.026, 4, 4, 5, 0, 0, 0, 0, 0
0010100, 22.1697, 3.55161, -0.291826, 2.97693, 0.5, 0.026, 4, 4, 5, 0, 0, 0, 0, 0
0010011, 21.1708, 5.12089, -0.535621, 2.79113, 0.5, 0.026, 4, 4, 5, 0, 0, 0, 0, 0
0000111, 23.686, 6.18394, 1.82683, 3.08389, 0.5, 0.026, 4, 4, 5, 0, 0, 0, 0, 0
0010010, 23.7367, 4.19892, -0.113367, 2.74886, 0.5, 0.026, 4, 4, 5, 0, 0, 0, 0, 0
0001010, 21.9355, 5.84508, -0.521889, 3.18972, 0.5, 0.026, 4, 4, 5, 0, 0, 0, 0, 0
0100100, 21.4712, 7.28889, -0.284256, 3.02111, 0.5, 0.026, 4, 4, 5, 0, 0, 0, 0, 0
0000101, 21.5664, 9.52202, 3.15643, 2.85198, 0.5, 0.026, 4, 4, 5, 0, 0, 0, 0, 0
0000001, 21.515, 11.499, 3.14266, 3.00621, 0.5, 0.026, 4, 4, 5, 0, 0, 0, 0, 0
0000110, 23.3892, 8.72373, 0.901299, 2.97962, 0.5, 0.026, 4, 4, 5, 0, 0, 0, 0, 0
1100011, 21.9695, 10.507, -0.00608542, 2.9708, 0.5, 0.026, 4, 4, 5, 0, 0, 0, 0, 0
0100011, 20.8787, 8.56114, 3.11585, 3.18512, 0.5, 0.026, 4, 4, 5, 0, 0, 0, 0, 0
1110110, 24.0465, 1.45348, 0.0463937, 3.01975, 0.5, 0.026, 4, 4, 5, 0, 0, 0, 0, 0
1101100, 24.4918, 2.89518, 0.510702, 2.88471, 0.5, 0.026, 4, 4, 5, 0, 0, 0, 0, 0
1111010, 24.5273, 0.502556, -0.00160457, 2.82226, 0.5, 0.026, 4, 4, 5, 0, 0, 0, 0, 0
1101011, 27.1246, 3.89046, 0.434956, 2.8228, 0.5, 0.026, 4, 4, 5, 0, 0, 0, 0, 0
1110011, 26.4792, 2.52706, 0.175204, 2.79859, 0.5, 0.026, 4, 4, 5, 0, 0, 0, 0, 0
1111001, 27.3314, 0.662311, 0.177895, 2.81548, 0.5, 0.026, 4, 4, 5, 0, 0, 0, 0, 0
1110101, 26.9583, 1.60751, 0.180751, 2.84123, 0.5, 0.026, 4, 4, 5, 0, 0, 0, 0, 0
0010001, 26.4608, 4.68133, 0.433985, 2.80899, 0.5, 0.026, 4, 4, 5, 0, 0, 0, 0, 0
0001001, 25.8141, 5.46385, 0.451151, 2.9436, 0.5, 0.026, 4, 4, 5, 0, 0, 0, 0, 0
1100101, 25.1527, 6.95655, 1.15012, 2.97184, 0.5, 0.026, 4, 4, 5, 0, 0, 0, 0, 0
0001000, 27.1972, 6.9463, 0.107572, 3.02056, 0.5, 0.026, 4, 4, 5, 0, 0, 0, 0, 0
0000010, 24.5293, 11.4974, 3.14293, 3.02612, 0.5, 0.026, 4, 4, 5, 0, 0, 0, 0, 0
0000011, 27.4774, 11.4101, 3.04756, 2.88165, 0.5, 0.026, 4, 4, 5, 0, 0, 0, 0, 0
1100110, 26.7929, 8.40442, 2.73098, 3.00401, 0.5, 0.026, 4, 4, 5, 0, 0, 0, 0, 0
1100010, 25.0109, 10.5166, 0.0186827, 3.11759, 0.5, 0.026, 4, 4, 5, 0, 0, 0, 0, 0
1100100, 24.7101, 8.55177, 1.2058, 3.07698, 0.5, 0.026, 4, 4, 5, 0, 0, 0, 0, 0
1010000, 27.3907, 9.22932, 2.73148, 3.00173, 0.5, 0.026, 4, 4, 5, 0, 0, 0, 0, 0
1001000, 27.9739, 10.0593, 2.73564, 2.95511, 0.5, 0.026, 4, 4, 5, 0, 0, 0, 0, 0
1110010, 28.9553, 3.69562, 0.511634, 2.7791, 0.5, 0.026, 4, 4, 5, 0, 0, 0, 0, 0
1110100, 29.8105, 2.4675, -0.0424088, 2.87458, 0.5, 0.026, 4, 4, 5, 0, 0, 0, 0, 0
1111000, 29.8681, 1.46778, -0.044455, 2.83642, 0.5, 0.026, 4, 4, 5, 0, 0, 0, 0, 0
1011111, 30.2177, 0.50189, -0.00102943, 3.0949, 0.5, 0.026, 4, 4, 5, 0, 0, 0, 0, 0
1011101, 31.7439, 2.47214, 1.61042, 3.2411, 0.5, 0.026, 4, 4, 5, 0, 0, 0, 0, 0
0010000, 28.645, 6.07971, 0.0515025, 2.93953, 0.5, 0.026, 4, 4, 5, 0, 0, 0, 0, 0
1101010, 29.3518, 5.1305, -0.00137209, 2.78683, 0.5, 0.026, 4, 4, 5, 0, 0, 0, 0, 0
1100111, 29.5467, 7.36633, 2.56229, 3.00819, 0.5, 0.026, 4, 4, 5, 0, 0, 0, 0, 0
1110001, 30.9118, 4.24446, 1.09591, 2.81511, 0.5, 0.026, 4, 4, 5, 0, 0, 0, 0, 0
1101001, 31.7412, 6.31685, 0.406957, 2.95914, 0.5, 0.026, 4, 4, 5, 0, 0, 0, 0, 0
1010001, 30.0863, 8.20227, 2.56185, 2.88117, 0.5, 0.026, 4, 4, 5, 0, 0, 0, 0, 0
1000000, 30.3869, 11.4997, 3.14141, 2.98057, 0.5, 0.026, 4, 4, 5, 0, 0, 0, 0, 0
1001001, 30.6738, 9.00761, 2.56316, 2.82679, 0.5, 0.026, 4, 4, 5, 0, 0, 0, 0, 0
1100001, 30.4527, 10.5049, 0.0016481, 3.05427, 0.5, 0.026, 4, 4, 5, 0, 0, 0, 0, 0
1010111, 32.7383, 2.55374, 1.60803, 3.11007, 0.5, 0.026, 4, 4, 5, 0, 0, 0, 0, 0
1011110, 33.3111, 0.500173, -8.48051e-05, 3.00431, 0.5, 0.026, 4, 4, 5, 0, 0, 0, 0, 0
1010110, 33.7792, 2.92717, 1.55484, 3.08109, 0.5, 0.026, 4, 4, 5, 0, 0, 0, 0, 0
1011001, 34.77, 2.43658, 1.55536, 3.07836, 0.5, 0.026, 4, 4, 5, 0, 0, 0, 0, 0
1010010, 32.8122, 7.82133, 3.5094, 3.07945, 0.5, 0.026, 4, 4, 5, 0, 0, 0, 0, 0
1110000, 33.0207, 5.78008, 0.357126, 2.69351, 0.5, 0.026, 4, 4, 5, 0, 0, 0, 0, 0
1011100, 33.1546, 4.80911, 0.317601, 3.10721, 0.5, 0.026, 4, 4, 5, 0, 0, 0, 0, 0
1101000, 34.51, 7.23453, 0.199077, 2.90041, 0.5, 0.026, 4, 4, 5, 0, 0, 0, 0, 0
1010101, 35.1453, 5.36833, 1.5937, 2.94091, 0.5, 0.026, 4, 4, 5, 0, 0, 0, 0, 0
1100000, 32.5907, 9.9188, 0.430998, 2.91821, 0.5, 0.026, 4, 4, 5, 0, 0, 0, 0, 0
1000001, 33.2461, 11.2954, 3.35094, 2.95707, 0.5, 0.026, 4, 4, 5, 0, 0, 0, 0, 0
1000101, 33.3432, 9.20204, 0.462876, 3.08693, 0.5, 0.026, 4, 4, 5, 0, 0, 0, 0, 0
1010011, 35.6072, 8.41743, 2.83534, 3.0546, 0.5, 0.026, 4, 4, 5, 0, 0, 0, 0, 0
1000100, 35.6709, 10.3802, -0.208246, 3.11739, 0.5, 0.026, 4, 4, 5, 0, 0, 0, 0, 0
1011011, 36.2722, 0.500684, -0.000141006, 2.91961, 0.5, 0.026, 4, 4, 5, 0, 0, 0, 0, 0
1011000, 36.3635, 2.28806, 0.913215, 2.99226, 0.5, 0.026, 4, 4, 5, 0, 0, 0, 0, 0
1011010, 37.626, 2.30094, 0.921091, 3.01264, 0.5, 0.026, 4, 4, 5, 0, 0, 0, 0, 0
1001111, 36.1323, 4.62791, 1.56223, 3.03522, 0.5, 0.026, 4, 4, 5, 0, 0, 0, 0, 0
1010100, 37.0998, 6.61057, -0.0362905, 3.05678, 0.5, 0.026, 4, 4, 5, 0, 0, 0, 0, 0
1001110, 38.049, 5.47955, 0.353422, 2.95082, 0.5, 0.026, 4, 4, 5, 0, 0, 0, 0, 0
1001101, 37.9828, 4.40374, 0.377338, 2.84423, 0.5, 0.026, 4, 4, 5, 0, 0, 0, 0, 0
1001011, 38.4406, 7.52416, 2.89042, 2.89506, 0.5, 0.026, 4, 4, 5, 0, 0, 0, 0, 0
1001010, 36.1426, 9.28946, 2.84333, 2.82641, 0.5, 0.026, 4, 4, 5, 0, 0, 0, 0, 0
1000010, 36.2357, 11.4999, 3.14153, 3.06744, 0.5, 0.026, 4, 4, 5, 0, 0, 0, 0, 0
1000110, 37.8945, 9.59849, 1.83553, 3.00938, 0.5, 0.026, 4, 4, 5, 0, 0, 0, 0, 0
1000011, 39.2762, 11.3864, 3.02965, 3.02827, 0.5, 0.026, 4, 4, 5, 0, 0, 0, 0, 0
1000111, 38.95, 9.40332, 1.80606, 3.14378, 0.5, 0.026, 4, 4, 5, 0, 0, 0, 0, 0
1001100, 40.0599, 6.04744, 1.3093, 2.94658, 0.5, 0.026, 4, 4, 5, 0, 0, 0, 0, 0

0111111, 2.86112, 1.88877, 1.00834, 3.24753, 0.5, 0.026, 4, 4, 5, 0, 0, 0, 0, 0
0011110, 7.46389, 1.5217, -0.0342857, 3.39961, 0.5, 0.026, 4, 4, 5, 0, 0, 0, 0, 0
1111111, 6.96279, 0.5022, -0.00146276, 3.3154, 0.5, 0.026, 4, 4, 5, 0, 0, 0, 0, 0
0111110, 5.34907, 2.39, 0.209017, 3.33139, 0.5, 0.026, 4, 4, 5, 0, 0, 0, 0, 0
0111101, 5.35242, 3.74489, 0.508434, 3.20577, 0.5, 0.026, 4, 4, 5, 0, 0, 0, 0, 0
0011111, 4.2272, 0.928144, 0.383845, 3.2858, 0.5, 0.026, 4, 4, 5, 0, 0, 0, 0, 0
0111100, 7.97747, 4.01133, 0.452176, 3.27122, 0.5, 0.026, 4, 4, 5, 0, 0, 0, 0, 0
0110111, 7.44766, 6.16676, 2.26743, 3.4151, 0.5, 0.026, 4, 4, 5, 0, 0, 0, 0, 0
0111011, 6.40655, 5.46452, 2.49445, 3.23161, 0.5, 0.026, 4, 4, 5, 0, 0, 0, 0, 0
0111010, 4.6431, 7.60184, 2.70755, 3.27183, 0.5, 0.026, 4, 4, 5, 0, 0, 0, 0, 0
0111000, 7.50483, 11.4936, 0.00494054, 3.46701, 0.5, 0.026, 4, 4, 5, 0, 0, 0, 0, 0
0101100, 6.96704, 8.6867, 2.67811, 3.45892, 0.5, 0.026, 4, 4, 5, 0, 0, 0, 0, 0
0110101, 6.72673, 10.3997, 0.121311, 3.13451, 0.5, 0.026, 4, 4, 5, 0, 0, 0, 0, 0
0110110, 5.17592, 8.45614, 2.70733, 3.2763, 0.5, 0.026, 4, 4, 5, 0, 0, 0, 0, 0
0111001, 4.47342, 10.6585, 0.810868, 3.32004, 0.5, 0.026, 4, 4, 5, 0, 0, 0, 0, 0
1111110, 11.6534, 0.50436, 0.00309011, 3.20482, 0.5, 0.026, 4, 4, 5, 0, 0, 0, 0, 0
0011101, 9.89615, 1.32161, 0.812689, 3.26102, 0.5, 0.026, 4, 4, 5, 0, 0, 0, 0, 0
0011011, 10.1855, 3.01204, 0.557352, 3.47029, 0.5, 0.026, 4, 4, 5, 0, 0, 0, 0, 0
0101111, 8.52182, 3.16765, 0.453552, 3.29963, 0.5, 0.026, 4, 4, 5, 0, 0, 0, 0, 0
0001111, 11.7317, 5.457, -0.0998116, 3.728, 0.5, 0.026, 4, 4, 5, 0, 0, 0, 0, 0
0100111, 10.7862, 6.56166, -0.0742899, 3.29376, 0.5, 0.026, 4, 4, 5, 0, 0, 0, 0, 0
0101110, 11.0755, 4.65244, 0.0844471, 3.14633, 0.5, 0.026, 4, 4, 5, 0, 0, 0, 0, 0
0101011, 10.1821, 7.54171, -0.022302, 3.50161, 0.5, 0.026, 4, 4, 5, 0, 0, 0, 0, 0
0101101, 8.62385, 6.29292, 2.29456, 3.31524, 0.5, 0.026, 4, 4, 5, 0, 0, 0, 0, 0
0110010, 11.981, 9.50115, -0.0088171, 3.27312, 0.5, 0.026, 4, 4, 5, 0, 0, 0, 0, 0
0100000, 10.9955, 11.4828, 3.12849, 3.51781, 0.5, 0.026, 4, 4, 5, 0, 0, 0, 0, 0
0110011, 10.341, 8.51866, -0.00808406, 3.17889, 0.5, 0.026, 4, 4, 5, 0, 0, 0, 0, 0
0110000, 9.92927, 10.504, 3.14327, 3.28834, 0.5, 0.026, 4, 4, 5, 0, 0, 0, 0, 0
0110100, 8.71268, 9.50631, 0.00940957, 3.26772, 0.5, 0.026, 4, 4, 5, 0, 0, 0, 0, 0
0010110, 15.6825, 2.19569, 0.640879, 3.3342, 0.5, 0.026, 4, 4, 5, 0, 0, 0, 0, 0
1111101, 14.9633, 0.501873, 0.000137557, 3.41638, 0.5, 0.026, 4, 4, 5, 0, 0, 0, 0, 0
0011100, 14.0061, 2.76901, 0.233746, 3.34682, 0.5, 0.026, 4, 4, 5, 0, 0, 0, 0, 0
0010111, 12.5917, 1.49871, 0.00111274, 3.31804, 0.5, 0.026, 4, 4, 5, 0, 0, 0, 0, 0
0011010, 12.3587, 3.43606, 0.854208, 3.3535, 0.5, 0.026, 4, 4, 5, 0, 0, 0, 0, 0
0001110, 15.37, 5.01746, -0.0949528, 3.61026, 0.5, 0.026, 4, 4, 5, 0, 0, 0, 0, 0
0011001, 15.3027, 4.02769, -0.097107, 3.38781, 0.5, 0.026, 4, 4, 5, 0, 0, 0, 0, 0
0001101, 14.125, 6.1463, -0.181218, 3.44791, 0.5, 0.026, 4, 4, 5, 0, 0, 0, 0, 0
0100110, 13.6064, 7.24816, -0.195859, 3.39646, 0.5, 0.026, 4, 4, 5, 0, 0, 0, 0, 0
0101001, 15.7897, 8.00217, 1.56141, 3.36798, 0.5, 0.026, 4, 4, 5, 0, 0, 0, 0, 0
0101000, 15.0968, 9.9113, 0.611854, 3.51202, 0.5, 0.026, 4, 4, 5, 0, 0, 0, 0, 0
0100001, 14.4387, 11.4989, 3.14086, 3.3736, 0.5, 0.026, 4, 4, 5, 0, 0, 0, 0, 0
0110001, 13.1626, 10.4968, 3.18088, 3.18457, 0.5, 0.026, 4, 4, 5, 0, 0, 0, 0, 0
0101010, 13.6104, 8.2638, -0.195033, 3.40774, 0.5, 0.026, 4, 4, 5, 0, 0, 0, 0, 0
0010101, 18.6383, 3.48612, -0.0158054, 3.47093, 0.5, 0.026, 4, 4, 5, 0, 0, 0, 0, 0
1101110, 18.7397, 2.48535, -0.0115235, 3.40917, 0.5, 0.026, 4, 4, 5, 0, 0, 0, 0, 0
1111100, 18.3613, 0.500869, 0.000374899, 3.38172, 0.5, 0.026, 4, 4, 5, 0, 0, 0, 0, 0
1101111, 17.6005, 1.50046, 0.00270594, 3.36606, 0.5, 0.026, 4, 4, 5, 0, 0, 0, 0, 0
0100101, 18.0081, 7.65816, -0.196376, 3.4893, 0.5, 0.026, 4, 4, 5, 0, 0, 0, 0, 0
0011000, 18.7753, 4.47281, -0.0119013, 3.38965, 0.5, 0.026, 4, 4, 5, 0, 0, 0, 0, 0
0001011, 17.9906, 6.64825, -0.197377, 3.47161, 0.5, 0.026, 4, 4, 5, 0, 0, 0, 0, 0
0001100, 17.5725, 5.72548, -0.203906, 3.54776, 0.5, 0.026, 4, 4, 5, 0, 0, 0, 0, 0
0000100, 18.2836, 10.5053, 3.14078, 3.33762, 0.5, 0.026, 4, 4, 5, 0, 0, 0, 0, 0
0100010, 17.9914, 9.53746, 3.12034, 3.53381, 0.5, 0.026, 4, 4, 5, 0, 0, 0, 0, 0
0000000, 17.8022, 11.497, 3.14103, 3.35722, 0.5, 0.026, 4, 4, 5, 0, 0, 0, 0, 0
1111011, 21.6566, 0.502726, -0.00168515, 3.20985, 0.5, 0.026, 4, 4, 5, 0, 0, 0, 0, 0
1101101, 21.8205, 2.67782, -0.326742, 3.21923, 0.5, 0.026, 4, 4, 5, 0, 0, 0, 0, 0
1110111, 20.9199, 1.50802, 0.0318308, 3.27619, 0.5, 0.026, 4, 4, 5, 0, 0, 0, 0, 0
0010100, 22.1245, 3.63654, -0.335953, 3.39021, 0.5, 0.026, 4, 4, 5, 0, 0, 0, 0, 0
0010011, 20.8571, 5.22843, -0.295222, 3.17862, 0.5, 0.026, 4, 4, 5, 0, 0, 0, 0, 0
0000111, 23.5994, 6.35074, 1.85988, 3.51202, 0.5, 0.026, 4, 4, 5, 0, 0, 0, 0, 0
0010010, 23.7675, 4.16913, -0.157411, 3.13048, 0.5, 0.026, 4, 4, 5, 0, 0, 0, 0, 0
0001010, 21.4337, 6.01097, -0.355018, 3.63255, 0.5, 0.026, 4, 4, 5, 0, 0, 0, 0, 0
0100100, 21.3508, 7.0745, -0.386133, 3.44052, 0.5, 0.026, 4, 4, 5, 0, 0, 0, 0, 0
0000101, 21.3796, 9.52434, 3.14814, 3.24792, 0.5, 0.026, 4, 4, 5, 0, 0, 0, 0, 0
0000001, 21.1897, 11.4991, 3.14143, 3.42356, 0.5, 0.026, 4, 4, 5, 0, 0, 0, 0, 0
0000110, 23.1003, 8.73369, 0.6954, 3.39328, 0.5, 0.026, 4, 4, 5, 0, 0, 0, 0, 0
1100011, 21.6414, 10.5087, -0.00553396, 3.38323, 0.5, 0.026, 4, 4, 5, 0, 0, 0, 0, 0
0100011, 20.044, 8.52883, 3.14197, 3.6273, 0.5, 0.026, 4, 4, 5, 0, 0, 0, 0, 0
1110110, 24.5516, 1.47013, 0.026729, 3.43898, 0.5, 0.026, 4, 4, 5, 0, 0, 0, 0, 0
1101100, 24.8948, 2.93538, 0.438373, 3.28519, 0.5, 0.026, 4, 4, 5, 0, 0, 0, 0, 0
1111010, 24.8676, 0.50538, -0.00218639, 3.21407, 0.5, 0.026, 4, 4, 5, 0, 0, 0, 0, 0
1101011, 27.9661, 3.86555, 0.34423, 3.21468, 0.5, 0.026, 4, 4, 5, 0, 0, 0, 0, 0
1110011, 27.2445, 2.52131, 0.0889866, 3.18711, 0.5, 0.026, 4, 4, 5, 0, 0, 0, 0, 0
1110101, 27.8806, 1.59283, 0.101204, 3.23567, 0.5, 0.026, 4, 4, 5, 0, 0, 0, 0, 0
0010001, 27.3628, 4.70578, 0.34224, 3.19896, 0.5, 0.026, 4, 4, 5, 0, 0, 0, 0, 0
0001001, 26.3514, 5.34442, 0.389744, 3.35225, 0.5, 0.026, 4, 4, 5, 0, 0, 0, 0, 0
1100101, 25.3956, 6.82319, 1.05625, 3.38442, 0.5, 0.026, 4, 4, 5, 0, 0, 0, 0, 0
0001000, 27.6122, 6.84153, 0.196231, 3.4399, 0.5, 0.026, 4, 4, 5, 0, 0, 0, 0, 0
0000010, 24.6216, 11.4975, 3.14198, 3.44623, 0.5, 0.026, 4, 4, 5, 0, 0, 0, 0, 0
0000011, 27.9827, 11.4996, 3.14161, 3.28171, 0.5, 0.026, 4, 4, 5, 0, 0, 0, 0, 0
1100110, 27.0441, 8.46904, 2.70991, 3.42105, 0.5, 0.026, 4, 4, 5, 0, 0, 0, 0, 0
1100010, 25.105, 10.5218, 0.0183948, 3.5504, 0.5, 0.026, 4, 4, 5, 0, 0, 0, 0, 0
1100100, 24.7359, 8.31528, 1.3094, 3.50415, 0.5, 0.026, 4, 4, 5, 0, 0, 0, 0, 0
1010000, 27.9347, 9.15351, 2.71016, 3.41845, 0.5, 0.026, 4, 4, 5, 0, 0, 0, 0, 0
1111001, 28.0714, 0.610128, 0.0995819, 3.20636, 0.5, 0.026, 4, 4, 5, 0, 0, 0, 0, 0
1110010, 30.1255, 3.65826, 0.432003, 3.16492, 0.5, 0.026, 4, 4, 5, 0, 0, 0, 0, 0
1110100, 31.1236, 2.45457, -0.0389699, 3.27365, 0.5, 0.026, 4, 4, 5, 0, 0, 0, 0, 0
1111000, 31.0849, 1.46031, -0.039276, 3.2302, 0.5, 0.026, 4, 4, 5, 0, 0, 0, 0, 0
1011111, 31.4059, 0.505735, 0.0038865, 3.52456, 0.5, 0.026, 4, 4, 5, 0, 0, 0, 0, 0
0010000, 29.8351, 6.15242, 0.0992324, 3.34762, 0.5, 0.026, 4, 4, 5, 0, 0, 0, 0, 0
1101010, 30.5662, 5.11204, -0.00403365, 3.17372, 0.5, 0.026, 4, 4, 5, 0, 0, 0, 0, 0
1100111, 30.678, 7.41577, 2.83886, 3.42582, 0.5, 0.026, 4, 4, 5, 0, 0, 0, 0, 0
1001000, 28.4537, 10.0094, 2.71256, 3.36536, 0.5, 0.026, 4, 4, 5, 0, 0, 0, 0, 0
1010001, 31.1217, 8.31054, 2.84865, 3.28116, 0.5, 0.026, 4, 4, 5, 0, 0, 0, 0, 0
1000000, 31.3181, 11.4965, 3.14047, 3.39436, 0.5, 0.026, 4, 4, 5, 0, 0, 0, 0, 0
1001001, 31.5912, 9.20562, 2.85301, 3.21923, 0.5, 0.026, 4, 4, 5, 0, 0, 0, 0, 0
1100001, 30.9607, 10.5117, -0.0124101, 3.47828, 0.5, 0.026, 4, 4, 5, 0, 0, 0, 0, 0
1011101, 33.2772, 2.72342, 1.51106, 3.69106, 0.5, 0.026, 4, 4, 5, 0, 0, 0, 0, 0
1010111, 34.2725, 2.76678, 1.50571, 3.54183, 0.5, 0.026, 4, 4, 5, 0, 0, 0, 0, 0
1011110, 34.8781, 0.501958, 0.00125353, 3.4214, 0.5, 0.026, 4, 4, 5, 0, 0, 0, 0, 0
1010110, 35.2725, 2.78897, 1.50484, 3.50884, 0.5, 0.026, 4, 4, 5, 0, 0, 0, 0, 0
1110001, 32.3994, 4.39285, 1.07179, 3.20593, 0.5, 0.026, 4, 4, 5, 0, 0, 0, 0, 0
1101001, 33.0885, 6.534, 0.431592, 3.36996, 0.5, 0.026, 4, 4, 5, 0, 0, 0, 0, 0
1110000, 34.8437, 6.15295, 0.206068, 3.06744, 0.5, 0.026, 4, 4, 5, 0, 0, 0, 0, 0
1011100, 35.0751, 5.20794, 0.209615, 3.53858, 0.5, 0.026, 4, 4, 5, 0, 0, 0, 0, 0
1010010, 34.4173, 8.11529, 3.3769, 3.50698, 0.5, 0.026, 4, 4, 5, 0, 0, 0, 0, 0
1100000, 34.0961, 10.0562, 0.185293, 3.32334, 0.5, 0.026, 4, 4, 5, 0, 0, 0, 0, 0
1000001, 34.4857, 11.214, 3.38473, 3.3676, 0.5, 0.026, 4, 4, 5, 0, 0, 0, 0, 0
1000101, 34.8733, 9.24744, 0.232912, 3.51549, 0.5, 0.026, 4, 4, 5, 0, 0, 0, 0, 0
1011001, 36.391, 2.69153, 1.60438, 3.50572, 0.5, 0.026, 4, 4, 5, 0, 0, 0, 0, 0
1011011, 38.2502, 0.500314, 0.000237962, 3.32493, 0.5, 0.026, 4, 4, 5, 0, 0, 0, 0, 0
1011000, 38.3799, 2.24097, 0.663074, 3.40767, 0.5, 0.026, 4, 4, 5, 0, 0, 0, 0, 0
1101000, 36.2692, 7.41629, 0.0903199, 3.30307, 0.5, 0.026, 4, 4, 5, 0, 0, 0, 0, 0
1010101, 37.3161, 5.33205, 1.57805, 3.3492, 0.5, 0.026, 4, 4, 5, 0, 0, 0, 0, 0
1001111, 38.2828, 4.63843, 1.54737, 3.4566, 0.5, 0.026, 4, 4, 5, 0, 0, 0, 0, 0
1010100, 39.4178, 6.61326, -0.252061, 3.48115, 0.5, 0.026, 4, 4, 5, 0, 0, 0, 0, 0
1000100, 37.474, 10.4398, -0.070734, 3.55018, 0.5, 0.026, 4, 4, 5, 0, 0, 0, 0, 0
1010011, 37.8194, 8.46443, 2.97147, 3.47866, 0.5, 0.026, 4, 4, 5, 0, 0, 0, 0, 0
1001010, 38.1755, 9.44472, 2.94512, 3.21879, 0.5, 0.026, 4, 4, 5, 0, 0, 0, 0, 0
1000010, 37.8791, 11.4639, 3.11388, 3.49328, 0.5, 0.026, 4, 4, 5, 0, 0, 0, 0, 0
1011010, 40.0019, 2.25911, 0.675385, 3.43088, 0.5, 0.026, 4, 4, 5, 0, 0, 0, 0, 0
1001101, 40.3606, 4.22122, 0.21717, 3.23909, 0.5, 0.026, 4, 4, 5, 0, 0, 0, 0, 0
1001110, 40.4473, 5.24787, 0.203735, 3.36048, 0.5, 0.026, 4, 4, 5, 0, 0, 0, 0, 0
1001011, 40.8025, 7.29698, 2.98316, 3.29698, 0.5, 0.026, 4, 4, 5, 0, 0, 0, 0, 0
1001100, 42.6122, 5.43102, 1.41973, 3.35565, 0.5, 0.026, 4, 4, 5, 0, 0, 0, 0, 0
1000110, 40.2442, 9.49279, 2.02035, 3.42716, 0.5, 0.026, 4, 4, 5, 0, 0, 0, 0, 0
1000111, 41.3817, 9.31697, 1.98114, 3.58022, 0.5, 0.026, 4, 4, 5, 0, 0, 0, 0, 0
1000011, 41.3459, 11.4979, 3.13999, 3.44868, 0.5, 0.026, 4, 4, 5, 0, 0, 0, 0, 0

