1, 23.5, 5.75, 1.5708, 2, 0.5, 0.013, 4, 4.0175, 5, 0, 0, 0, 0, 0
0, 22, 6, 0, 2, 0.5, 0.013, 4, 3.96546, 5, 0, 0, 0, 0, 0

1, 23.5328, 5.75, 1.5708, 2.13432, 0.5, 0.013, 4, 4.0175, 5, 0.00754433, -4.31405e-09, -1.03756e-07, -0.000951892, -1.79546e-10
0, 21.9672, 6, 5.27091e-13, 2.13432, 0.5, 0.013, 4, 3.96546, 5, -0.00754433, 4.31405e-09, 1.64312e-13, 0.000951892, 1.79546e-10

1, 23.5685, 5.75, 1.5708, 2.27766, 0.5, 0.013, 4, 4.0175, 5, 0.00733526, -8.08342e-09, -1.08606e-07, 0.00029305, -1.11608e-09
0, 21.9315, 6, 1.77504e-12, 2.27766, 0.5, 0.013, 4, 3.96546, 5, -0.00733526, 8.08342e-09, 3.41781e-13, -0.00029305, 1.11608e-09

1, 23.6067, 5.75, 1.57079, 2.43062, 0.5, 0.013, 4, 4.0175, 5, 0.00790252, -1.2735e-08, -9.91762e-08, 8.17982e-05, -9.07997e-10
0, 21.8933, 6, 3.85397e-12, 2.43062, 0.5, 0.013, 4, 3.96546, 5, -0.00790252, 1.2735e-08, 4.95497e-13, -8.17982e-05, 9.07997e-10

1, 23.6475, 5.75, 1.57079, 2.59386, 0.5, 0.013, 4, 4.0175, 5, 0.00841943, -1.75892e-08, -9.32465e-08, 0.000107077, -1.00329e-09
0, 21.8525, 6, 6.74973e-12, 2.59386, 0.5, 0.013, 4, 3.96546, 5, -0.00841943, 1.75892e-08, 6.62121e-13, -0.000107077, 1.00329e-09

1, 23.691, 5.75, 1.57079, 2.76806, 0.5, 0.013, 4, 4.0175, 5, 0.00898706, -2.28113e-08, -8.76128e-08, 0.000118255, -1.08276e-09
0, 21.809, 6, 1.04811e-11, 2.76806, 0.5, 0.013, 4, 3.96546, 5, -0.00898706, 2.28113e-08, 8.3019e-13, -0.000118255, 1.08276e-09

1, 23.7374, 5.75, 1.57079, 2.95396, 0.5, 0.013, 4, 4.0175, 5, 0.00959113, -2.83927e-08, -8.22303e-08, 0.000124993, -1.15479e-09
0, 21.7626, 6, 1.50499e-11, 2.95396, 0.5, 0.013, 4, 3.96546, 5, -0.00959113, 2.83927e-08, 9.975e-13, -0.000124993, 1.15479e-09

1, 23.787, 5.75, 1.57079, 3.15235, 0.5, 0.013, 4, 4.0175, 5, 0.0102354, -3.43598e-08, -7.71914e-08, 0.000133128, -1.23391e-09
0, 21.713, 6, 2.04537e-11, 3.15235, 0.5, 0.013, 4, 3.96546, 5, -0.0102354, 3.43598e-08, 1.16383e-12, -0.000133128, 1.23391e-09

1, 23.8399, 5.75, 1.57079, 3.36406, 0.5, 0.013, 4, 4.0175, 5, 0.010923, -4.07395e-08, -7.2468e-08, 0.000142045, -1.31905e-09
0, 21.6601, 6, 2.66849e-11, 3.36406, 0.5, 0.013, 4, 3.96546, 5, -0.010923, 4.07395e-08, 1.32824e-12, -0.000142045, 1.31905e-09

1, 23.8963, 5.75, 1.57079, 3.58998, 0.5, 0.013, 4, 4.0175, 5, 0.0116568, -4.75594e-08, -6.80377e-08, 0.000151585, -1.40999e-09
0, 21.6037, 6, 3.37316e-11, 3.58998, 0.5, 0.013, 4, 3.96546, 5, -0.0116568, 4.75594e-08, 1.48998e-12, -0.000151585, 1.40999e-09

1, 23.9565, 5.75, 1.57079, 3.83108, 0.5, 0.013, 4, 4.0175, 5, 0.0124398, -5.48492e-08, -6.38822e-08, 0.000161765, -1.50703e-09
0, 21.5435, 6, 4.15792e-11, 3.83108, 0.5, 0.013, 4, 3.96546, 5, -0.0124398, 5.48492e-08, 1.64846e-12, -0.000161765, 1.50703e-09

01, 20.3923, 5.99942, -0.0525968, 2.08306, 0.5, 0.013, 4, 4.08615, 5, -0.0171411, -0.000112828, 0, 0.00379165, 0.000104544
00, 22.4372, 6.00059, -2.49319e-08, 2.00531, 0.5, 0.013, 4, 3.96546, 5, 0.00293755, 0.000105983, 0, -0.0026862, -0.000105859
11, 24.0114, 4.76139, 1.59248, 2.02661, 0.5, 0.013, 4, 3.95369, 5, 0.00682579, -0.0135723, 0, -0.000631495, 0.0132528
10, 24.0118, 6.8076, 1.57079, 2.06176, 0.5, 0.013, 4, 4.0175, 5, 0.00708352, 0.0135002, 0, -0.000954487, -0.0127402

01, 20.2931, 5.99836, -0.0525969, 2.22296, 0.5, 0.013, 4, 4.08615, 5, -0.0209935, -0.000271792, -2.79577e-08, -0.000680961, -3.29073e-05
00, 22.4712, 6.00166, -7.03078e-08, 2.13999, 0.5, 0.013, 4, 3.96546, 5, 0.00823057, 0.000274086, -1.13483e-08, 0.000694335, 3.30975e-05
11, 24.0423, 4.69511, 1.59248, 2.16272, 0.5, 0.013, 4, 3.95369, 5, 0.0059839, -0.0148663, 1.72503e-08, 5.44118e-06, 0.00141993
10, 24.0439, 6.8738, 1.57079, 2.20023, 0.5, 0.013, 4, 4.0175, 5, 0.00628375, 0.0148448, 6.81797e-09, -2.00908e-05, -0.00135199

01, 20.1753, 5.9964, -0.0525971, 2.37225, 0.5, 0.013, 4, 4.08615, 5, -0.0239906, -0.000416293, -3.27552e-08, 0.000406447, 3.05632e-05
00, 22.4995, 5.99626, -5.25926e-07, 2.2837, 0.5, 0.013, 4, 3.96546, 5, 0.00197736, -0.00218297, -2.89423e-08, 0.00558309, 0.00165522
11, 24.072, 4.62601, 1.59248, 2.30797, 0.5, 0.013, 4, 3.95369, 5, 0.00573563, -0.0142913, 3.43482e-08, -0.000149034, -0.000383188
10, 24.1008, 6.95016, 1.57079, 2.34799, 0.5, 0.013, 4, 4.0175, 5, 0.0156036, 0.0168706, 7.54662e-08, -0.00549408, -0.00121466

01, 20.0383, 5.99391, -0.0525973, 2.53157, 0.5, 0.013, 4, 4.08615, 5, -0.028561, -0.000486125, -4.26133e-08, 0.000345702, 3.33169e-05
00, 22.5184, 5.98261, -1.23618e-06, 2.43708, 0.5, 0.013, 4, 3.96546, 5, 0.00432049, -0.00304264, -1.2062e-07, 0.000962359, 0.000342687
11, 24.099, 4.55822, 1.59248, 2.46297, 0.5, 0.013, 4, 3.95369, 5, 0.00499577, -0.0134925, 6.32565e-08, -0.000214841, -0.00032602
10, 24.1891, 7.03408, 1.5708, 2.50568, 0.5, 0.013, 4, 4.0175, 5, 0.0187187, 0.0170249, 3.8491e-07, -0.00107923, -4.08473e-05

01, 19.8938, 5.99177, -0.0525975, 2.70159, 0.5, 0.013, 4, 4.08615, 5, -0.0297702, -0.000375781, -4.22375e-08, -0.000356183, 2.63118e-05
00, 22.5406, 5.96613, -1.97989e-06, 2.60075, 0.5, 0.013, 4, 3.96546, 5, 0.00484639, -0.00363089, -1.58081e-07, 5.25196e-05, -0.000181502
11, 24.1215, 4.4897, 1.59248, 2.62838, 0.5, 0.013, 4, 3.95369, 5, 0.00399002, -0.0136296, 9.66944e-08, -0.000207369, 7.32161e-05
10, 24.2863, 7.12123, 1.5708, 2.67396, 0.5, 0.013, 4, 4.0175, 5, 0.0203947, 0.017637, 5.17055e-07, 0.000505088, 8.0763e-05

01, 19.7241, 5.98926, -0.0525978, 2.88302, 0.5, 0.013, 4, 4.08615, 5, -0.0361395, -0.000789595, -9.94101e-08, -0.00421161, -0.000316077
00, 22.5465, 5.98415, -1.13026e-06, 2.77541, 0.5, 0.013, 4, 3.96546, 5, 0.0012237, 0.00472179, -1.48472e-07, 0.000874437, -0.00356606
11, 24.181, 4.39766, 1.59247, 2.8049, 0.5, 0.013, 4, 3.95369, 5, 0.0128467, -0.0182211, -4.2853e-08, -0.00276384, 0.00110706
10, 24.388, 7.19814, 1.5708, 2.85354, 0.5, 0.013, 4, 4.0175, 5, 0.0215617, 0.0143291, 8.88828e-07, 0.00610541, 0.00263933

01, 19.5408, 5.98331, -0.0525983, 3.07664, 0.5, 0.013, 4, 4.08615, 5, -0.0372363, -0.00166816, -1.03568e-07, 0.000370371, -0.000171025
00, 22.5512, 6.01422, -5.00501e-07, 2.96181, 0.5, 0.013, 4, 3.96546, 5, 0.00146935, 0.00715879, 5.78682e-08, -8.31898e-05, -0.00066164
11, 24.2443, 4.29756, 1.59247, 2.99327, 0.5, 0.013, 4, 3.95369, 5, 0.0121837, -0.020803, -8.04327e-08, -0.00150911, -0.000621733
10, 24.5006, 7.27426, 1.5708, 3.04518, 0.5, 0.013, 4, 4.0175, 5, 0.0230425, 0.0153377, 6.21009e-07, 0.00116617, 0.00140315

01, 19.3526, 5.97188, -0.0525989, 3.28327, 0.5, 0.013, 4, 4.08615, 5, -0.0381026, -0.00299157, -1.54619e-07, -0.000137048, -0.000314305
00, 22.5587, 6.05529, 5.81222e-08, 3.16072, 0.5, 0.013, 4, 3.96546, 5, 0.00186198, 0.00964843, 9.16989e-08, -0.000131964, 0.000329091
11, 24.3015, 4.1921, 1.59247, 3.19429, 0.5, 0.013, 4, 3.95369, 5, 0.0107281, -0.0215171, -9.39779e-08, -0.000487236, 0.000108631
10, 24.6214, 7.35026, 1.57081, 3.24969, 0.5, 0.013, 4, 4.0175, 5, 0.0249584, 0.0149086, 6.36213e-07, 0.00073942, -0.000124536

01, 19.1623, 5.95283, -0.0525998, 3.50377, 0.5, 0.013, 4, 4.08615, 5, -0.0378012, -0.00468594, -2.0021e-07, 0.000314093, -0.000339987
00, 22.5699, 6.10974, 4.99326e-07, 3.37299, 0.5, 0.013, 4, 3.96546, 5, 0.00276364, 0.012347, 8.16002e-08, 0.00018845, 0.000602107
11, 24.3486, 4.0841, 1.59247, 3.40882, 0.5, 0.013, 4, 3.95369, 5, 0.00810817, -0.0216512, -4.53395e-09, -0.000551159, 3.25499e-05
10, 24.7505, 7.42312, 1.57081, 3.46794, 0.5, 0.013, 4, 4.0175, 5, 0.026359, 0.0140512, 6.07569e-07, 4.35533e-05, -0.000291959

01, 18.9775, 5.92486, -0.0526009, 3.73908, 0.5, 0.013, 4, 4.08615, 5, -0.035992, -0.00653596, -2.55551e-07, 0.000150419, -0.000483767
00, 22.5866, 6.17815, 7.68454e-07, 3.59951, 0.5, 0.013, 4, 3.96546, 5, 0.00368621, 0.0148712, 7.65247e-09, 2.47092e-06, 0.000425017
11, 24.3808, 3.977, 1.59247, 3.63775, 0.5, 0.013, 4, 3.95369, 5, 0.00471399, -0.0208958, 9.84129e-08, -0.000596391, 0.00053259
10, 24.8835, 7.4901, 1.57081, 3.70084, 0.5, 0.013, 4, 4.0175, 5, 0.0269969, 0.0126269, 6.2099e-07, 0.00044226, -0.000466262

01, 18.8013, 5.88644, -0.0526023, 3.99019, 0.5, 0.013, 4, 4.08615, 5, -0.0342179, -0.0088044, -3.02341e-07, 0.000462539, -0.000450071
00, 22.6041, 6.25762, 6.28177e-07, 3.84125, 0.5, 0.013, 4, 3.96546, 5, 0.00310984, 0.0168019, -6.92493e-08, -0.000279804, 0.000339596
11, 24.3981, 3.87924, 1.59247, 3.88206, 0.5, 0.013, 4, 3.95369, 5, 0.00240379, -0.018011, 1.36183e-07, -0.000306942, 0.000740942
10, 25.0219, 7.54719, 1.57081, 3.94939, 0.5, 0.013, 4, 4.0175, 5, 0.0280947, 0.0100959, 5.61799e-07, 0.000120174, -0.00062763

011, 17.4914, 5.90133, -0.00229139, 2.18085, 0.5, 0.013, 4, 3.92899, 5, -0.0406571, -0.00857603, 9.24068e-08, -0.0258097, 0.00169608
010, 19.6122, 5.80598, -0.0526032, 2.07732, 0.5, 0.013, 4, 4.08615, 5, -0.0162365, -0.00688994, -4.06891e-07, 0.0206023, -0.00661889
001, 21.5391, 6.3279, 0.0506278, 2.08256, 0.5, 0.013, 4, 3.90503, 5, -0.0098205, 0.0149735, -2.42427e-07, -0.00850531, 0.00537188
000, 23.5823, 6.32362, 4.67317e-07, 2.01667, 0.5, 0.013, 4, 3.96546, 5, 0.0249198, 0.00868066, 4.57539e-08, 0.017003, -0.000897763
111, 24.4397, 2.69394, 1.54882, 2.11609, 0.5, 0.013, 4, 3.94076, 5, 0.00478207, -0.023288, -4.18682e-09, -0.000294612, 0.00734019
110, 24.3866, 4.763, 1.59247, 2.02668, 0.5, 0.013, 4, 3.95369, 5, 0.00128346, 0.00296771, -1.79359e-09, 0.000381593, -0.00758084
101, 25.162, 6.58893, 1.60927, 2.07697, 0.5, 0.013, 4, 4.06469, 5, 0.0283113, -0.0066737, 2.04446e-09, 0.000607797, -0.00882117
100, 25.1052, 8.6913, 1.57082, 2.13765, 0.5, 0.013, 4, 4.0175, 5, 0.00688687, 0.0167669, -3.27567e-08, -0.00122974, 0.00808667

011, 17.2723, 5.85944, -0.00229124, 2.32732, 0.5, 0.013, 4, 3.92899, 5, -0.042238, -0.00849422, 2.80679e-08, -0.00121909, 6.92993e-05
010, 19.539, 5.76194, -0.0526046, 2.21683, 0.5, 0.013, 4, 4.08615, 5, -0.0140485, -0.00809549, -3.10531e-07, 0.000579001, -0.00126676
001, 21.512, 6.41282, 0.0506268, 2.22242, 0.5, 0.013, 4, 3.90503, 5, -0.00649024, 0.0167497, -1.93014e-07, 0.00026243, 0.00139573
000, 23.6921, 6.36463, 6.51029e-07, 2.15211, 0.5, 0.013, 4, 3.96546, 5, 0.0206802, 0.00780268, 5.35711e-08, 0.000601955, -0.00022156
111, 24.4644, 2.57585, 1.54882, 2.25821, 0.5, 0.013, 4, 3.94076, 5, 0.00511529, -0.0244038, -3.62786e-08, 2.57065e-05, 0.00021315
110, 24.3924, 4.78117, 1.59247, 2.16279, 0.5, 0.013, 4, 3.95369, 5, 0.00100636, 0.00452175, -1.98508e-08, -2.16757e-05, -0.000257382
101, 25.3081, 6.54793, 1.60927, 2.21646, 0.5, 0.013, 4, 4.06469, 5, 0.0300933, -0.00758272, -7.19073e-08, 0.000511587, -0.00069818
100, 25.1323, 8.78154, 1.57082, 2.28121, 0.5, 0.013, 4, 4.0175, 5, 0.00439342, 0.0173971, -9.52661e-08, -0.000512559, 0.000646643

011, 17.0584, 5.81702, -0.00229112, 2.48362, 0.5, 0.013, 4, 3.92899, 5, -0.0424917, -0.00853351, 2.17417e-08, 0.000138629, -2.56227e-05
010, 19.4781, 5.72151, -0.0526059, 2.36571, 0.5, 0.013, 4, 4.08615, 5, -0.0106851, -0.00741281, -2.26878e-07, 0.000264625, 1.3614e-05
001, 21.4706, 6.4981, 0.0506262, 2.37167, 0.5, 0.013, 4, 3.90503, 5, -0.00974897, 0.0165634, -1.16616e-07, -0.000470162, 5.03612e-05
000, 23.7963, 6.43858, 2.62354e-06, 2.29665, 0.5, 0.013, 4, 3.96546, 5, 0.0208391, 0.0163743, 2.6158e-07, 0.000129016, -0.00225417
111, 24.4921, 2.43519, 1.54882, 2.40987, 0.5, 0.013, 4, 3.94076, 5, 0.00591363, -0.0305872, -6.82316e-08, 2.15362e-05, 0.000560644
110, 24.3972, 4.78624, 1.59247, 2.30805, 0.5, 0.013, 4, 3.95369, 5, 0.000282381, 0.00177396, -3.89463e-08, -7.33557e-05, 0.0014883
101, 25.4634, 6.51217, 1.60927, 2.36532, 0.5, 0.013, 4, 4.06469, 5, 0.0319606, -0.00631777, -1.35361e-07, 0.000342566, 0.000414298
100, 25.1494, 8.86634, 1.57081, 2.43442, 0.5, 0.013, 4, 4.0175, 5, 0.00251501, 0.0161348, -1.54031e-07, -0.0003434, -0.000411428

011, 16.8477, 5.77396, -0.00229102, 2.65041, 0.5, 0.013, 4, 3.92899, 5, -0.0419268, -0.00870032, 1.47637e-08, -5.19478e-05, -3.73108e-05
010, 19.431, 5.69003, -0.0526067, 2.52458, 0.5, 0.013, 4, 4.08615, 5, -0.00810642, -0.00496767, -1.17542e-07, 0.000557993, 0.000512154
001, 21.416, 6.57578, 0.0506259, 2.53095, 0.5, 0.013, 4, 3.90503, 5, -0.0122898, 0.0142959, -1.92893e-08, -0.000454612, -0.000493061
000, 23.8985, 6.52046, 4.20205e-06, 2.45089, 0.5, 0.013, 4, 3.96546, 5, 0.0203166, 0.0171934, 3.13318e-07, -4.03385e-05, 0.00072535
111, 24.5224, 2.28546, 1.54882, 2.57171, 0.5, 0.013, 4, 3.94076, 5, 0.00642344, -0.0309183, -9.12084e-08, 0.000125436, -0.000162201
110, 24.3975, 4.79134, 1.59247, 2.46305, 0.5, 0.013, 4, 3.95369, 5, -0.000306288, 0.00119844, -5.7333e-08, -0.000125142, -0.000562019
101, 25.6273, 6.48601, 1.60927, 2.52417, 0.5, 0.013, 4, 4.06469, 5, 0.0334959, -0.00393269, -1.85612e-07, 0.000229649, 0.000606378
100, 25.1579, 8.94162, 1.57081, 2.59791, 0.5, 0.013, 4, 4.0175, 5, 0.000974035, 0.0137618, -1.99452e-07, -0.000231991, -0.000602669

011, 16.6382, 5.72983, -0.00229098, 2.82841, 0.5, 0.013, 4, 3.92899, 5, -0.0419543, -0.00897603, 2.90487e-09, -0.000189298, -7.1597e-05
010, 19.396, 5.67309, -0.052607, 2.69413, 0.5, 0.013, 4, 4.08615, 5, -0.00600317, -0.00151523, -1.60675e-08, 0.000406965, 0.000509645
001, 21.3434, 6.64005, 0.0506261, 2.70093, 0.5, 0.013, 4, 3.90503, 5, -0.0158408, 0.0110119, 9.04585e-08, -0.00153775, -0.000427694
000, 23.9943, 6.60885, 5.52938e-06, 2.61549, 0.5, 0.013, 4, 3.96546, 5, 0.0187761, 0.0182977, 2.42333e-07, 0.000390263, 0.000533004
111, 24.5564, 2.12801, 1.54882, 2.74442, 0.5, 0.013, 4, 3.94076, 5, 0.00722376, -0.0321648, -1.22771e-07, 0.000210785, -0.000407684
110, 24.3941, 4.79718, 1.59247, 2.62847, 0.5, 0.013, 4, 3.95369, 5, -0.00111148, 0.00131971, -8.72117e-08, -0.000213456, -0.000165593
101, 25.8065, 6.47804, 1.60927, 2.69369, 0.5, 0.013, 4, 4.06469, 5, 0.0365336, 0.000617678, -1.90062e-07, 0.000651399, 0.0011874
100, 25.1623, 8.99926, 1.57081, 2.77238, 0.5, 0.013, 4, 4.0175, 5, 0.000932086, 0.00935371, -1.64724e-07, 0.000309954, -0.00113784

011, 16.4266, 5.68387, -0.00229101, 3.01837, 0.5, 0.013, 4, 3.92899, 5, -0.0427544, -0.00944039, -1.51169e-08, -0.00017791, -0.000111056
010, 19.369, 5.6691, -0.0526071, 2.87507, 0.5, 0.013, 4, 4.08615, 5, -0.00485569, -0.000345694, -3.52919e-08, 0.000189946, 0.000136438
001, 21.2567, 6.69154, 0.0506265, 2.88232, 0.5, 0.013, 4, 3.90503, 5, -0.0187874, 0.00980469, 6.44391e-08, -0.000626263, -0.000167733
111, 24.5952, 1.96379, 1.54882, 2.92874, 0.5, 0.013, 4, 3.94076, 5, 0.00829993, -0.0334217, -1.57435e-07, 0.000232204, -0.000170743
000, 24.0879, 6.70409, 6.48046e-06, 2.79114, 0.5, 0.013, 4, 3.96546, 5, 0.0182489, 0.0197217, 1.44468e-07, -0.00021655, 0.000253458
110, 24.3859, 4.80423, 1.59247, 2.80499, 0.5, 0.013, 4, 3.95369, 5, -0.00219335, 0.00153312, -1.22389e-07, -0.000232888, 2.50333e-05
101, 25.9905, 6.49477, 1.60927, 2.8746, 0.5, 0.013, 4, 4.06469, 5, 0.0368927, 0.00622261, -9.8042e-08, -8.69723e-05, 0.00113157
100, 25.1721, 9.03269, 1.57081, 2.95857, 0.5, 0.013, 4, 4.0175, 5, 0.00366598, 0.00388903, -3.13193e-08, 0.000907963, -0.00110039

011, 16.2105, 5.63513, -0.00229114, 3.22108, 0.5, 0.013, 4, 3.92899, 5, -0.043681, -0.0100843, -3.76723e-08, -0.000176736, -0.000146152
010, 19.3471, 5.66907, -0.0526073, 3.06815, 0.5, 0.013, 4, 4.08615, 5, -0.0039071, 0.000345695, -5.93487e-08, 0.000176981, 0.000148945
001, 21.1555, 6.73821, 0.0506267, 3.07589, 0.5, 0.013, 4, 3.90503, 5, -0.0213678, 0.00879563, 2.78886e-08, -0.000408907, -0.000245534
111, 24.6399, 1.79433, 1.54881, 3.12543, 0.5, 0.013, 4, 3.94076, 5, 0.00965192, -0.0342753, -2.0117e-07, 0.000297808, -0.000114505
000, 24.1774, 6.80638, 6.96476e-06, 2.97859, 0.5, 0.013, 4, 3.96546, 5, 0.0177236, 0.0212007, 4.68663e-08, -6.095e-05, 0.000298811
110, 24.3717, 4.81242, 1.59247, 2.99337, 0.5, 0.013, 4, 3.95369, 5, -0.00355219, 0.0017529, -1.67184e-07, -0.000299167, 4.02467e-05
101, 26.1757, 6.53506, 1.60927, 3.06765, 0.5, 0.013, 4, 4.06469, 5, 0.0375226, 0.00894705, -9.76866e-08, 0.000353893, 0.000136762
100, 25.1988, 9.04318, 1.57081, 3.15727, 0.5, 0.013, 4, 4.0175, 5, 0.00616115, 0.00122196, 0, 0.000125228, -0.000130337

011, 15.9899, 5.58272, -0.00229139, 3.4374, 0.5, 0.013, 4, 3.92899, 5, -0.0445522, -0.0109159, -6.49197e-08, -0.000160185, -0.000186493
010, 19.3297, 5.67282, -0.0526077, 3.27421, 0.5, 0.013, 4, 4.08615, 5, -0.00303633, 0.00118641, -8.80278e-08, 0.000159427, 0.000187892
001, 21.0438, 6.77873, 0.0506267, 3.28247, 0.5, 0.013, 4, 3.90503, 5, -0.0240231, 0.00734871, -1.27e-08, 0.000983127, -0.000149709
111, 24.7037, 1.66551, 1.54881, 3.33533, 0.5, 0.013, 4, 3.94076, 5, 0.0462982, 0.0527731, -5.66553e-06, 0.0377429, 0.781085
000, 24.2668, 6.90355, 3.39893e-06, 3.17863, 0.5, 0.013, 4, 3.96546, 5, 0.0190509, 0.0521792, -2.45581e-06, -0.00259077, 0.163019
110, 24.3377, 4.83558, 1.59247, 3.19441, 0.5, 0.013, 4, 3.95369, 5, -0.0421405, 0.0208963, -3.50002e-06, -0.0392394, -0.0981942
101, 26.3666, 6.58072, 1.60927, 3.27367, 0.5, 0.013, 4, 4.06469, 5, 0.0386806, 0.00922298, -1.36708e-07, 0.00145685, 6.75251e-05
100, 25.2304, 9.07771, 1.57081, 3.36931, 0.5, 0.013, 4, 4.0175, 5, 0.00640455, 0.046667, 9.8257e-11, 1.33034e-05, 0.0276673

011, 15.7653, 5.52562, -0.00229179, 3.66826, 0.5, 0.013, 4, 3.92899, 5, -0.0452665, -0.0119596, -9.67651e-08, -0.000118361, -0.000230888
010, 19.3164, 5.68129, -0.0526082, 3.4941, 0.5, 0.013, 4, 4.08615, 5, -0.00232718, 0.00223719, -1.2106e-07, 0.000116852, 0.00023235
001, 20.9349, 6.80847, 0.0506262, 3.50292, 0.5, 0.013, 4, 3.90503, 5, -0.0241788, 0.00368509, -2.18792e-07, -0.00507137, -0.00177895
111, 24.9395, 1.77932, 1.5488, 3.55933, 0.5, 0.013, 4, 3.94076, 5, 0.0303817, 0.0231302, -6.56099e-08, -0.00951685, 0.000502246
000, 24.3486, 7.10097, -4.84655e-06, 3.3921, 0.5, 0.013, 4, 3.96546, 5, 0.0181551, 0.00587699, -1.514e-06, 0.00698415, -0.0170277
110, 24.1298, 4.84571, 1.59246, 3.40894, 0.5, 0.013, 4, 3.95369, 5, -0.0237922, 0.00414261, -4.06374e-08, 0.00994097, -0.00392405
101, 26.5619, 6.62698, 1.60927, 3.49353, 0.5, 0.013, 4, 4.06469, 5, 0.0397287, 0.00928646, -9.22538e-08, -0.00163657, -6.16441e-05
100, 25.2625, 9.39235, 1.57081, 3.59559, 0.5, 0.013, 4, 4.0175, 5, 0.00643144, 0.0398152, 7.10499e-11, 2.00082e-06, 0.00552513

011, 15.5377, 5.46275, -0.00229237, 3.91461, 0.5, 0.013, 4, 3.92899, 5, -0.0456884, -0.0132238, -1.32175e-07, -4.28617e-05, -0.000273322
010, 19.306, 5.69556, -0.0526089, 3.72876, 0.5, 0.013, 4, 4.08615, 5, -0.0019154, 0.00350883, -1.57184e-07, 4.01471e-05, 0.000274774
001, 20.8009, 6.81945, 0.0506253, 3.73817, 0.5, 0.013, 4, 3.90503, 5, -0.0292744, 0.00102575, -2.19503e-07, -0.00258074, -0.000780614
111, 25.0408, 1.89881, 1.5488, 3.79837, 0.5, 0.013, 4, 3.94076, 5, 0.0154307, 0.024683, -2.3864e-08, -0.00395035, 0.000327052
000, 24.4436, 7.1283, -9.59914e-06, 3.61991, 0.5, 0.013, 4, 3.96546, 5, 0.0216252, 0.00249097, -3.2926e-07, 0.00290594, 0.00726779
110, 24.0618, 4.81075, 1.59246, 3.63788, 0.5, 0.013, 4, 3.95369, 5, -0.00891039, -0.0192504, 2.25777e-09, 0.00405029, 0.00337379
101, 26.7693, 6.67376, 1.60927, 3.72815, 0.5, 0.013, 4, 4.06469, 5, 0.0414156, 0.00935429, -1.30352e-07, -0.000249014, -9.39517e-06
100, 25.2947, 9.54838, 1.57081, 3.83706, 0.5, 0.013, 4, 4.0175, 5, 0.00643557, 0.0356317, 0, -1.52102e-07, -0.0120687

0111, 14.2525, 5.40078, 0.047733, 2.0765, 0.5, 0.013, 4, 3.92817, 5, -0.0471188, -0.0135129, 0, 0.00131715, -4.77479e-05
0011, 19.6206, 6.76987, 0.0145984, 1.98175, 0.5, 0.013, 4, 4.05397, 5, -0.0616601, -0.0015379, 0, 0.0329988, 0.00205039
0110, 16.376, 5.37699, -0.0022934, 2.10102, 0.5, 0.013, 4, 3.92899, 5, -0.0308911, -0.00921665, 0, -0.000284448, 0.000422146
010, 19.3346, 5.72879, -0.05261, 3.97918, 0.5, 0.013, 4, 4.08615, 5, -0.0071307, 0.00253632, 0, -0.00315329, -0.00102083
0010, 21.6665, 6.85951, 0.0506235, 2.00747, 0.5, 0.013, 4, 3.90503, 5, -0.0238263, -0.00561599, -5.28977e-07, -0.0316752, -0.00301299
1111, 25.0685, 1.02346, 1.4868, 2.02345, 0.5, 0.013, 4, 4.00418, 5, 0.00830483, 0.0122895, -8.76736e-07, 0.00179881, -0.230731
1110, 25.1106, 3.03011, 1.5488, 2.03001, 0.5, 0.013, 4, 3.94076, 5, 0.00611022, 0.0865772, -3.13148e-07, -0.0020976, 0.145365
000, 24.5525, 7.16912, -1.38293e-05, 3.86302, 0.5, 0.013, 4, 3.96546, 5, 0.0220386, 0.0158349, -4.89538e-07, 0.01377, 0.00371521
110, 24.0466, 4.71282, 1.59246, 3.8822, 0.5, 0.013, 4, 3.95369, 5, 0.000146867, -0.0178107, 0, 0.000627081, 0.00386553
101, 27.0122, 6.72191, 1.60927, 3.97853, 0.5, 0.013, 4, 4.06469, 5, 0.0621705, 0.0101535, 0, -0.011265, -0.000433542
1001, 25.3275, 8.76228, 1.53397, 1.9972, 0.5, 0.013, 4, 4.09277, 5, 0.00685464, 0.0125422, -3.2496e-08, -0.00010887, 0.00790755
1000, 25.3263, 10.8063, 1.57081, 2.09755, 0.5, 0.013, 4, 4.0175, 5, 0.00602286, 0.0253253, -1.12631e-08, 9.17839e-05, -0.0151441

0111, 13.7873, 5.35325, 0.0477343, 2.21595, 0.5, 0.013, 4, 3.92817, 5, -0.071028, -0.0113468, 0, 0.0208886, -0.00182885
0101, 18.1896, 5.86583, -0.0847185, 2.16975, 0.5, 0.013, 4, 4.02606, 5, -0.00781907, 0.00482773, 0, 0.00653939, 0.00213966
0011, 19.4689, 6.90628, 0.014593, 2.11484, 0.5, 0.013, 4, 4.05397, 5, -0.0263784, 0.0166212, 0, -0.0026631, -0.0145416
0110, 16.1725, 5.13776, -0.00229946, 2.24212, 0.5, 0.013, 4, 3.92899, 5, -0.0286555, -0.0255905, 0, -0.00203618, 0.0136029
0100, 20.4268, 5.64576, -0.0526098, 2.07667, 0.5, 0.013, 4, 4.08615, 5, -0.0109335, -0.0111229, 0, -0.0215366, 0.000904612
0001, 23.6354, 7.43427, -0.0518898, 2.04267, 0.5, 0.013, 4, 3.9157, 5, 2.93037e-05, 0.0332102, 1.57716e-07, 0.00779049, -0.00997295
0010, 21.6245, 6.87972, 0.0506232, 2.14229, 0.5, 0.013, 4, 3.90503, 5, 0.00148728, 0.00833963, 0, 0.00114052, 0.000417602
1101, 24.0767, 3.53911, 1.58164, 2.0449, 0.5, 0.013, 4, 3.94192, 5, 0.00156569, -0.023716, 0, -0.000348983, 0.0119602
1111, 25.1082, 1.0776, 1.48679, 2.15935, 0.5, 0.013, 4, 4.00418, 5, 0.00864337, 0.0139945, -4.7744e-07, 0.000382352, 0.00013787
1110, 25.1417, 3.22996, 1.5488, 2.16634, 0.5, 0.013, 4, 3.94076, 5, 0.00545893, 0.050974, -1.31407e-07, -0.000385487, 0.00674321
1011, 27.2891, 5.69156, 1.56541, 2.13233, 0.5, 0.013, 4, 4.08738, 5, 0.04205, -0.00425134, -2.75093e-09, -0.000613345, 0.00986042
0000, 25.6591, 7.15146, -1.09411e-05, 2.07979, 0.5, 0.013, 4, 3.96546, 5, 0.0140116, -0.065675, 1.78678e-06, -0.00694676, -0.0105759
1100, 24.0144, 5.6768, 1.59246, 2.09802, 0.5, 0.013, 4, 3.95369, 5, 0.000196914, -0.00957263, 0, 0.000939956, -0.0014598
1010, 27.2454, 7.81285, 1.60927, 2.11339, 0.5, 0.013, 4, 4.06469, 5, 0.0438924, 0.02308, 1.17027e-09, -0.00229699, -0.010143
1001, 25.3673, 8.70861, 1.53397, 2.13133, 0.5, 0.013, 4, 4.09277, 5, 0.0120881, -0.0773826, -4.40138e-07, -0.000835265, 0.0560052
1000, 25.3511, 10.881, 1.57081, 2.23842, 0.5, 0.013, 4, 4.0175, 5, 0.0010123, -0.0180757, -1.69404e-07, 0.000571861, -0.426705

0111, 13.5281, 5.28811, 0.0477343, 2.36477, 0.5, 0.013, 4, 3.92817, 5, -0.0461321, -0.0135265, 0, 0.000385841, -3.37815e-05
0101, 18.1185, 5.91154, -0.0847182, 2.31547, 0.5, 0.013, 4, 4.02606, 5, -0.0175793, 0.010872, 2.9122e-07, -0.0240463, 0.00668319
0011, 19.3255, 6.92664, 0.014593, 2.25687, 0.5, 0.013, 4, 4.05397, 5, -0.0293026, 0.000654, 0, -3.45862e-05, -0.000188855
0110, 16.0198, 5.07326, -0.00229946, 2.3927, 0.5, 0.013, 4, 3.92899, 5, -0.0311309, -0.00905283, 0, -4.0827e-05, 0.000272749
0100, 20.3448, 5.58155, -0.0526094, 2.21613, 0.5, 0.013, 4, 4.08615, 5, -0.0168563, -0.0136987, 3.51623e-07, 0.0261311, -0.00721857
0001, 23.7087, 7.55516, -0.0518892, 2.17985, 0.5, 0.013, 4, 3.9157, 5, 0.0243819, 0.0198247, 0, 0.00342383, -0.00202036
0010, 21.6369, 6.92326, 0.0506232, 2.28617, 0.5, 0.013, 4, 3.90503, 5, 0.00276892, 0.0088089, 0, 1.63971e-05, 6.00381e-06
1101, 24.0844, 3.44132, 1.58164, 2.18223, 0.5, 0.013, 4, 3.94192, 5, 0.0016028, -0.0201699, -3.06769e-10, -0.000330441, 0.00736391
1111, 25.1534, 1.14986, 1.48679, 2.30436, 0.5, 0.013, 4, 4.00418, 5, 0.00976216, 0.0149242, -4.22123e-07, 0.000358403, 0.000193415
1110, 25.167, 3.44721, 1.5488, 2.31183, 0.5, 0.013, 4, 3.94076, 5, 0.00433586, 0.0432251, -1.58426e-07, -0.000358005, 6.06943e-05
1011, 27.4977, 5.668, 1.56541, 2.27554, 0.5, 0.013, 4, 4.08738, 5, 0.0416472, -0.00559776, -1.4123e-08, -2.7598e-05, 0.000945796
0000, 25.6591, 6.8641, -5.1818e-06, 2.21947, 0.5, 0.013, 4, 3.96546, 5, -0.00958801, -0.0554842, 1.03732e-06, -0.00342715, -0.00987356
1100, 24.0182, 5.65047, 1.59246, 2.23892, 0.5, 0.013, 4, 3.95369, 5, 0.000811243, -0.00223067, -2.12393e-10, 0.000327852, -0.00702947
1010, 27.4539, 7.93008, 1.60927, 2.25532, 0.5, 0.013, 4, 4.06469, 5, 0.0410923, 0.0243071, 7.58694e-09, -9.94585e-06, -0.000968038
1001, 25.4368, 8.49308, 1.53397, 2.27447, 0.5, 0.013, 4, 4.09277, 5, 0.0184991, -0.0406567, -8.34303e-07, 0.00279401, 0.0103222
1000, 25.3466, 10.8057, 1.57081, 2.38876, 0.5, 0.013, 4, 4.0175, 5, -0.00542762, -0.0155224, -5.5466e-07, -0.00272346, -0.000182647

0110, 15.8639, 5.02937, -0.00229946, 2.55339, 0.5, 0.013, 4, 3.92899, 5, -0.0311861, -0.0086846, 0, -1.23782e-06, 8.26938e-06
0111, 13.2994, 5.22031, 0.0477343, 2.52359, 0.5, 0.013, 4, 3.92817, 5, -0.0456207, -0.0135712, 0, 1.09079e-05, -9.55021e-07
0101, 17.9788, 5.97195, -0.0847175, 2.47098, 0.5, 0.013, 4, 4.02606, 5, -0.0268216, 0.00745119, 2.67007e-07, 0.00251693, 0.00641686
0011, 19.1803, 6.94593, 0.0145919, 2.40844, 0.5, 0.013, 4, 4.05397, 5, -0.0285348, 0.00996329, 0, -0.000574705, -0.00676301
1100, 23.9842, 5.66069, 1.59247, 2.38929, 0.5, 0.013, 4, 3.95369, 5, -0.02724, 0.00195753, -1.04526e-08, 0.0201657, -0.00625373
0100, 20.3124, 5.49006, -0.052608, 2.36497, 0.5, 0.013, 4, 4.08615, 5, -0.00838183, -0.0197629, 2.97373e-07, -0.00205254, 2.75531e-05
0001, 23.846, 7.6452, -0.0518892, 2.32625, 0.5, 0.013, 4, 3.9157, 5, 0.0283488, 0.0174839, 0, 5.6147e-05, -3.31317e-05
0010, 21.6509, 6.96733, 0.0506232, 2.4397, 0.5, 0.013, 4, 3.90503, 5, 0.0027895, 0.00881643, 0, 3.74698e-07, 1.37195e-07
1101, 24.0943, 3.30696, 1.58164, 2.32879, 0.5, 0.013, 4, 3.94192, 5, 0.00257202, -0.0331256, -1.22456e-08, -0.000736713, 0.0131271
1111, 25.2084, 1.22696, 1.48679, 2.45912, 0.5, 0.013, 4, 4.00418, 5, 0.0124157, 0.0159278, -5.5643e-07, 0.000707274, 0.000207433
1110, 25.1825, 3.67485, 1.5488, 2.46709, 0.5, 0.013, 4, 3.94076, 5, 0.00168464, 0.0467094, -2.71859e-07, -0.00070665, 0.000692805
1011, 27.7059, 5.63888, 1.56541, 2.42836, 0.5, 0.013, 4, 4.08738, 5, 0.0416637, -0.00639022, -1.66006e-08, 8.44033e-06, -0.000295399
0000, 25.6321, 6.5988, -3.33185e-06, 2.36853, 0.5, 0.013, 4, 3.96546, 5, 0.0135606, -0.0484473, 1.97584e-07, -0.0199334, 0.00456334
1010, 27.6592, 8.05273, 1.60927, 2.40679, 0.5, 0.013, 4, 4.06469, 5, 0.041029, 0.0250956, 8.50407e-09, -9.26691e-06, 0.000296263
1001, 25.5756, 8.30608, 1.53396, 2.42722, 0.5, 0.013, 4, 4.09277, 5, 0.0406057, -0.0298942, -1.8747e-06, 0.00868903, -0.014013
1000, 25.2739, 10.7254, 1.57081, 2.54918, 0.5, 0.013, 4, 4.0175, 5, -0.0270908, -0.0165783, -1.61767e-06, -0.00845462, -0.000253105

0110, 15.7332, 4.98043, -0.00229918, 2.72487, 0.5, 0.013, 4, 3.92899, 5, -0.0232985, -0.0104073, 0, -0.00454813, 0.00100055
0111, 13.0458, 5.15807, 0.0477347, 2.69307, 0.5, 0.013, 4, 3.92817, 5, -0.0534826, -0.0118402, 0, 0.00462909, -0.00101795
0101, 17.8469, 6.01803, -0.0847166, 2.63693, 0.5, 0.013, 4, 4.02606, 5, -0.0242426, 0.00957343, 2.46971e-07, 0.00203335, 0.000770381
0011, 19.0377, 6.99665, 0.0145901, 2.57019, 0.5, 0.013, 4, 4.05397, 5, -0.0284538, 0.0109221, -3.10349e-07, -8.19861e-05, -0.000965957
1100, 23.8997, 5.66787, 1.59247, 2.54975, 0.5, 0.013, 4, 3.95369, 5, -0.0158122, 0.00218961, 2.84332e-08, 0.006304, 0.00296466
0100, 20.2684, 5.38113, -0.052606, 2.5238, 0.5, 0.013, 4, 4.08615, 5, -0.0110736, -0.0229219, 3.97926e-07, -0.00201677, 0.000189233
0001, 23.988, 7.73246, -0.0518892, 2.48248, 0.5, 0.013, 4, 3.9157, 5, 0.0284213, 0.0174411, 0, 1.43451e-06, -8.46488e-07
0010, 21.6648, 7.01141, 0.0506232, 2.60355, 0.5, 0.013, 4, 3.90503, 5, 0.00279003, 0.00881663, 0, 1.27034e-08, 4.65133e-09
1101, 24.1088, 3.17098, 1.58164, 2.48519, 0.5, 0.013, 4, 3.94192, 5, 0.00347915, -0.025724, -1.12133e-07, 0.000753126, -0.0023815
1111, 25.2804, 1.30925, 1.48679, 2.62428, 0.5, 0.013, 4, 4.00418, 5, 0.016755, 0.0169974, -7.1254e-07, 0.00106563, 0.000220871
1110, 25.181, 3.91017, 1.5488, 2.63278, 0.5, 0.013, 4, 3.94076, 5, -0.00265174, 0.0471058, -4.37174e-07, -0.00106504, -0.000321113
1011, 27.9143, 5.60455, 1.56541, 2.59145, 0.5, 0.013, 4, 4.08738, 5, 0.041697, -0.0073855, -1.75826e-08, 7.93687e-06, -0.000233415
0000, 25.6455, 6.45759, -3.46825e-06, 2.52759, 0.5, 0.013, 4, 3.96546, 5, 0.00098228, -0.0110714, -6.81526e-08, -0.00712582, 0.000684223
1010, 27.8642, 8.18058, 1.60927, 2.56843, 0.5, 0.013, 4, 4.06469, 5, 0.0409946, 0.0260903, 8.41085e-09, -7.97518e-06, 0.000233794
1001, 25.777, 8.24952, 1.53395, 2.59023, 0.5, 0.013, 4, 4.09277, 5, 0.0380324, 0.00424016, -1.13593e-06, -0.000289643, 0.00753755
1000, 25.1375, 10.6398, 1.5708, 2.72038, 0.5, 0.013, 4, 4.0175, 5, -0.0253131, -0.0176833, -1.05456e-06, 0.00032522, -0.000230187

0110, 15.6293, 4.92556, -0.00229877, 2.90787, 0.5, 0.013, 4, 3.92899, 5, -0.0210444, -0.0109314, 6.20323e-08, -0.000841182, 0.000179296
0111, 12.7657, 5.10173, 0.0477352, 2.87393, 0.5, 0.013, 4, 3.92817, 5, -0.0557302, -0.0113167, 7.63395e-08, 0.000849492, -0.000181078
0101, 17.7343, 6.06798, -0.0847149, 2.81402, 0.5, 0.013, 4, 4.02606, 5, -0.0196787, 0.0102862, 3.63219e-07, 0.00138349, -0.000334124
0011, 18.8959, 7.05712, 0.0145881, 2.7428, 0.5, 0.013, 4, 4.05397, 5, -0.0283127, 0.0125803, -4.34197e-07, 3.60264e-05, 0.000423374
1100, 23.8187, 5.6832, 1.59247, 2.72099, 0.5, 0.013, 4, 3.95369, 5, -0.016818, 0.0033737, 3.21633e-07, -0.00100335, -0.000435214
0100, 20.2041, 5.25856, -0.0526036, 2.69329, 0.5, 0.013, 4, 4.08615, 5, -0.0157897, -0.0252793, 4.88828e-07, -0.00143372, -6.52198e-05
0010, 21.6788, 7.0555, 0.0506232, 2.7784, 0.5, 0.013, 4, 3.90503, 5, 0.00279005, 0.00881663, 0, 6.0462e-10, 2.21381e-10
1101, 24.1302, 3.04089, 1.58164, 2.65209, 0.5, 0.013, 4, 3.94192, 5, 0.00509937, -0.0261189, -1.38417e-07, 0.000186017, 0.000465108
1111, 25.3793, 1.39706, 1.48678, 2.80052, 0.5, 0.013, 4, 4.00418, 5, 0.0230607, 0.018139, -8.93965e-07, 0.00135866, 0.000235829
1110, 25.1526, 4.1383, 1.5488, 2.8096, 0.5, 0.013, 4, 3.94076, 5, -0.00895439, 0.0430293, -6.54022e-07, -0.00135837, -0.0015747
0001, 24.1062, 7.82054, -0.0518892, 2.6492, 0.5, 0.013, 4, 3.9157, 5, 0.0153272, 0.0179227, -1.38885e-08, -0.00842342, 0.000310487
0000, 25.6483, 6.44462, -3.58223e-06, 2.69734, 0.5, 0.013, 4, 3.96546, 5, 0.000387612, 0.00309289, -1.14687e-08, 0.000824055, 0.000695512
1001, 25.9468, 8.33515, 1.53395, 2.76419, 0.5, 0.013, 4, 4.09277, 5, 0.0277162, 0.0296051, 6.11412e-07, 0.00317914, 0.00342249
1000, 25.053, 10.5485, 1.5708, 2.90308, 0.5, 0.013, 4, 4.0175, 5, -0.00283583, -0.0188698, 3.53958e-13, 0.00492501, -0.000245373
1011, 28.1229, 5.56479, 1.56541, 2.76549, 0.5, 0.013, 4, 4.08738, 5, 0.0417385, -0.00852204, -1.88227e-08, 8.80914e-06, -0.000226198
1010, 28.0691, 8.31386, 1.60927, 2.74092, 0.5, 0.013, 4, 4.06469, 5, 0.0409531, 0.0272272, 8.21234e-09, -8.81535e-06, 0.000226196

0110, 15.5331, 4.86871, -0.0022983, 3.10316, 0.5, 0.013, 4, 3.92899, 5, -0.0188208, -0.0115038, 1.07835e-07, 0.00115864, -0.000288003
0111, 12.4779, 5.04737, 0.0477357, 3.06695, 0.5, 0.013, 4, 3.92817, 5, -0.0579717, -0.0107399, 1.31974e-07, -0.0011762, 0.00029216
0101, 17.6535, 6.11768, -0.084713, 3.00301, 0.5, 0.013, 4, 4.02606, 5, -0.0120566, 0.00920221, 3.50067e-07, 0.00181725, -0.000579018
0011, 18.7541, 7.12137, 0.014586, 2.927, 0.5, 0.013, 4, 4.05397, 5, -0.031067, 0.0127172, -2.76064e-07, -0.0131417, 0.000833046
1100, 23.7299, 5.70437, 1.59247, 2.90373, 0.5, 0.013, 4, 3.95369, 5, -0.0180545, 0.00462748, 2.72536e-07, -0.00165388, -0.00118057
0100, 20.1073, 5.13271, -0.0526012, 2.87417, 0.5, 0.013, 4, 4.08615, 5, -0.0234558, -0.0240246, 3.86216e-07, -0.00180035, 0.000952625
0010, 21.6905, 7.09596, 0.0506226, 2.965, 0.5, 0.013, 4, 3.90503, 5, -0.000239121, 0.000622144, -3.52341e-07, 0.0103232, -0.00493661
1101, 24.115, 2.90559, 1.58164, 2.8302, 0.5, 0.013, 4, 3.94192, 5, -0.00565261, -0.0274523, -1.92514e-08, 0.00129442, 0.00120652
1111, 25.5164, 1.49076, 1.48678, 2.9886, 0.5, 0.013, 4, 4.00418, 5, 0.0310841, 0.0193576, -8.55605e-07, -0.00155425, 0.000247221
1110, 25.1302, 4.34492, 1.54879, 2.99828, 0.5, 0.013, 4, 3.94076, 5, -0.00463843, 0.037474, -3.85378e-07, 0.000281812, -0.0071539
0001, 24.1554, 7.91508, -0.0518899, 2.82712, 0.5, 0.013, 4, 3.9157, 5, 0.0110616, 0.0267319, -5.44156e-07, -0.00240925, 0.00398026
0000, 25.6499, 6.46396, -3.63271e-06, 2.8785, 0.5, 0.013, 4, 3.96546, 5, -0.000175003, 0.00416749, -1.22589e-08, 0.00186771, 7.85363e-05
1001, 26.0872, 8.50384, 1.53395, 2.94983, 0.5, 0.013, 4, 4.09277, 5, 0.030034, 0.0353817, 7.31219e-07, 0.00449594, 5.55361e-05
1000, 25.0689, 10.451, 1.5708, 3.09805, 0.5, 0.013, 4, 4.0175, 5, 0.00583706, -0.0201371, 3.80135e-13, 0.000375633, -0.000261782
1011, 28.3317, 5.51923, 1.56541, 2.95122, 0.5, 0.013, 4, 4.08738, 5, 0.0417876, -0.00971899, -2.02628e-08, 1.08143e-05, -0.000248684
1010, 28.2737, 8.45296, 1.60927, 2.925, 0.5, 0.013, 4, 4.06469, 5, 0.0409039, 0.0284246, 7.80148e-09, -1.08243e-05, 0.00024878

0110, 15.4433, 4.80989, -0.0022978, 3.31157, 0.5, 0.013, 4, 3.92899, 5, -0.0173284, -0.0119841, 1.12151e-07, 0.000568249, -0.00017104
0111, 12.1837, 4.99497, 0.0477364, 3.27292, 0.5, 0.013, 4, 3.92817, 5, -0.059468, -0.0102582, 1.36098e-07, -0.000573364, 0.000172411
0100, 19.9684, 5.0309, -0.0526002, 3.0672, 0.5, 0.013, 4, 4.08615, 5, -0.0317515, -0.015136, 0, -0.00123207, 0.00245039
0101, 17.6155, 6.15383, -0.0847119, 3.20469, 0.5, 0.013, 4, 4.02606, 5, -0.00333645, 0.00545402, 1.45399e-08, 0.00144096, -0.000208731
0011, 18.5391, 7.18385, 0.0145854, 3.12357, 0.5, 0.013, 4, 4.05397, 5, -0.0753631, 0.0130954, 1.61956e-08, 0.0111439, -0.00371399
1100, 23.6738, 5.71832, 1.59246, 3.09874, 0.5, 0.013, 4, 3.95369, 5, 0.0155259, -0.00518616, 1.72445e-07, -0.0261821, 0.00786541
0010, 21.6716, 7.14306, 0.0506262, 3.16413, 0.5, 0.013, 4, 3.90503, 5, -0.0334448, 0.0244993, -3.66744e-07, 0.0116981, -0.0160925
1101, 24.0737, 2.73387, 1.58164, 3.02028, 0.5, 0.013, 4, 3.94192, 5, -0.0112745, -0.0553748, -4.09577e-07, 0.0125708, 0.00541184
1111, 25.7115, 1.59077, 1.48677, 3.18931, 0.5, 0.013, 4, 4.00418, 5, 0.0413136, 0.0206548, -2.48862e-07, -0.0122312, 0.000260127
1110, 25.0969, 4.46077, 1.54879, 3.19965, 0.5, 0.013, 4, 3.94076, 5, 0.00303244, 0.00790249, -2.40229e-07, -0.00142872, -0.0128654
0000, 25.6858, 6.55777, -5.6995e-06, 3.07181, 0.5, 0.013, 4, 3.96546, 5, 0.0302738, 0.0280251, -2.64494e-07, 0.00177692, -0.00460806
0001, 24.2038, 8.03653, -0.0518914, 3.01698, 0.5, 0.013, 4, 3.9157, 5, 0.0119492, 0.0333206, -8.8393e-07, -0.00266266, 0.00581806
1001, 26.2325, 8.68231, 1.53396, 3.14793, 0.5, 0.013, 4, 4.09277, 5, 0.0304102, 0.035765, 7.54197e-07, 0.00504906, -0.000168137
1000, 25.1006, 10.347, 1.5708, 3.30611, 0.5, 0.013, 4, 4.0175, 5, 0.00655067, -0.0214894, 4.05606e-13, 3.62629e-05, -0.000279364
1011, 28.5408, 5.46746, 1.56541, 3.14942, 0.5, 0.013, 4, 4.08738, 5, 0.0418473, -0.0109998, -2.19272e-08, 1.32135e-05, -0.000264629
1010, 28.4781, 8.59825, 1.60927, 3.12144, 0.5, 0.013, 4, 4.06469, 5, 0.0408441, 0.0297058, 7.09268e-09, -1.32268e-05, 0.00026472

0111, 11.8833, 4.94491, 0.047737, 3.49272, 0.5, 0.013, 4, 3.92817, 5, -0.0607347, -0.0097322, 1.46319e-07, -0.000339786, 0.000139886
0110, 15.3597, 4.74874, -0.00229723, 3.53397, 0.5, 0.013, 4, 3.92899, 5, -0.0160617, -0.0125093, 1.21947e-07, 0.000338594, -0.000139392
0100, 19.8017, 4.97093, -0.0526002, 3.27319, 0.5, 0.013, 4, 4.08615, 5, -0.0340659, -0.0105331, 0, -0.000114922, 0.000228563
0101, 17.6075, 6.16967, -0.0847116, 3.41991, 0.5, 0.013, 4, 4.02606, 5, -0.000723523, 0.00236432, 3.17278e-08, 0.000260319, 0.00121111
0011, 18.2069, 7.23773, 0.0145854, 3.33335, 0.5, 0.013, 4, 4.05397, 5, -0.0916919, 0.0132941, 1.99954e-08, 0.0211533, -0.00363497
1100, 23.688, 5.70644, 1.59246, 3.30685, 0.5, 0.013, 4, 3.95369, 5, 0.0124255, -0.00490597, -1.01773e-06, -0.00534746, -0.00104953
0010, 21.5393, 7.12388, 0.0506199, 3.37663, 0.5, 0.013, 4, 3.90503, 5, -0.0520343, -0.0738757, -1.09163e-06, -0.0187262, 0.0144876
1101, 24.062, 2.50534, 1.58164, 3.22312, 0.5, 0.013, 4, 3.94192, 5, -0.00115018, -0.0497271, -2.66682e-07, 0.00444442, 0.00281556
1111, 25.887, 1.69748, 1.48677, 3.4035, 0.5, 0.013, 4, 4.00418, 5, 0.0287239, 0.0220444, -8.50314e-08, -0.00777357, 0.000286066
1110, 25.0794, 4.45396, 1.54879, 3.41453, 0.5, 0.013, 4, 3.94076, 5, 0.0024051, -0.011381, 2.54804e-08, 0.0023926, -0.0042256
0000, 25.7992, 6.65902, -6.82566e-06, 3.27811, 0.5, 0.013, 4, 3.96546, 5, 0.0299195, 0.0177172, -2.06277e-07, 0.010243, -0.00159243
0001, 24.2642, 8.02006, -0.0519212, 3.2196, 0.5, 0.013, 4, 3.9157, 5, 0.0121269, -0.0771479, -2.80643e-06, 0.0221943, 0.0639123
1001, 26.4087, 8.86036, 1.53396, 3.35935, 0.5, 0.013, 4, 4.09277, 5, 0.0606137, 0.0346865, 0, -0.0227723, 0.000841178
1000, 25.1468, 10.236, 1.5708, 3.52815, 0.5, 0.013, 4, 4.0175, 5, 0.0166027, -0.0229577, 3.4872e-08, -0.00341082, -9.66546e-05
1011, 28.7502, 5.40909, 1.56541, 3.36093, 0.5, 0.013, 4, 4.08738, 5, 0.041921, -0.012365, -2.39191e-08, 1.64376e-05, -0.000281815
1010, 28.6822, 8.75015, 1.60927, 3.33107, 0.5, 0.013, 4, 4.06469, 5, 0.0407703, 0.0310715, 5.99963e-09, -1.64563e-05, 0.000281912

0111, 11.5766, 4.89782, 0.0477378, 3.72729, 0.5, 0.013, 4, 3.92817, 5, -0.0620024, -0.0090692, 1.6319e-07, -0.000285371, 0.000158648
0110, 15.2825, 4.68463, -0.00229659, 3.77131, 0.5, 0.013, 4, 3.92899, 5, -0.0147938, -0.0131713, 1.37914e-07, 0.000284987, -0.000158269
0100, 19.6306, 4.9198, -0.0526002, 3.49301, 0.5, 0.013, 4, 4.08615, 5, -0.0342976, -0.0100722, 0, -1.32516e-05, 2.63555e-05
0101, 17.6052, 6.18363, -0.0847113, 3.64959, 0.5, 0.013, 4, 4.02606, 5, -0.000189702, 0.00472052, 0, 0.000103122, 0.000964613
0011, 17.8843, 7.29645, 0.0145864, 3.55722, 0.5, 0.013, 4, 4.05397, 5, -0.0654907, 0.0157135, 3.92672e-07, 0.0037708, -0.000882684
1100, 23.67, 5.59452, 1.59245, 3.52893, 0.5, 0.013, 4, 3.95369, 5, -0.0251882, -0.0850147, -3.32266e-06, -0.0386415, 0.0853216
0010, 21.3547, 6.93838, 0.0506185, 3.6034, 0.5, 0.013, 4, 3.90503, 5, -0.0429964, -0.0458666, -1.58747e-06, 0.0101101, -0.0115183
1101, 24.1023, 2.21311, 1.58163, 3.43958, 0.5, 0.013, 4, 3.94192, 5, 0.0252451, -0.13688, -2.66779e-06, 0.0223161, -0.0644681
1111, 25.9764, 1.81137, 1.48677, 3.63208, 0.5, 0.013, 4, 4.00418, 5, 0.0180212, 0.023524, -2.14113e-06, 0.0267178, 0.000311526
0001, 24.3457, 7.81137, -0.0519592, 3.43583, 0.5, 0.013, 4, 3.9157, 5, 0.0155207, -0.0684917, -1.66215e-05, -0.0201871, -0.122625
1110, 25.1165, 4.39048, 1.54879, 3.64385, 0.5, 0.013, 4, 3.94076, 5, 0.0214333, -0.0136817, -1.08311e-06, -0.0192445, -0.0012786
0000, 25.9006, 6.70993, -6.96856e-06, 3.49827, 0.5, 0.013, 4, 3.96546, 5, 0.00884579, 0.00700342, -1.84007e-07, -0.00904344, 0.00284795
1001, 26.6013, 9.03791, 1.53396, 3.58496, 0.5, 0.013, 4, 4.09277, 5, 0.0388756, 0.0357216, 2.27188e-06, 0.0174704, 0.000319232
1000, 25.2197, 10.1176, 1.5708, 3.76509, 0.5, 0.013, 4, 4.0175, 5, 0.0227989, -0.0247224, 8.75879e-07, 0.00539482, -0.00151262
1011, 28.9601, 5.34366, 1.56541, 3.58665, 0.5, 0.013, 4, 4.08738, 5, 0.0420137, -0.0138213, -2.63693e-08, 2.08392e-05, -0.000300683
1010, 28.8858, 8.90911, 1.60927, 3.55478, 0.5, 0.013, 4, 4.06469, 5, 0.0406776, 0.0325283, 4.39669e-09, -2.08661e-05, 0.000300795

01111, 10.2685, 4.80431, 0.108054, 1.99449, 0.5, 0.013, 4, 3.91873, 5, -0.0752381, -0.010974, 6.22999e-09, 0.0193934, -0.000141384
01110, 12.253, 4.89844, 0.0477384, 1.98313, 0.5, 0.013, 4, 3.92817, 5, -0.0360304, -0.0102744, 2.10269e-09, -0.0165944, -0.000776812
01101, 14.2549, 4.61847, -0.0426872, 1.98312, 0.5, 0.013, 4, 4.00743, 5, -0.0301357, -0.0141446, -9.08847e-08, -0.0211662, -0.000609885
01100, 16.2614, 4.62048, -0.00229617, 2.04146, 0.5, 0.013, 4, 3.92899, 5, -0.0123973, -0.00894008, -3.61025e-08, 0.0174078, 0.0013773
0100, 19.4591, 4.86962, -0.0526002, 3.7276, 0.5, 0.013, 4, 4.08615, 5, -0.0343261, -0.0100155, 0, -1.84431e-06, 3.66804e-06
0101, 17.5334, 6.15614, -0.0847201, 3.89469, 0.5, 0.013, 4, 4.02606, 5, -0.0999494, -0.0742988, -3.03089e-06, -0.00513137, -0.00685923
0011, 17.6304, 7.35397, 0.0145893, 3.79611, 0.5, 0.013, 4, 4.05397, 5, -0.0677205, 0.0342584, 1.02966e-05, -0.114693, 0.116325
1100, 23.5431, 5.2763, 1.59242, 3.76593, 0.5, 0.013, 4, 3.95369, 5, -0.00956651, -0.0449788, -2.72811e-05, -0.0324957, -0.00639756
0010, 21.1358, 6.75966, 0.0506077, 3.8454, 0.5, 0.013, 4, 3.90503, 5, -0.111239, 0.00200165, 9.32477e-06, 0.0237778, -0.0801869
1101, 24.2245, 1.84009, 1.58162, 3.67058, 0.5, 0.013, 4, 3.94192, 5, 0.0493899, 0.0984928, -7.56608e-06, -0.00106433, -0.271739
1111, 26.1064, 1.93289, 1.48676, 3.87601, 0.5, 0.013, 4, 4.00418, 5, 0.0562504, 0.025096, -5.98281e-06, 0.16565, 0.000354643
0001, 24.4499, 7.57983, -0.0520106, 3.66657, 0.5, 0.013, 4, 3.9157, 5, 0.0242137, -0.00917929, -2.47297e-05, -0.0112364, 0.0999989
1110, 25.2195, 4.031, 1.5488, 3.88857, 0.5, 0.013, 4, 3.94076, 5, 0.0901316, -0.0617643, -7.4338e-07, -0.0369478, 0.0333465
0000, 25.9063, 6.48913, -9.28283e-06, 3.73321, 0.5, 0.013, 4, 3.96546, 5, 0.000746065, -0.0344208, 0, -0.00535426, 0.0137701
10001, 25.3501, 8.91342, 1.58276, 2.04574, 0.5, 0.013, 4, 3.99027, 5, 0.0288878, -0.0220746, -5.42597e-06, -0.131944, 0.294774
1001, 26.7664, 9.22481, 1.53397, 3.82572, 0.5, 0.013, 4, 4.09277, 5, 0.0569674, 0.0497909, 7.21414e-06, 0.0741148, 0.0252232
10000, 25.3501, 10.9222, 1.5708, 1.97222, 0.5, 0.013, 4, 4.0175, 5, 0.0295887, -0.0243662, 5.46392e-11, -0.0503977, 0.0281219
1011, 29.1704, 5.27071, 1.56541, 3.82752, 0.5, 0.013, 4, 4.08738, 5, 0.0421322, -0.0153741, -2.9455e-08, 2.68942e-05, -0.000320587
1010, 29.0889, 9.0756, 1.60927, 3.79352, 0.5, 0.013, 4, 4.06469, 5, 0.0405589, 0.0340817, 2.10609e-09, -2.69332e-05, 0.000320714

01111, 9.91547, 4.74818, 0.108054, 2.12843, 0.5, 0.013, 4, 3.91873, 5, -0.0784671, -0.0114238, 4.18186e-08, 0.0101757, 8.82541e-05
01110, 12.0312, 4.85439, 0.0477392, 2.11631, 0.5, 0.013, 4, 3.92817, 5, -0.052403, -0.00339523, 1.2339e-07, 0.00299271, -0.00428955
01101, 14.091, 4.53483, -0.0426871, 2.11631, 0.5, 0.013, 4, 4.00743, 5, -0.0235234, -0.023021, -3.77776e-08, -0.010273, 0.00396073
01011, 16.2094, 6.10416, -0.132498, 2.03592, 0.5, 0.013, 4, 4.03958, 5, -0.0516635, 0.0390848, 0, 0.0104686, 0.00615406
00101, 19.7179, 6.7933, -0.00994838, 2.06764, 0.5, 0.013, 4, 4.02688, 5, -0.0812266, 0.0250828, 0, -0.0161888, 0.0114046
01100, 16.231, 4.58215, -0.00229651, 2.17856, 0.5, 0.013, 4, 3.92899, 5, -0.00987875, -0.00855263, -1.27839e-06, -0.145785, -0.0258239
0100, 19.2766, 4.67936, -0.0525931, 3.97794, 0.5, 0.013, 4, 4.08615, 5, -0.0340327, -0.0592763, 1.05837e-06, 0.0577991, 0.000177135
01010, 18.2814, 5.71092, -0.0847321, 2.12033, 0.5, 0.013, 4, 4.02606, 5, -0.0446597, -0.120311, -2.14266e-06, 0.00118567, 0.0338598
0011, 17.1922, 7.66706, 0.0145986, 4.05106, 0.5, 0.013, 4, 4.05397, 5, -0.0642297, 0.0433682, 0, 0.0113158, -0.0138712
11001, 23.3787, 4.20982, 1.58246, 1.99383, 0.5, 0.013, 4, 4.09641, 5, -0.0129491, -0.0485516, 0, 0.00120119, 0.0205401
11000, 23.3372, 6.22589, 1.59239, 2.02502, 0.5, 0.013, 4, 3.95369, 5, -0.0125796, -0.0129954, -7.49143e-10, 0.00128028, -0.00975449
00100, 21.7557, 6.59724, 0.0506132, 2.03601, 0.5, 0.013, 4, 3.90503, 5, -0.0472293, -0.0673508, 0, 0.00395902, -0.00194004
11111, 26.3638, 1.13084, 1.51856, 2.10334, 0.5, 0.013, 4, 4.085, 5, 0.0805343, -0.00853357, 0, -0.0229836, 0.0315607
11101, 25.5517, 2.78787, 1.58087, 2.10133, 0.5, 0.013, 4, 4.07915, 5, 0.0677113, -0.0399004, 0, 0.0484556, 0.00884264
1101, 24.4708, 1.96004, 1.58161, 3.91709, 0.5, 0.013, 4, 3.94192, 5, 0.0227551, 0.0163344, 0, -0.00729468, -0.00906674
11110, 26.9068, 4.00354, 1.48677, 2.03297, 0.5, 0.013, 4, 4.00418, 5, 0.0907441, 0.144718, 0, -0.0330049, -0.116068
00001, 24.9587, 6.41841, 0.034543, 1.95121, 0.5, 0.013, 4, 3.98479, 5, -0.020648, -0.00285019, 1.09879e-07, -0.0530147, 0.00261457
11100, 25.3967, 4.86104, 1.5488, 2.04839, 0.5, 0.013, 4, 3.94076, 5, -0.0119454, 0.00834525, 0, 0.00253937, -0.0396376
0001, 24.6261, 7.6504, -0.052035, 3.91282, 0.5, 0.013, 4, 3.9157, 5, 0.0323287, 0.00491702, -3.03793e-07, -0.00063844, 0.000645315
00000, 26.9434, 6.41836, -9.277e-06, 2.03271, 0.5, 0.013, 4, 3.96546, 5, -0.00295156, -0.00313117, 3.5649e-08, 0.0481493, 0.000989214
10001, 25.3107, 8.80912, 1.58275, 2.18313, 0.5, 0.013, 4, 3.99027, 5, 0.012324, -0.0547051, -3.08574e-07, 0.01837, -0.00539258
1001, 27.0629, 9.48853, 1.53398, 4.08265, 0.5, 0.013, 4, 4.09277, 5, 0.0484106, 0.0507832, 1.99945e-07, -0.0110755, -0.00348587
10000, 25.3098, 10.9477, 1.5708, 2.10467, 0.5, 0.013, 4, 4.0175, 5, -0.0177096, -0.0136543, 8.99547e-09, -0.0012164, -0.00192617
1011, 29.3814, 5.18975, 1.56541, 4.08457, 0.5, 0.013, 4, 4.08738, 5, 0.0422866, -0.017029, -3.34274e-08, 3.53319e-05, -0.000341545
1010, 29.2913, 9.2501, 1.60927, 4.04829, 0.5, 0.013, 4, 4.06469, 5, 0.0404043, 0.0357373, -1.12312e-09, -3.53891e-05, 0.000341688

01110, 11.7046, 4.92715, 0.0477438, 2.25844, 0.5, 0.013, 4, 3.92817, 5, -0.0494135, 0.000718699, 0, -0.00377982, -0.00939729
01111, 9.43094, 4.68183, 0.108055, 2.27138, 0.5, 0.013, 4, 3.91873, 5, -0.0776012, -0.013299, 0, 0.0185303, 0.0017449
01011, 15.9939, 6.32472, -0.132498, 2.17265, 0.5, 0.013, 4, 4.03958, 5, -0.0409505, 0.0453825, 0, 9.85938e-05, 5.79592e-05
00111, 15.8639, 7.80814, -0.0136058, 2.14407, 0.5, 0.013, 4, 3.97946, 5, -0.0694324, 0.0275822, -8.4181e-08, -0.00379155, -0.000642324
01101, 13.7966, 4.29638, -0.0426859, 2.25844, 0.5, 0.013, 4, 4.00743, 5, -0.0237553, -0.0271563, 0, 0.00802049, 0.0106244
01001, 18.2889, 4.11527, -0.0403036, 2.14566, 0.5, 0.013, 4, 4.01875, 5, 0.00491615, -0.130192, 0, 0.00280614, 0.00731659
00101, 19.2659, 6.90768, -0.00994598, 2.2065, 0.5, 0.013, 4, 4.02688, 5, -0.0969151, 0.0296461, 4.62473e-08, -0.00125211, 0.00525313
01100, 16.0588, 4.5348, -0.00230053, 2.32487, 0.5, 0.013, 4, 3.92899, 5, -0.0275433, -0.00646281, 0, -0.0029752, -0.00146775
01010, 18.0637, 5.34379, -0.0847319, 2.26273, 0.5, 0.013, 4, 4.02606, 5, -0.048833, -0.14011, 0, -0.0010553, -0.0180185
00110, 18.0174, 7.90298, 0.0146008, 2.17905, 0.5, 0.013, 4, 4.05397, 5, -0.0366788, 0.0374005, -1.57254e-08, 0.00504566, -0.00482879
01000, 20.5135, 4.51995, -0.0525884, 2.09943, 0.5, 0.013, 4, 4.08615, 5, 0.0201919, 0.0567819, 0, -0.0176104, 0.00865657
11001, 22.9535, 4.01507, 1.58244, 2.12773, 0.5, 0.013, 4, 4.09641, 5, -0.0348382, -0.0300154, 0, 0.0205931, 0.00163858
11000, 23.1431, 6.14202, 1.59239, 2.16102, 0.5, 0.013, 4, 3.95369, 5, -0.0182653, -0.0188013, 0, 0.00604811, -0.00347873
00100, 21.5357, 6.25256, 0.0506132, 2.17275, 0.5, 0.013, 4, 3.90503, 5, -0.0431775, -0.0693362, 0, 3.73014e-05, -1.82789e-05
00011, 23.3467, 8.0404, -0.046588, 2.04155, 0.5, 0.013, 4, 4.04246, 5, 0.0262974, 0.00781616, 0, 0.00651523, -0.00354154
11100, 25.6137, 3.9026, 1.5488, 2.18595, 0.5, 0.013, 4, 3.94076, 5, 0.00628557, -0.0450823, 0, -0.0132101, 0.0103052
11110, 27.226, 3.89645, 1.48677, 2.1695, 0.5, 0.013, 4, 4.00418, 5, 0.0570625, 0.00606042, 0, -0.000307451, 0.0163095
11011, 24.6364, 1.09361, 1.5297, 2.0805, 0.5, 0.013, 4, 4.03783, 5, 0.0208016, 0.0142324, -6.73625e-07, 0.00876779, -0.0379473
11111, 27.2832, 1.33564, 1.51853, 2.2446, 0.5, 0.013, 4, 4.085, 5, 0.0727656, 0.0332922, 0, -0.0142895, -0.00567161
11101, 25.8222, 1.58462, 1.58084, 2.24246, 0.5, 0.013, 4, 4.07915, 5, 0.112897, -0.0662631, 0, 0.00663363, 0.029333
11010, 24.2977, 3.11177, 1.58161, 2.09966, 0.5, 0.013, 4, 3.94192, 5, 0.00960341, 0.031378, -5.90991e-07, -0.0115972, 0.0264191
00001, 24.7605, 5.72615, 0.0345092, 2.08225, 0.5, 0.013, 4, 3.98479, 5, -0.0111023, -0.0148008, 0, -0.000893765, 0.0126609
00010, 25.7268, 7.05703, -0.0519501, 2.13405, 0.5, 0.013, 4, 3.9157, 5, 0.0284925, 0.0011504, -1.67961e-06, -0.00462975, -0.0572562
00000, 27.3065, 5.70329, 2.52439e-05, 2.16923, 0.5, 0.013, 4, 3.96546, 5, -0.00653717, 0.00471822, 0, -0.00496795, -0.00479648
10011, 27.4203, 8.75221, 1.50637, 2.16393, 0.5, 0.013, 4, 3.97019, 5, 0.0703697, -0.0662579, -8.70776e-07, -0.00597607, -0.325209
10001, 26.0855, 8.69546, 1.58275, 2.32974, 0.5, 0.013, 4, 3.99027, 5, 0.0609152, 0.00485308, 1.89429e-07, -0.00988403, 0.0364406
10010, 27.4965, 10.8998, 1.53398, 2.1929, 0.5, 0.013, 4, 4.09277, 5, 0.0740821, 0.0524537, -3.59753e-07, 0.00515201, 0.437876
10000, 24.848, 10.8113, 1.57079, 2.24601, 0.5, 0.013, 4, 4.0175, 5, -0.0283699, 0.00544316, 0, 0.00738083, -0.00219154
10111, 29.5863, 3.97896, 1.62733, 2.22185, 0.5, 0.013, 4, 4.03245, 5, 0.0423107, -0.0178078, 0, 1.34617e-05, 0.000325873
10110, 29.5949, 6.16372, 1.56541, 2.13704, 0.5, 0.013, 4, 4.08738, 5, 0.0420991, -0.0151671, -6.18982e-08, 0.000528675, -0.0162626
10101, 29.5361, 8.30787, 1.61943, 2.16507, 0.5, 0.013, 4, 4.09345, 5, 0.0407572, 0.0251764, 6.15035e-08, 0.000462861, -0.0157263
10100, 29.454, 10.4592, 1.60927, 2.1551, 0.5, 0.013, 4, 4.06469, 5, 0.0399779, 0.0507463, 1.50472e-08, -0.00101115, 0.0319523

01110, 11.4716, 4.9157, 0.0477449, 2.41012, 0.5, 0.013, 4, 3.92817, 5, -0.0496826, 0.0048317, 1.47448e-06, -0.0182693, 0.0194311
01111, 9.07983, 4.61513, 0.108054, 2.42392, 0.5, 0.013, 4, 3.91873, 5, -0.0696175, -0.0137676, -2.72597e-08, 0.00458349, 0.000651228
01100, 15.8888, 4.27566, -0.00231762, 2.48101, 0.5, 0.013, 4, 3.92899, 5, -0.0338071, -0.0613289, -1.73263e-07, 0.0155112, 0.0380183
01011, 15.7896, 6.5519, -0.132498, 2.31856, 0.5, 0.013, 4, 4.03958, 5, -0.0408369, 0.0454493, 0, 1.57755e-06, 9.27376e-07
00111, 15.5309, 7.9454, -0.0136061, 2.28807, 0.5, 0.013, 4, 3.97946, 5, -0.0667167, 0.0271541, -8.48319e-08, -0.00172479, -0.000324313
01101, 13.4659, 4.11647, -0.0426886, 2.41011, 0.5, 0.013, 4, 4.00743, 5, -0.0767085, -0.0438981, 1.24369e-06, 0.050926, -0.0111194
01001, 18.3258, 3.49651, -0.0403036, 2.28976, 0.5, 0.013, 4, 4.01875, 5, 0.0080783, -0.121948, 0, 4.08365e-05, 0.000106475
00101, 18.7755, 7.07214, -0.00994533, 2.35468, 0.5, 0.013, 4, 4.02688, 5, -0.0984022, 0.0327601, 1.24458e-07, -3.28755e-05, 0.000747197
01010, 18.1014, 4.85455, -0.0847468, 2.41469, 0.5, 0.013, 4, 4.02606, 5, 0.0255203, -0.0926188, -2.67688e-08, -0.0528339, -0.0491225
00110, 17.8263, 8.07396, 0.014601, 2.32539, 0.5, 0.013, 4, 4.05397, 5, -0.0378115, 0.0346254, -1.92971e-08, 0.00171205, -0.000448319
11001, 22.8579, 3.82574, 1.58245, 2.27062, 0.5, 0.013, 4, 4.09641, 5, -0.0151585, -0.0407093, 1.54214e-07, -0.000447946, -0.00248863
01000, 20.5393, 4.84084, -0.0525884, 2.24043, 0.5, 0.013, 4, 4.08615, 5, 0.00111017, 0.0661617, 0, -0.000215562, 0.000105961
11000, 23.0886, 6.07858, 1.59239, 2.30615, 0.5, 0.013, 4, 3.95369, 5, -0.0150648, -0.0104561, -8.78823e-07, -0.028789, 0.0017921
00100, 21.32, 5.90579, 0.0506132, 2.31867, 0.5, 0.013, 4, 3.90503, 5, -0.0431346, -0.0693573, 0, 5.97045e-07, -2.92571e-07
00011, 23.5049, 8.06495, -0.046588, 2.17866, 0.5, 0.013, 4, 4.04246, 5, 0.0329997, 0.00417294, 0, 6.28826e-05, -3.41816e-05
11100, 25.5855, 3.7237, 1.5488, 2.33276, 0.5, 0.013, 4, 3.94076, 5, -0.00909429, -0.0330845, 0, -0.000221143, 0.000172513
11110, 27.5099, 3.99963, 1.48677, 2.3152, 0.5, 0.013, 4, 4.00418, 5, 0.0567093, 0.0248005, 0, -4.8663e-06, 0.000258145
11011, 24.7331, 1.12406, 1.5297, 2.22022, 0.5, 0.013, 4, 4.03783, 5, 0.0185142, 0.00577866, -2.02913e-07, 0.000165051, -0.000156874
11111, 27.5802, 1.47561, 1.51853, 2.39535, 0.5, 0.013, 4, 4.085, 5, 0.0553609, 0.0263841, 0, -0.000288706, -0.000114589
11101, 26.4176, 1.39015, 1.58084, 2.39306, 0.5, 0.013, 4, 4.07915, 5, 0.120963, -0.0305926, 0, 0.000133147, 0.000588758
11010, 24.3402, 3.26278, 1.58161, 2.24067, 0.5, 0.013, 4, 3.94192, 5, 0.00865325, 0.0280626, -1.81394e-07, -0.000193816, 1.62897e-05
00001, 24.7023, 5.70562, 0.0345092, 2.2221, 0.5, 0.013, 4, 3.98479, 5, -0.00476697, -0.00112995, 2.1232e-08, 0.0312779, 0.000820508
00010, 25.8589, 7.00277, -0.0519538, 2.27737, 0.5, 0.013, 4, 3.9157, 5, 0.0258925, -0.0133383, -9.74319e-07, -0.000332205, -0.00594517
00000, 27.2517, 5.70546, 2.52439e-05, 2.31491, 0.5, 0.013, 4, 3.96546, 5, -0.0122442, -0.000791852, 0, -7.85579e-05, -7.58465e-05
10011, 27.7708, 8.51421, 1.50637, 2.30926, 0.5, 0.013, 4, 3.97019, 5, 0.069494, -0.04762, -6.78858e-08, 0.0010032, 0.0466303
10001, 26.3324, 8.71674, 1.58275, 2.48621, 0.5, 0.013, 4, 3.99027, 5, 0.0455748, 0.00304847, 8.98961e-08, -4.44682e-05, 0.00498631
10010, 27.8652, 10.8304, 1.53398, 2.34018, 0.5, 0.013, 4, 4.09277, 5, 0.0741562, -0.0152061, -1.89434e-07, -0.000986358, 0.000190676
10000, 24.7407, 10.8007, 1.57079, 2.39686, 0.5, 0.013, 4, 4.0175, 5, -0.0193705, -0.00817519, 0, 0.000149767, 0.00777751
10111, 29.7949, 3.82176, 1.62733, 2.37106, 0.5, 0.013, 4, 4.03245, 5, 0.0415633, -0.0336852, 4.12035e-08, 0.000160403, 0.00390995
10110, 29.8092, 6.143, 1.56541, 2.28056, 0.5, 0.013, 4, 4.08738, 5, 0.0432455, -0.00550229, -3.76748e-08, -8.92782e-05, -0.00497957
10101, 29.7395, 8.43222, 1.61943, 2.31048, 0.5, 0.013, 4, 4.09345, 5, 0.0404632, 0.0265012, 3.39687e-08, 4.27475e-05, -0.00416641
10100, 29.6535, 10.7306, 1.60927, 2.29983, 0.5, 0.013, 4, 4.06469, 5, 0.0398679, 0.056097, 1.2155e-08, -0.000129828, 0.00499218

01110, 11.2617, 4.91538, 0.0477452, 2.57198, 0.5, 0.013, 4, 3.92817, 5, -0.0385729, -0.00393363, -1.03205e-07, -0.00095923, -0.00225036
01111, 8.72264, 4.54149, 0.108054, 2.58671, 0.5, 0.013, 4, 3.91873, 5, -0.0711775, -0.0152398, -7.3168e-08, 0.00194517, 0.000314958
01101, 13.0946, 3.9513, -0.0426899, 2.57197, 0.5, 0.013, 4, 4.00743, 5, -0.0757553, -0.0251839, -4.37915e-07, -0.0151376, 0.00156393
01100, 15.6894, 4.01898, -0.0023272, 2.64763, 0.5, 0.013, 4, 3.92899, 5, -0.0413685, -0.0399515, -1.37756e-06, 0.0105676, 0.00588131
01011, 15.5854, 6.77915, -0.132498, 2.47428, 0.5, 0.013, 4, 4.03958, 5, -0.0408349, 0.0454505, 0, 3.94722e-08, 2.32041e-08
00111, 15.1949, 8.07952, -0.0136065, 2.44173, 0.5, 0.013, 4, 3.97946, 5, -0.0674792, 0.0264974, -9.87443e-08, -0.000172856, -0.000149008
01001, 18.3664, 2.88728, -0.0403036, 2.44354, 0.5, 0.013, 4, 4.01875, 5, 0.00812971, -0.121814, 0, 9.42819e-07, 2.45826e-06
00101, 18.2834, 7.23822, -0.00994465, 2.51282, 0.5, 0.013, 4, 4.02688, 5, -0.0984399, 0.0333684, 1.23659e-07, -4.1233e-06, 0.000237537
01010, 18.2211, 4.31363, -0.0847559, 2.57686, 0.5, 0.013, 4, 4.02606, 5, 0.0233756, -0.123319, -1.29314e-06, 0.00304931, -0.00557398
00110, 17.6397, 8.24643, 0.0146007, 2.48157, 0.5, 0.013, 4, 4.05397, 5, -0.0370121, 0.034667, -1.04386e-07, 0.000175223, -9.24267e-05
11001, 22.7827, 3.61957, 1.58245, 2.42312, 0.5, 0.013, 4, 4.09641, 5, -0.0151804, -0.0422357, 1.54625e-07, -0.000435299, -0.00186348
01000, 20.5265, 4.84342, -0.0525873, 2.39089, 0.5, 0.013, 4, 4.08615, 5, -0.00361595, -0.0184629, 5.83575e-07, 0.000968824, 0.0185004
11000, 23.0003, 6.02864, 1.59239, 2.46103, 0.5, 0.013, 4, 3.95369, 5, -0.0184646, -0.00902408, -3.27586e-08, 0.00046158, 0.00183251
00100, 21.1214, 5.88261, 0.0505978, 2.47439, 0.5, 0.013, 4, 3.90503, 5, -0.0387209, 0.0144194, -2.06146e-06, -0.000880047, -0.0167305
00011, 23.6702, 8.08566, -0.046588, 2.32498, 0.5, 0.013, 4, 4.04246, 5, 0.0330725, 0.00413337, 0, 1.02704e-06, -5.58277e-07
11100, 25.539, 3.55912, 1.5488, 2.48943, 0.5, 0.013, 4, 3.94076, 5, -0.00938117, -0.0328607, 0, -5.7498e-06, 4.48541e-06
11011, 24.8404, 1.18406, 1.5297, 2.36933, 0.5, 0.013, 4, 4.03783, 5, 0.026296, 0.0153923, -7.59509e-07, 0.00437658, 0.000198274
11111, 27.9593, 1.59574, 1.51854, 2.55622, 0.5, 0.013, 4, 4.085, 5, 0.103562, -0.0169924, 1.81264e-06, 0.0402115, -0.0323814
11101, 26.9226, 1.29387, 1.58083, 2.55377, 0.5, 0.013, 4, 4.07915, 5, 0.0844264, 0.0254484, -1.82536e-06, -0.0305826, -0.0359227
11010, 24.3687, 3.42819, 1.58161, 2.39115, 0.5, 0.013, 4, 3.94192, 5, 0.000900005, 0.0400317, -6.51589e-07, -0.00435801, 0.00686155
11110, 27.79, 4.05785, 1.48677, 2.47069, 0.5, 0.013, 4, 4.00418, 5, 0.0442327, 0.0369235, -1.50219e-06, -0.00983489, -0.00910001
00001, 24.6912, 5.70091, 0.0345092, 2.37133, 0.5, 0.013, 4, 3.98479, 5, -0.00121791, -0.000879648, 4.92184e-09, -9.70979e-05, 6.33849e-07
00010, 25.9883, 6.93727, -0.0519579, 2.43031, 0.5, 0.013, 4, 3.9157, 5, 0.0258553, -0.0134946, -8.92175e-07, -5.21828e-05, -0.000993286
00000, 27.1901, 5.78103, 2.85813e-05, 2.47038, 0.5, 0.013, 4, 3.96546, 5, -0.012341, 0.0330129, 3.03362e-06, -1.10276e-06, 0.0422404
10001, 26.5586, 8.73018, 1.58275, 2.65318, 0.5, 0.013, 4, 3.99027, 5, 0.0451371, 0.00298262, 7.46307e-08, 3.44805e-05, 0.000882383
10000, 24.6446, 10.7209, 1.57079, 2.55783, 0.5, 0.013, 4, 4.0175, 5, -0.0191678, -0.0175232, 0, 4.58718e-06, 0.0129553
10111, 29.9858, 3.422, 1.62733, 2.5303, 0.5, 0.013, 4, 4.03245, 5, 0.0359689, -0.0967237, 4.5561e-08, 0.00355342, 0.046988
10110, 30.0705, 5.89334, 1.56541, 2.43372, 0.5, 0.013, 4, 4.08738, 5, 0.0579292, -0.0650688, -1.99378e-07, -0.00668278, 0.0153686
10011, 28.1137, 8.28564, 1.50637, 2.46435, 0.5, 0.013, 4, 3.97019, 5, 0.0671513, -0.04987, -5.06819e-08, -0.000906412, -0.00463568
10010, 28.2404, 10.7519, 1.53398, 2.49734, 0.5, 0.013, 4, 4.09277, 5, 0.0764711, -0.0162257, -1.94432e-07, 0.00089995, -0.000219773
10101, 29.9369, 8.3299, 1.61943, 2.46565, 0.5, 0.013, 4, 4.09345, 5, 0.0386984, -0.0504421, -8.42227e-08, 0.002315, -0.0245667
10100, 29.8303, 10.7734, 1.60927, 2.45428, 0.5, 0.013, 4, 4.06469, 5, 0.0325191, -0.0197469, 1.93016e-07, 0.000521217, 0.0353326

01110, 11.0713, 4.88634, 0.0477445, 2.74471, 0.5, 0.013, 4, 3.92817, 5, -0.0374728, -0.00620299, -1.51028e-07, 0.000659681, 0.000225574
01111, 8.36981, 4.46412, 0.108054, 2.76043, 0.5, 0.013, 4, 3.91873, 5, -0.0707682, -0.0158716, -1.13739e-07, -0.000609542, -0.000310664
01100, 15.5162, 3.90233, -0.00232948, 2.82545, 0.5, 0.013, 4, 3.92899, 5, -0.021605, -0.008407, -2.94839e-08, 0.00679658, 0.00297053
01101, 12.741, 3.84808, -0.0426911, 2.7447, 0.5, 0.013, 4, 4.00743, 5, -0.0575782, -0.0178315, -1.47018e-07, 0.00699705, 0.000647482
01011, 15.3407, 6.98051, -0.132501, 2.64045, 0.5, 0.013, 4, 4.03958, 5, -0.0956597, 0.0102167, 0, 0.0332309, 0.0213561
00111, 14.8555, 8.21004, -0.0136071, 2.60572, 0.5, 0.013, 4, 3.97946, 5, -0.0671165, 0.0259225, -5.40515e-08, 0.00507659, 0.000916189
01010, 18.273, 3.60127, -0.084758, 2.74992, 0.5, 0.013, 4, 4.02606, 5, -0.0164277, -0.159378, 4.70289e-08, -0.0138984, -0.00342048
01001, 18.4071, 2.27823, -0.0403036, 2.60765, 0.5, 0.013, 4, 4.01875, 5, 0.00813102, -0.12181, 0, 3.22471e-08, 8.40796e-08
00101, 17.8309, 7.42292, -0.00994494, 2.68158, 0.5, 0.013, 4, 4.02688, 5, -0.0440472, 0.0390834, 2.89754e-06, -0.0314432, -0.0515867
00110, 17.4565, 8.42939, 0.0145989, 2.64823, 0.5, 0.013, 4, 4.05397, 5, -0.0377775, 0.0647155, -1.74704e-06, -0.00541663, 0.0305184
11001, 22.3148, 2.12796, 1.58246, 2.58585, 0.5, 0.013, 4, 4.09641, 5, -0.0664322, -0.206826, 0, 0.0344971, 0.112452
00011, 23.2974, 7.77471, -0.0467232, 2.48112, 0.5, 0.013, 4, 4.04246, 5, -0.00410025, 0.0351582, 0, 0.0251476, -0.0207761
01000, 20.5123, 4.82643, -0.0525822, 2.55146, 0.5, 0.013, 4, 4.08615, 5, -0.00275924, -0.0020616, 1.08972e-06, 0.000527579, 0.0100222
11000, 22.9065, 5.58898, 1.59241, 2.62631, 0.5, 0.013, 4, 3.95369, 5, -0.0298002, -0.0396854, 0, 0.0113608, 0.0103567
00100, 20.9241, 5.88432, 0.0505866, 2.64057, 0.5, 0.013, 4, 3.90503, 5, -0.0395239, -0.000850393, -1.80326e-06, -0.000501609, -0.00952651
11100, 25.6144, 3.55268, 1.54881, 2.65661, 0.5, 0.013, 4, 3.94076, 5, 0.0353346, 0.0174542, 3.21669e-06, 0.0311328, 0.027582
11011, 24.865, 1.26355, 1.5297, 2.52845, 0.5, 0.013, 4, 4.03783, 5, -0.0222592, 0.0164404, 3.07353e-06, -0.0395294, 0.000269193
11101, 27.3875, 1.36257, 1.58083, 2.72528, 0.5, 0.013, 4, 4.07915, 5, 0.100996, 0.0177069, -8.74442e-07, -0.00829981, 0.0163666
11010, 24.3536, 3.64914, 1.58161, 2.55174, 0.5, 0.013, 4, 3.94192, 5, 0.0035206, 0.0328827, 0, 0.00647877, -0.010449
00001, 24.7071, 5.65463, 0.0345077, 2.53059, 0.5, 0.013, 4, 3.98479, 5, -0.0119711, -0.0101476, 0, -9.68345e-05, 0.00588839
00010, 26.113, 6.95112, -0.0519571, 2.59353, 0.5, 0.013, 4, 3.9157, 5, 0.0240448, 0.0123907, -1.45602e-06, 0.000475845, -0.0287809
00000, 27.4158, 5.90754, 4.07313e-05, 2.63629, 0.5, 0.013, 4, 3.96546, 5, 0.0519196, 0.0160182, 3.00046e-07, -0.0391203, -0.00378199
10001, 26.7884, 8.82598, 1.58275, 2.83136, 0.5, 0.013, 4, 3.99027, 5, 0.0468985, 0.0372083, 1.12349e-07, -0.000393986, -0.00756419
10000, 25.1417, 9.35985, 1.57081, 2.72961, 0.5, 0.013, 4, 4.0175, 5, 0.0360249, -0.0125643, 0, -0.0318314, 0.00914665
11111, 28.4344, 1.56983, 1.51854, 2.72789, 0.5, 0.013, 4, 4.085, 5, 0.0935882, -0.0108209, 1.16414e-06, -0.00234614, 0.0215294
10111, 30.1384, 2.95832, 1.62733, 2.70023, 0.5, 0.013, 4, 4.03245, 5, 0.0284095, -0.0725026, 6.02084e-07, -0.000911416, 0.00826525
11110, 28.0146, 4.09436, 1.48676, 2.63662, 0.5, 0.013, 4, 4.00418, 5, 0.038432, -0.00452348, -3.09155e-08, 0.0111146, 0.011514
10110, 30.4446, 5.53638, 1.5654, 2.59717, 0.5, 0.013, 4, 4.08738, 5, 0.0855882, -0.063209, -8.17178e-07, 0.00591773, 0.00262699
10011, 28.4381, 8.04009, 1.50637, 2.62985, 0.5, 0.013, 4, 3.97019, 5, 0.0617671, -0.0491417, 1.96587e-07, -0.00160869, 0.000358186
10010, 28.6341, 10.6681, 1.53398, 2.66506, 0.5, 0.013, 4, 4.09277, 5, 0.0818334, -0.0173099, 5.64419e-08, 0.00160139, -0.00022431
10101, 30.0837, 8.08366, 1.61943, 2.63124, 0.5, 0.013, 4, 4.09345, 5, 0.0188981, -0.0502939, -9.98622e-07, -0.00638283, -0.0107263
10100, 29.9836, 10.6911, 1.60927, 2.61911, 0.5, 0.013, 4, 4.06469, 5, 0.0323709, -0.0170072, 3.85652e-07, 0.00145044, -0.000253701

01110, 10.8867, 4.85729, 0.0477437, 2.92904, 0.5, 0.013, 4, 3.92817, 5, -0.0364859, -0.00535655, -1.72417e-07, 7.53162e-05, 0.000176418
01111, 8.01342, 4.38229, 0.108053, 2.94582, 0.5, 0.013, 4, 3.91873, 5, -0.0716794, -0.0168592, -1.36042e-07, -7.33731e-05, -0.000181814
01100, 15.4638, 3.87192, -0.00233002, 3.0152, 0.5, 0.013, 4, 3.92899, 5, -0.00541761, -0.0047509, -1.35571e-07, 0.000343186, 0.000357572
01101, 12.5085, 3.76205, -0.0426918, 2.92903, 0.5, 0.013, 4, 4.00743, 5, -0.0418301, -0.0174235, -1.72475e-07, 0.000952357, -0.000211372
01011, 14.9657, 7.08597, -0.132506, 2.81778, 0.5, 0.013, 4, 4.03958, 5, -0.0739319, 0.0172293, -1.02168e-06, 0.00277857, 0.000497791
00111, 14.5216, 8.33576, -0.0136078, 2.78071, 0.5, 0.013, 4, 3.97946, 5, -0.0639997, 0.0253786, -1.75572e-08, 0.00574362, 0.00167719
01010, 18.0799, 2.79132, -0.084758, 2.9346, 0.5, 0.013, 4, 4.02606, 5, -0.0482075, -0.162947, 0, -0.00122727, -0.000120782
01001, 18.4477, 1.66918, -0.0403036, 2.78277, 0.5, 0.013, 4, 4.01875, 5, 0.00813107, -0.12181, 0, 1.54653e-09, 4.03235e-09
00101, 17.51, 7.6508, -0.00994646, 2.86167, 0.5, 0.013, 4, 4.02688, 5, -0.0650517, 0.041126, -8.96416e-07, -0.00288792, 0.0123165
00110, 17.2671, 8.66996, 0.0145966, 2.82608, 0.5, 0.013, 4, 4.05397, 5, -0.0407068, 0.0563862, -2.61814e-08, -0.00545286, -0.0147539
11001, 22.172, 1.71108, 1.58246, 2.75952, 0.5, 0.013, 4, 4.09641, 5, -0.0142107, -0.0365974, 0, 0.00158807, 0.0051767
00011, 23.4091, 7.84133, -0.0467232, 2.64775, 0.5, 0.013, 4, 4.04246, 5, 0.0317664, 0.0055264, 0, 0.000935385, -0.000772782
01000, 20.4982, 4.81023, -0.0525735, 2.72282, 0.5, 0.013, 4, 4.08615, 5, -0.00279563, -0.00275687, 2.00807e-06, -1.77656e-05, -0.00033962
11000, 22.8101, 5.44807, 1.59241, 2.80269, 0.5, 0.013, 4, 3.95369, 5, -0.0255024, -0.0239524, 0, 0.00787102, 0.000671969
00100, 20.7268, 5.88558, 0.0505748, 2.81791, 0.5, 0.013, 4, 3.90503, 5, -0.0394902, -0.00020251, -2.31432e-06, 1.59009e-05, 0.000304278
11100, 25.7885, 3.58472, 1.54882, 2.83503, 0.5, 0.013, 4, 3.94076, 5, 0.0503616, 0.00632202, 3.94043e-07, -0.0258427, -0.0177618
11011, 24.8541, 1.34839, 1.5297, 2.69826, 0.5, 0.013, 4, 4.03783, 5, -0.000814665, 0.0175294, 3.88136e-07, 0.0013758, 0.000142379
11101, 27.746, 1.45402, 1.58084, 2.90831, 0.5, 0.013, 4, 4.07915, 5, 0.0225028, 0.0187829, 7.34049e-06, -0.0618066, 0.000767518
11010, 24.2811, 3.86195, 1.5816, 2.72311, 0.5, 0.013, 4, 3.94192, 5, -0.0304535, 0.0251902, -3.01417e-08, 0.0261856, -0.0266755
00001, 24.6547, 5.73217, 0.0345045, 2.70054, 0.5, 0.013, 4, 3.98479, 5, -0.000479849, 0.0605105, -6.24361e-07, -0.00756111, -0.0140286
00010, 26.2319, 7.05319, -0.0519531, 2.76771, 0.5, 0.013, 4, 3.9157, 5, 0.0210992, 0.0324781, 1.67036e-07, 0.00363106, -0.00457965
00000, 27.4404, 6.00864, 6.71305e-05, 2.81334, 0.5, 0.013, 4, 3.96546, 5, -0.0534937, 0.0158964, -2.2349e-06, -0.0700688, -0.0498679
10001, 27.024, 9.03398, 1.58275, 3.02151, 0.5, 0.013, 4, 3.99027, 5, 0.0496417, 0.0899957, 0, -0.00305525, -0.0587799
10000, 25.1375, 9.34998, 1.57081, 2.91292, 0.5, 0.013, 4, 4.0175, 5, -0.0158336, 0.00233711, 0, -0.00188407, 0.000541382
11111, 28.9161, 1.56974, 1.51854, 2.91109, 0.5, 0.013, 4, 4.085, 5, 0.117455, -0.0317852, -2.39501e-06, 0.00373021, -0.00630827
10111, 30.2937, 2.71058, 1.62733, 2.88158, 0.5, 0.013, 4, 4.03245, 5, 0.036319, -0.0294, 6.49307e-08, 0.00222094, 0.00529977
10101, 30.1341, 7.82024, 1.61943, 2.80795, 0.5, 0.013, 4, 4.09345, 5, 0.00685421, -0.0501092, -1.05106e-07, 0.00209633, 0.00530376
10011, 28.7294, 7.82864, 1.50638, 2.80647, 0.5, 0.013, 4, 3.97019, 5, 0.0633393, -0.0179514, 9.10235e-06, -0.029118, -0.142764
11110, 28.3438, 4.12982, 1.48676, 2.81369, 0.5, 0.013, 4, 4.00418, 5, 0.0988166, -0.0202491, 1.97905e-06, 0.0716227, 0.0615057
10110, 30.8674, 5.31743, 1.5654, 2.7716, 0.5, 0.013, 4, 4.08738, 5, 0.0743725, -0.0227422, -5.85219e-07, -0.0068467, 0.0087164
10010, 29.0754, 10.5789, 1.53398, 2.84404, 0.5, 0.013, 4, 4.09277, 5, 0.119216, -0.0180821, 4.8511e-06, 0.0849647, -0.00302652
10100, 30.1805, 10.6032, 1.60927, 2.79501, 0.5, 0.013, 4, 4.06469, 5, 0.0473302, -0.0181553, 6.40407e-07, 0.00244981, -0.000229458

