1, 23.5, 5.5, 1.5708, 2, 0.5, 0.026, 4, 4, 5, 0, 0, 0, 0, 0
0, 22, 6, 0, 2, 0.5, 0.026, 4, 4, 5, 0, 0, 0, 0, 0

1, 23.553, 5.49816, 1.50552, 2.27766, 0.5, 0.026, 4, 4, 5, 0, 0, 0, 0, 0
0, 21.947, 6.00184, 0.00281571, 2.27766, 0.5, 0.026, 4, 4, 5, 0, 0, 0, 0, 0

1, 23.6188, 5.49188, 1.4489, 2.59386, 0.5, 0.026, 4, 4, 5, 0, 0, 0, 0, 0
0, 21.8812, 6.00812, 0.0125905, 2.59386, 0.5, 0.026, 4, 4, 5, 0, 0, 0, 0, 0

1, 23.6952, 5.48053, 1.40002, 2.95396, 0.5, 0.026, 4, 4, 5, 0, 0, 0, 0, 0
0, 21.8048, 6.01947, 0.0304728, 2.95396, 0.5, 0.026, 4, 4, 5, 0, 0, 0, 0, 0

1, 23.7804, 5.46384, 1.35618, 3.36406, 0.5, 0.026, 4, 4, 5, 0, 0, 0, 0, 0
0, 21.7196, 6.03616, 0.0568575, 3.36406, 0.5, 0.026, 4, 4, 5, 0, 0, 0, 0, 0

1, 23.8722, 5.44181, 1.31493, 3.83108, 0.5, 0.026, 4, 4, 5, 0, 0, 0, 0, 0
0, 21.6278, 6.05819, 0.0914127, 3.83108, 0.5, 0.026, 4, 4, 5, 0, 0, 0, 0, 0

01, 20.4129, 5.94247, 0.103159, 2.2312, 0.5, 0.026, 4, 4, 5, 0, 0, 0, 0, 0
11, 23.6002, 4.33647, 1.29543, 2.20934, 0.5, 0.026, 4, 4, 5, 0, 0, 0, 0, 0
00, 22.5775, 6.17869, 0.120099, 2.13175, 0.5, 0.026, 4, 4, 5, 0, 0, 0, 0, 0
10, 24.2058, 6.42754, 1.34078, 2.1536, 0.5, 0.026, 4, 4, 5, 0, 0, 0, 0, 0

01, 20.2074, 5.92244, 0.105001, 2.54095, 0.5, 0.026, 4, 4, 5, 0, 0, 0, 0, 0
11, 23.5533, 4.23714, 1.32341, 2.51606, 0.5, 0.026, 4, 4, 5, 0, 0, 0, 0, 0
00, 22.6658, 6.21956, 0.197484, 2.4277, 0.5, 0.026, 4, 4, 5, 0, 0, 0, 0, 0
10, 24.3794, 6.50973, 1.48243, 2.45258, 0.5, 0.026, 4, 4, 5, 0, 0, 0, 0, 0

01, 19.9871, 5.92215, 0.14015, 2.8937, 0.5, 0.026, 4, 4, 5, 0, 0, 0, 0, 0
11, 23.5193, 4.20259, 1.35873, 2.86536, 0.5, 0.026, 4, 4, 5, 0, 0, 0, 0, 0
00, 22.7415, 6.22586, 0.346683, 2.76473, 0.5, 0.026, 4, 4, 5, 0, 0, 0, 0, 0
10, 24.5676, 6.53923, 1.56568, 2.79307, 0.5, 0.026, 4, 4, 5, 0, 0, 0, 0, 0

01, 19.8707, 5.95903, 0.213769, 3.29543, 0.5, 0.026, 4, 4, 5, 0, 0, 0, 0, 0
11, 23.5006, 4.19492, 1.38092, 3.26316, 0.5, 0.026, 4, 4, 5, 0, 0, 0, 0, 0
00, 22.7585, 6.18669, 0.518618, 3.14855, 0.5, 0.026, 4, 4, 5, 0, 0, 0, 0, 0
10, 24.6905, 6.54766, 1.58133, 3.18083, 0.5, 0.026, 4, 4, 5, 0, 0, 0, 0, 0

01, 19.8473, 5.9809, 0.246542, 3.75293, 0.5, 0.026, 4, 4, 5, 0, 0, 0, 0, 0
11, 23.4992, 4.19478, 1.38259, 3.71618, 0.5, 0.026, 4, 4, 5, 0, 0, 0, 0, 0
00, 22.7095, 6.16359, 0.608656, 3.58566, 0.5, 0.026, 4, 4, 5, 0, 0, 0, 0, 0
10, 24.7647, 6.54802, 1.56333, 3.62242, 0.5, 0.026, 4, 4, 5, 0, 0, 0, 0, 0

011, 18.8048, 5.71656, 0.246844, 2.13824, 0.5, 0.026, 4, 4, 5, 0, 0, 0, 0, 0
111, 23.3097, 3.19939, 1.39551, 2.08815, 0.5, 0.026, 4, 4, 5, 0, 0, 0, 0, 0
001, 21.812, 5.4812, 0.65939, 2.07411, 0.5, 0.026, 4, 4, 5, 0, 0, 0, 0, 0
010, 20.8649, 6.27125, 0.288445, 2.13571, 0.5, 0.026, 4, 4, 5, 0, 0, 0, 0, 0
110, 23.7044, 5.27447, 1.37023, 2.14394, 0.5, 0.026, 4, 4, 5, 0, 0, 0, 0, 0
000, 23.3968, 6.76164, 0.628362, 2.00934, 0.5, 0.026, 4, 4, 5, 0, 0, 0, 0, 0
101, 24.8082, 5.48371, 1.54607, 2.08009, 0.5, 0.026, 4, 4, 5, 0, 0, 0, 0, 0
100, 24.8532, 7.54285, 1.54358, 2.04522, 0.5, 0.026, 4, 4, 5, 0, 0, 0, 0, 0

011, 18.6594, 5.67895, 0.245217, 2.43509, 0.5, 0.026, 4, 4, 5, 0, 0, 0, 0, 0
111, 23.2766, 3.02331, 1.39872, 2.37804, 0.5, 0.026, 4, 4, 5, 0, 0, 0, 0, 0
001, 21.7299, 5.36689, 0.603149, 2.36206, 0.5, 0.026, 4, 4, 5, 0, 0, 0, 0, 0
010, 21.0014, 6.32098, 0.321782, 2.4322, 0.5, 0.026, 4, 4, 5, 0, 0, 0, 0, 0
110, 23.7411, 5.38289, 1.33579, 2.44158, 0.5, 0.026, 4, 4, 5, 0, 0, 0, 0, 0
000, 23.388, 6.93623, 0.595395, 2.28829, 0.5, 0.026, 4, 4, 5, 0, 0, 0, 0, 0
101, 24.8494, 5.34213, 1.48786, 2.36887, 0.5, 0.026, 4, 4, 5, 0, 0, 0, 0, 0
100, 24.9081, 7.68477, 1.60028, 2.32915, 0.5, 0.026, 4, 4, 5, 0, 0, 0, 0, 0

011, 18.4405, 5.634, 0.259793, 2.77315, 0.5, 0.026, 4, 4, 5, 0, 0, 0, 0, 0
111, 23.2455, 2.82715, 1.3945, 2.70818, 0.5, 0.026, 4, 4, 5, 0, 0, 0, 0, 0
001, 21.6714, 5.26014, 0.518643, 2.68998, 0.5, 0.026, 4, 4, 5, 0, 0, 0, 0, 0
010, 21.0768, 6.37596, 0.463623, 2.76986, 0.5, 0.026, 4, 4, 5, 0, 0, 0, 0, 0
110, 23.7919, 5.50139, 1.24981, 2.78054, 0.5, 0.026, 4, 4, 5, 0, 0, 0, 0, 0
000, 23.4366, 7.11556, 0.741097, 2.60597, 0.5, 0.026, 4, 4, 5, 0, 0, 0, 0, 0
101, 24.8841, 5.1868, 1.4123, 2.69773, 0.5, 0.026, 4, 4, 5, 0, 0, 0, 0, 0
100, 25.013, 7.84046, 1.66918, 2.6525, 0.5, 0.026, 4, 4, 5, 0, 0, 0, 0, 0

011, 18.2957, 5.63721, 0.317956, 3.15814, 0.5, 0.026, 4, 4, 5, 0, 0, 0, 0, 0
111, 23.2406, 2.65288, 1.35642, 3.08416, 0.5, 0.026, 4, 4, 5, 0, 0, 0, 0, 0
001, 21.6222, 5.13305, 0.393766, 3.06343, 0.5, 0.026, 4, 4, 5, 0, 0, 0, 0, 0
010, 21.1406, 6.40309, 0.660625, 3.1544, 0.5, 0.026, 4, 4, 5, 0, 0, 0, 0, 0
110, 23.8103, 5.64713, 1.14266, 3.16656, 0.5, 0.026, 4, 4, 5, 0, 0, 0, 0, 0
000, 23.4604, 7.23681, 0.851707, 2.96776, 0.5, 0.026, 4, 4, 5, 0, 0, 0, 0, 0
101, 24.8823, 5.01939, 1.37272, 3.07226, 0.5, 0.026, 4, 4, 5, 0, 0, 0, 0, 0
100, 25.1117, 8.01394, 1.72081, 3.02075, 0.5, 0.026, 4, 4, 5, 0, 0, 0, 0, 0

011, 18.2257, 5.66934, 0.385519, 3.59658, 0.5, 0.026, 4, 4, 5, 0, 0, 0, 0, 0
111, 23.2668, 2.46438, 1.26179, 3.51233, 0.5, 0.026, 4, 4, 5, 0, 0, 0, 0, 0
001, 21.4793, 4.98946, 0.391632, 3.48872, 0.5, 0.026, 4, 4, 5, 0, 0, 0, 0, 0
010, 21.1566, 6.44241, 0.761547, 3.59232, 0.5, 0.026, 4, 4, 5, 0, 0, 0, 0, 0
110, 23.876, 5.7777, 1.13025, 3.60616, 0.5, 0.026, 4, 4, 5, 0, 0, 0, 0, 0
000, 23.4309, 7.36047, 0.860175, 3.37976, 0.5, 0.026, 4, 4, 5, 0, 0, 0, 0, 0
101, 24.8835, 4.85456, 1.37877, 3.49877, 0.5, 0.026, 4, 4, 5, 0, 0, 0, 0, 0
100, 25.2453, 8.18665, 1.79205, 3.44012, 0.5, 0.026, 4, 4, 5, 0, 0, 0, 0, 0

0111, 17.3002, 5.28845, 0.424653, 2.02843, 0.5, 0.026, 4, 4, 5, 0, 0, 0, 0, 0
0110, 19.1605, 6.13723, 0.439076, 2.06746, 0.5, 0.026, 4, 4, 5, 0, 0, 0, 0, 0
111, 23.2728, 2.28585, 1.18421, 3.99994, 0.5, 0.026, 4, 4, 5, 0, 0, 0, 0, 0
0101, 20.4286, 5.74051, 0.812793, 2.04819, 0.5, 0.026, 4, 4, 5, 0, 0, 0, 0, 0
1101, 23.5055, 4.92738, 1.03782, 2.07117, 0.5, 0.026, 4, 4, 5, 0, 0, 0, 0, 0
001, 21.3136, 4.8599, 0.422104, 3.97305, 0.5, 0.026, 4, 4, 5, 0, 0, 0, 0, 0
0100, 21.8006, 7.25322, 0.819078, 2.04284, 0.5, 0.026, 4, 4, 5, 0, 0, 0, 0, 0
000, 23.3552, 7.47268, 0.827154, 3.84897, 0.5, 0.026, 4, 4, 5, 0, 0, 0, 0, 0
1100, 24.3189, 6.80154, 1.13876, 2.03563, 0.5, 0.026, 4, 4, 5, 0, 0, 0, 0, 0
101, 24.9648, 4.71549, 1.45361, 3.9845, 0.5, 0.026, 4, 4, 5, 0, 0, 0, 0, 0
100, 25.4174, 8.3176, 1.85608, 3.9177, 0.5, 0.026, 4, 4, 5, 0, 0, 0, 0, 0

0111, 17.165, 5.22795, 0.425527, 2.31003, 0.5, 0.026, 4, 4, 5, 0, 0, 0, 0, 0
0110, 19.2694, 6.22113, 0.49974, 2.35448, 0.5, 0.026, 4, 4, 5, 0, 0, 0, 0, 0
1111, 22.8598, 1.27171, 1.16378, 2.22121, 0.5, 0.026, 4, 4, 5, 0, 0, 0, 0, 0
1110, 23.7577, 3.35963, 1.12314, 2.33404, 0.5, 0.026, 4, 4, 5, 0, 0, 0, 0, 0
0001, 22.5242, 6.70831, 0.700773, 2.20672, 0.5, 0.026, 4, 4, 5, 0, 0, 0, 0, 0
0011, 20.3062, 4.33989, 0.424142, 2.23154, 0.5, 0.026, 4, 4, 5, 0, 0, 0, 0, 0
0101, 20.3617, 5.6586, 0.697812, 2.33254, 0.5, 0.026, 4, 4, 5, 0, 0, 0, 0, 0
1101, 23.5244, 4.84257, 0.766677, 2.35871, 0.5, 0.026, 4, 4, 5, 0, 0, 0, 0, 0
0010, 22.333, 5.3358, 0.477234, 2.29308, 0.5, 0.026, 4, 4, 5, 0, 0, 0, 0, 0
0100, 21.8029, 7.42444, 0.726473, 2.32644, 0.5, 0.026, 4, 4, 5, 0, 0, 0, 0, 0
1011, 24.9849, 3.51847, 1.40783, 2.2825, 0.5, 0.026, 4, 4, 5, 0, 0, 0, 0, 0
1001, 25.7859, 7.38795, 2.00938, 2.18059, 0.5, 0.026, 4, 4, 5, 0, 0, 0, 0, 0
1100, 24.2894, 6.88765, 1.06627, 2.31823, 0.5, 0.026, 4, 4, 5, 0, 0, 0, 0, 0
1010, 25.0758, 5.76595, 1.44623, 2.25516, 0.5, 0.026, 4, 4, 5, 0, 0, 0, 0, 0
0000, 24.0165, 8.29971, 0.834938, 2.1766, 0.5, 0.026, 4, 4, 5, 0, 0, 0, 0, 0
1000, 25.1783, 9.50749, 1.94867, 2.281, 0.5, 0.026, 4, 4, 5, 0, 0, 0, 0, 0

0111, 17.0157, 5.16714, 0.435364, 2.63073, 0.5, 0.026, 4, 4, 5, 0, 0, 0, 0, 0
0110, 19.4052, 6.29501, 0.554805, 2.68135, 0.5, 0.026, 4, 4, 5, 0, 0, 0, 0, 0
1111, 22.7863, 1.1671, 1.05982, 2.52957, 0.5, 0.026, 4, 4, 5, 0, 0, 0, 0, 0
1110, 23.8441, 3.49919, 1.00574, 2.65807, 0.5, 0.026, 4, 4, 5, 0, 0, 0, 0, 0
0001, 22.4958, 6.59298, 0.599396, 2.51307, 0.5, 0.026, 4, 4, 5, 0, 0, 0, 0, 0
0011, 20.0981, 4.21274, 0.426675, 2.54134, 0.5, 0.026, 4, 4, 5, 0, 0, 0, 0, 0
0101, 20.2206, 5.56333, 0.646195, 2.65637, 0.5, 0.026, 4, 4, 5, 0, 0, 0, 0, 0
1101, 23.4336, 4.78179, 0.70262, 2.68617, 0.5, 0.026, 4, 4, 5, 0, 0, 0, 0, 0
0010, 22.3963, 5.34411, 0.573915, 2.61143, 0.5, 0.026, 4, 4, 5, 0, 0, 0, 0, 0
0100, 21.8328, 7.51628, 0.65545, 2.64942, 0.5, 0.026, 4, 4, 5, 0, 0, 0, 0, 0
0000, 23.986, 8.4865, 0.817708, 2.47878, 0.5, 0.026, 4, 4, 5, 0, 0, 0, 0, 0
1011, 25.065, 3.3379, 1.26864, 2.59938, 0.5, 0.026, 4, 4, 5, 0, 0, 0, 0, 0
1001, 25.9703, 7.32686, 2.02636, 2.48332, 0.5, 0.026, 4, 4, 5, 0, 0, 0, 0, 0
1100, 24.2939, 7.0371, 1.0887, 2.64007, 0.5, 0.026, 4, 4, 5, 0, 0, 0, 0, 0
1010, 25.1284, 5.84588, 1.47489, 2.56824, 0.5, 0.026, 4, 4, 5, 0, 0, 0, 0, 0
1000, 25.2637, 9.68283, 2.09016, 2.59766, 0.5, 0.026, 4, 4, 5, 0, 0, 0, 0, 0

0101, 19.9373, 5.43847, 0.669128, 3.02514, 0.5, 0.026, 4, 4, 5, 0, 0, 0, 0, 0
0011, 19.8396, 4.06542, 0.536202, 2.89415, 0.5, 0.026, 4, 4, 5, 0, 0, 0, 0, 0
0111, 16.8036, 5.11813, 0.504424, 2.99595, 0.5, 0.026, 4, 4, 5, 0, 0, 0, 0, 0
0110, 19.4449, 6.37336, 0.710616, 3.05359, 0.5, 0.026, 4, 4, 5, 0, 0, 0, 0, 0
1111, 22.7801, 1.1694, 0.792116, 2.88075, 0.5, 0.026, 4, 4, 5, 0, 0, 0, 0, 0
1110, 23.7909, 3.51389, 0.816457, 3.02708, 0.5, 0.026, 4, 4, 5, 0, 0, 0, 0, 0
0001, 22.5013, 6.51036, 0.58355, 2.86196, 0.5, 0.026, 4, 4, 5, 0, 0, 0, 0, 0
1101, 23.4127, 4.68239, 0.662599, 3.05908, 0.5, 0.026, 4, 4, 5, 0, 0, 0, 0, 0
0010, 22.4325, 5.19027, 0.651245, 2.97397, 0.5, 0.026, 4, 4, 5, 0, 0, 0, 0, 0
0100, 21.8688, 7.70467, 0.865009, 3.01724, 0.5, 0.026, 4, 4, 5, 0, 0, 0, 0, 0
0000, 23.9547, 8.73658, 0.924085, 2.8229, 0.5, 0.026, 4, 4, 5, 0, 0, 0, 0, 0
1011, 25.1347, 3.1617, 1.09042, 2.96025, 0.5, 0.026, 4, 4, 5, 0, 0, 0, 0, 0
1001, 26.2275, 7.32481, 2.0836, 2.82808, 0.5, 0.026, 4, 4, 5, 0, 0, 0, 0, 0
1100, 24.4252, 7.23871, 1.20847, 3.00658, 0.5, 0.026, 4, 4, 5, 0, 0, 0, 0, 0
1010, 25.2717, 5.90616, 1.49361, 2.92478, 0.5, 0.026, 4, 4, 5, 0, 0, 0, 0, 0
1000, 25.4228, 9.89123, 2.19131, 2.95829, 0.5, 0.026, 4, 4, 5, 0, 0, 0, 0, 0

0101, 19.7254, 5.30686, 0.714123, 3.44512, 0.5, 0.026, 4, 4, 5, 0, 0, 0, 0, 0
0011, 19.7419, 4.00615, 0.72403, 3.29594, 0.5, 0.026, 4, 4, 5, 0, 0, 0, 0, 0
0111, 16.6303, 5.12123, 0.625871, 3.41187, 0.5, 0.026, 4, 4, 5, 0, 0, 0, 0, 0
0110, 19.4989, 6.4738, 0.741301, 3.47752, 0.5, 0.026, 4, 4, 5, 0, 0, 0, 0, 0
1111, 22.7317, 1.23428, 0.699602, 3.28068, 0.5, 0.026, 4, 4, 5, 0, 0, 0, 0, 0
1110, 23.6491, 3.36899, 0.736058, 3.44733, 0.5, 0.026, 4, 4, 5, 0, 0, 0, 0, 0
0001, 22.4556, 6.36941, 0.646725, 3.25928, 0.5, 0.026, 4, 4, 5, 0, 0, 0, 0, 0
1101, 23.4147, 4.55624, 0.673653, 3.48377, 0.5, 0.026, 4, 4, 5, 0, 0, 0, 0, 0
0010, 22.3995, 5.0281, 0.679429, 3.38684, 0.5, 0.026, 4, 4, 5, 0, 0, 0, 0, 0
0100, 21.9471, 7.89062, 1.01424, 3.43611, 0.5, 0.026, 4, 4, 5, 0, 0, 0, 0, 0
0000, 23.831, 8.90376, 0.916763, 3.2148, 0.5, 0.026, 4, 4, 5, 0, 0, 0, 0, 0
1011, 25.2845, 3.02075, 0.950597, 3.37121, 0.5, 0.026, 4, 4, 5, 0, 0, 0, 0, 0
1001, 26.4556, 7.37083, 2.14133, 3.22069, 0.5, 0.026, 4, 4, 5, 0, 0, 0, 0, 0
1100, 24.5221, 7.46403, 1.27771, 3.42398, 0.5, 0.026, 4, 4, 5, 0, 0, 0, 0, 0
1010, 25.4063, 5.93582, 1.53376, 3.33083, 0.5, 0.026, 4, 4, 5, 0, 0, 0, 0, 0
1000, 25.5609, 10.0809, 2.27854, 3.36899, 0.5, 0.026, 4, 4, 5, 0, 0, 0, 0, 0

0011, 19.6148, 3.89209, 0.79858, 3.75351, 0.5, 0.026, 4, 4, 5, 0, 0, 0, 0, 0
0101, 19.553, 5.15379, 0.747705, 3.9234, 0.5, 0.026, 4, 4, 5, 0, 0, 0, 0, 0
0111, 16.5544, 5.15038, 0.709502, 3.88553, 0.5, 0.026, 4, 4, 5, 0, 0, 0, 0, 0
0110, 19.5266, 6.49566, 0.750232, 3.9603, 0.5, 0.026, 4, 4, 5, 0, 0, 0, 0, 0
1111, 22.6325, 1.34258, 0.663516, 3.73613, 0.5, 0.026, 4, 4, 5, 0, 0, 0, 0, 0
1110, 23.4911, 3.24374, 0.643449, 3.92591, 0.5, 0.026, 4, 4, 5, 0, 0, 0, 0, 0
0001, 22.4364, 6.30807, 0.660404, 3.71176, 0.5, 0.026, 4, 4, 5, 0, 0, 0, 0, 0
1101, 23.374, 4.42544, 0.620817, 3.96742, 0.5, 0.026, 4, 4, 5, 0, 0, 0, 0, 0
0010, 22.2959, 4.92941, 0.662799, 3.85703, 0.5, 0.026, 4, 4, 5, 0, 0, 0, 0, 0
0100, 21.9376, 8.12833, 1.18762, 3.91315, 0.5, 0.026, 4, 4, 5, 0, 0, 0, 0, 0
0000, 23.7131, 9.03134, 0.947587, 3.66111, 0.5, 0.026, 4, 4, 5, 0, 0, 0, 0, 0
1011, 25.5312, 2.8895, 0.880646, 3.83923, 0.5, 0.026, 4, 4, 5, 0, 0, 0, 0, 0
1001, 26.6555, 7.45769, 2.14097, 3.66782, 0.5, 0.026, 4, 4, 5, 0, 0, 0, 0, 0
1100, 24.6432, 7.65901, 1.34388, 3.89933, 0.5, 0.026, 4, 4, 5, 0, 0, 0, 0, 0
1010, 25.5777, 5.90421, 1.5706, 3.79324, 0.5, 0.026, 4, 4, 5, 0, 0, 0, 0, 0
1000, 25.7247, 10.2538, 2.32798, 3.8367, 0.5, 0.026, 4, 4, 5, 0, 0, 0, 0, 0

01111, 15.7551, 4.46261, 0.714739, 2.18218, 0.5, 0.026, 4, 4, 5, 0, 0, 0, 0, 0
00111, 18.5863, 2.85244, 0.801565, 2.16739, 0.5, 0.026, 4, 4, 5, 0, 0, 0, 0, 0
01011, 18.5333, 4.19013, 0.697734, 2.28025, 0.5, 0.026, 4, 4, 5, 0, 0, 0, 0, 0
01101, 18.6273, 5.77264, 0.923064, 2.25459, 0.5, 0.026, 4, 4, 5, 0, 0, 0, 0, 0
01110, 17.3946, 5.94166, 0.782049, 2.24278, 0.5, 0.026, 4, 4, 5, 0, 0, 0, 0, 0
11111, 21.8088, 0.810703, 0.604918, 2.09268, 0.5, 0.026, 4, 4, 5, 0, 0, 0, 0, 0
11101, 22.4603, 2.46701, 0.672135, 2.25499, 0.5, 0.026, 4, 4, 5, 0, 0, 0, 0, 0
11011, 22.3478, 3.62736, 0.643247, 2.31483, 0.5, 0.026, 4, 4, 5, 0, 0, 0, 0, 0
11110, 23.535, 2.04455, 0.690897, 2.16213, 0.5, 0.026, 4, 4, 5, 0, 0, 0, 0, 0
00011, 21.7362, 5.63047, 0.667065, 2.16419, 0.5, 0.026, 4, 4, 5, 0, 0, 0, 0, 0
00110, 20.09, 4.34128, 0.955644, 2.10721, 0.5, 0.026, 4, 4, 5, 0, 0, 0, 0, 0
00101, 21.4565, 4.18886, 0.59137, 2.15916, 0.5, 0.026, 4, 4, 5, 0, 0, 0, 0, 0
01001, 21.5262, 7.25143, 1.35979, 2.28279, 0.5, 0.026, 4, 4, 5, 0, 0, 0, 0, 0
01010, 20.0497, 5.80129, 0.718329, 2.18783, 0.5, 0.026, 4, 4, 5, 0, 0, 0, 0, 0
01100, 20.2074, 7.35773, 0.830768, 2.25551, 0.5, 0.026, 4, 4, 5, 0, 0, 0, 0, 0
00010, 23.2741, 7.0634, 0.737178, 2.06286, 0.5, 0.026, 4, 4, 5, 0, 0, 0, 0, 0
00100, 23.1589, 5.55806, 0.801946, 2.23333, 0.5, 0.026, 4, 4, 5, 0, 0, 0, 0, 0
00001, 23.0037, 8.25403, 0.866268, 2.0807, 0.5, 0.026, 4, 4, 5, 0, 0, 0, 0, 0
01000, 22.3324, 9.30969, 1.16573, 2.17361, 0.5, 0.026, 4, 4, 5, 0, 0, 0, 0, 0
10111, 24.9267, 2.01161, 0.933699, 2.17438, 0.5, 0.026, 4, 4, 5, 0, 0, 0, 0, 0
11100, 24.2752, 3.75537, 0.518846, 2.21595, 0.5, 0.026, 4, 4, 5, 0, 0, 0, 0, 0
10110, 26.4375, 3.57552, 0.814434, 2.19785, 0.5, 0.026, 4, 4, 5, 0, 0, 0, 0, 0
10011, 27.348, 6.57988, 2.15605, 2.12121, 0.5, 0.026, 4, 4, 5, 0, 0, 0, 0, 0
10101, 25.7554, 4.87974, 1.58685, 2.13688, 0.5, 0.026, 4, 4, 5, 0, 0, 0, 0, 0
11001, 24.6162, 6.70313, 1.50831, 2.20423, 0.5, 0.026, 4, 4, 5, 0, 0, 0, 0, 0
11010, 24.205, 4.88143, 0.415158, 2.20338, 0.5, 0.026, 4, 4, 5, 0, 0, 0, 0, 0
10100, 25.6748, 7.03111, 1.65676, 2.18297, 0.5, 0.026, 4, 4, 5, 0, 0, 0, 0, 0
00000, 24.2202, 9.93479, 0.937812, 2.08868, 0.5, 0.026, 4, 4, 5, 0, 0, 0, 0, 0
10010, 26.2989, 8.36893, 2.24621, 2.05581, 0.5, 0.026, 4, 4, 5, 0, 0, 0, 0, 0
10001, 26.6316, 9.5266, 2.38907, 2.21693, 0.5, 0.026, 4, 4, 5, 0, 0, 0, 0, 0
11000, 24.9532, 8.88444, 1.29066, 2.23644, 0.5, 0.026, 4, 4, 5, 0, 0, 0, 0, 0
10000, 25.1829, 11.1329, 2.45089, 2.15242, 0.5, 0.026, 4, 4, 5, 0, 0, 0, 0, 0

01111, 15.6344, 4.36276, 0.720461, 2.48512, 0.5, 0.026, 4, 4, 5, 0, 0, 0, 0, 0
00111, 18.3035, 2.60079, 0.852732, 2.46828, 0.5, 0.026, 4, 4, 5, 0, 0, 0, 0, 0
01100, 19.9841, 7.60161, 1.08589, 2.56864, 0.5, 0.026, 4, 4, 5, 0, 0, 0, 0, 0
00110, 19.9503, 4.17124, 1.22403, 2.39976, 0.5, 0.026, 4, 4, 5, 0, 0, 0, 0, 0
01010, 19.9377, 5.89396, 0.663485, 2.49157, 0.5, 0.026, 4, 4, 5, 0, 0, 0, 0, 0
01011, 18.3452, 4.05761, 0.586968, 2.59681, 0.5, 0.026, 4, 4, 5, 0, 0, 0, 0, 0
01101, 18.3749, 5.7255, 1.06401, 2.56759, 0.5, 0.026, 4, 4, 5, 0, 0, 0, 0, 0
01110, 17.4022, 6.10804, 1.01274, 2.55414, 0.5, 0.026, 4, 4, 5, 0, 0, 0, 0, 0
11111, 21.7048, 0.715557, 0.316958, 2.38321, 0.5, 0.026, 4, 4, 5, 0, 0, 0, 0, 0
11101, 22.2995, 2.24768, 0.674307, 2.56805, 0.5, 0.026, 4, 4, 5, 0, 0, 0, 0, 0
11011, 22.1665, 3.45781, 0.71677, 2.63619, 0.5, 0.026, 4, 4, 5, 0, 0, 0, 0, 0
11110, 23.6576, 2.07089, 0.767097, 2.46229, 0.5, 0.026, 4, 4, 5, 0, 0, 0, 0, 0
00011, 21.7226, 5.5834, 0.603448, 2.46464, 0.5, 0.026, 4, 4, 5, 0, 0, 0, 0, 0
00101, 21.3563, 4.04783, 0.688957, 2.45892, 0.5, 0.026, 4, 4, 5, 0, 0, 0, 0, 0
01001, 21.4107, 7.42153, 1.65784, 2.5997, 0.5, 0.026, 4, 4, 5, 0, 0, 0, 0, 0
00010, 23.4136, 7.25806, 0.865171, 2.34925, 0.5, 0.026, 4, 4, 5, 0, 0, 0, 0, 0
00100, 23.2872, 5.58905, 0.853658, 2.54338, 0.5, 0.026, 4, 4, 5, 0, 0, 0, 0, 0
00001, 22.8371, 8.10622, 0.8611, 2.36956, 0.5, 0.026, 4, 4, 5, 0, 0, 0, 0, 0
01000, 22.4193, 9.50213, 1.17588, 2.47537, 0.5, 0.026, 4, 4, 5, 0, 0, 0, 0, 0
10111, 24.9245, 1.89243, 0.991324, 2.47624, 0.5, 0.026, 4, 4, 5, 0, 0, 0, 0, 0
11100, 24.3404, 3.66691, 0.297791, 2.52358, 0.5, 0.026, 4, 4, 5, 0, 0, 0, 0, 0
10110, 26.7714, 3.40528, 0.833854, 2.50298, 0.5, 0.026, 4, 4, 5, 0, 0, 0, 0, 0
10011, 27.3649, 6.49985, 2.20246, 2.41569, 0.5, 0.026, 4, 4, 5, 0, 0, 0, 0, 0
10101, 26.0781, 4.79872, 1.52324, 2.43354, 0.5, 0.026, 4, 4, 5, 0, 0, 0, 0, 0
11001, 24.782, 6.64158, 1.5844, 2.51024, 0.5, 0.026, 4, 4, 5, 0, 0, 0, 0, 0
11010, 24.368, 4.71459, 0.300979, 2.50927, 0.5, 0.026, 4, 4, 5, 0, 0, 0, 0, 0
10100, 25.8102, 7.22515, 1.74289, 2.48602, 0.5, 0.026, 4, 4, 5, 0, 0, 0, 0, 0
00000, 24.0933, 10.0292, 0.725169, 2.37864, 0.5, 0.026, 4, 4, 5, 0, 0, 0, 0, 0
10010, 26.5161, 8.53486, 2.36928, 2.34121, 0.5, 0.026, 4, 4, 5, 0, 0, 0, 0, 0
10001, 26.8349, 9.55242, 2.42926, 2.5247, 0.5, 0.026, 4, 4, 5, 0, 0, 0, 0, 0
11000, 24.9673, 9.07881, 1.12258, 2.54692, 0.5, 0.026, 4, 4, 5, 0, 0, 0, 0, 0
10000, 25.3896, 11.2657, 2.81281, 2.45123, 0.5, 0.026, 4, 4, 5, 0, 0, 0, 0, 0

01111, 15.4638, 4.23411, 0.747622, 2.83013, 0.5, 0.026, 4, 4, 5, 0, 0, 0, 0, 0
00110, 19.6835, 3.85828, 1.43985, 2.73291, 0.5, 0.026, 4, 4, 5, 0, 0, 0, 0, 0
01011, 17.9487, 3.89547, 0.593441, 2.95732, 0.5, 0.026, 4, 4, 5, 0, 0, 0, 0, 0
00111, 18.0557, 2.39369, 0.944242, 2.81095, 0.5, 0.026, 4, 4, 5, 0, 0, 0, 0, 0
01100, 19.7971, 7.90331, 1.24911, 2.92524, 0.5, 0.026, 4, 4, 5, 0, 0, 0, 0, 0
01010, 19.7743, 5.95334, 0.653752, 2.83747, 0.5, 0.026, 4, 4, 5, 0, 0, 0, 0, 0
01101, 18.1278, 5.78344, 1.10474, 2.92404, 0.5, 0.026, 4, 4, 5, 0, 0, 0, 0, 0
01110, 17.3092, 6.36605, 1.10597, 2.90873, 0.5, 0.026, 4, 4, 5, 0, 0, 0, 0, 0
00101, 21.2444, 3.92386, 0.780268, 2.80029, 0.5, 0.026, 4, 4, 5, 0, 0, 0, 0, 0
11111, 21.6479, 0.499989, -7.34949e-06, 2.71407, 0.5, 0.026, 4, 4, 5, 0, 0, 0, 0, 0
11101, 22.2367, 2.04954, 0.623338, 2.92457, 0.5, 0.026, 4, 4, 5, 0, 0, 0, 0, 0
11011, 22.0169, 3.31581, 0.792753, 3.00217, 0.5, 0.026, 4, 4, 5, 0, 0, 0, 0, 0
11110, 23.7421, 1.93141, 0.803386, 2.80413, 0.5, 0.026, 4, 4, 5, 0, 0, 0, 0, 0
00011, 21.5117, 5.4918, 0.544385, 2.8068, 0.5, 0.026, 4, 4, 5, 0, 0, 0, 0, 0
01001, 21.276, 7.59622, 1.7913, 2.96062, 0.5, 0.026, 4, 4, 5, 0, 0, 0, 0, 0
00010, 23.5086, 7.29628, 0.963357, 2.67539, 0.5, 0.026, 4, 4, 5, 0, 0, 0, 0, 0
00100, 23.4189, 5.7013, 0.800141, 2.89648, 0.5, 0.026, 4, 4, 5, 0, 0, 0, 0, 0
00000, 23.9088, 10.113, 0.467525, 2.70887, 0.5, 0.026, 4, 4, 5, 0, 0, 0, 0, 0
00001, 22.8315, 8.0549, 0.960101, 2.69852, 0.5, 0.026, 4, 4, 5, 0, 0, 0, 0, 0
01000, 22.1386, 9.62463, 1.46847, 2.81902, 0.5, 0.026, 4, 4, 5, 0, 0, 0, 0, 0
10111, 25.0163, 1.75823, 0.987938, 2.82001, 0.5, 0.026, 4, 4, 5, 0, 0, 0, 0, 0
11100, 24.4573, 3.59899, 0.149457, 2.87393, 0.5, 0.026, 4, 4, 5, 0, 0, 0, 0, 0
10110, 27.0948, 3.22206, 0.892513, 2.85046, 0.5, 0.026, 4, 4, 5, 0, 0, 0, 0, 0
10011, 27.4838, 6.3582, 2.19165, 2.75106, 0.5, 0.026, 4, 4, 5, 0, 0, 0, 0, 0
10101, 26.475, 4.77371, 1.44298, 2.77139, 0.5, 0.026, 4, 4, 5, 0, 0, 0, 0, 0
11001, 25.0373, 6.63964, 1.72903, 2.85873, 0.5, 0.026, 4, 4, 5, 0, 0, 0, 0, 0
11010, 24.5326, 4.61515, 0.151452, 2.85763, 0.5, 0.026, 4, 4, 5, 0, 0, 0, 0, 0
10100, 25.9215, 7.39622, 1.71979, 2.83116, 0.5, 0.026, 4, 4, 5, 0, 0, 0, 0, 0
10010, 26.811, 8.62978, 2.27014, 2.66624, 0.5, 0.026, 4, 4, 5, 0, 0, 0, 0, 0
10001, 27.2629, 9.61101, 2.28987, 2.8752, 0.5, 0.026, 4, 4, 5, 0, 0, 0, 0, 0
11000, 25.2262, 9.39851, 1.10342, 2.9005, 0.5, 0.026, 4, 4, 5, 0, 0, 0, 0, 0
10000, 25.5268, 11.3937, 3.02266, 2.79153, 0.5, 0.026, 4, 4, 5, 0, 0, 0, 0, 0

01111, 15.3238, 4.06147, 0.703216, 3.22303, 0.5, 0.026, 4, 4, 5, 0, 0, 0, 0, 0
00110, 19.2487, 3.42471, 1.59335, 3.11232, 0.5, 0.026, 4, 4, 5, 0, 0, 0, 0, 0
01011, 17.3275, 3.66847, 0.696179, 3.36788, 0.5, 0.026, 4, 4, 5, 0, 0, 0, 0, 0
00111, 17.7741, 2.17248, 1.10912, 3.20119, 0.5, 0.026, 4, 4, 5, 0, 0, 0, 0, 0
01010, 19.602, 5.94126, 0.594869, 3.23139, 0.5, 0.026, 4, 4, 5, 0, 0, 0, 0, 0
01101, 17.8698, 5.90509, 1.02399, 3.32998, 0.5, 0.026, 4, 4, 5, 0, 0, 0, 0, 0
01110, 17.1765, 6.67819, 1.02626, 3.31254, 0.5, 0.026, 4, 4, 5, 0, 0, 0, 0, 0
01100, 19.6722, 8.19134, 1.38759, 3.33135, 0.5, 0.026, 4, 4, 5, 0, 0, 0, 0, 0
00101, 21.0552, 3.89556, 0.733082, 3.18905, 0.5, 0.026, 4, 4, 5, 0, 0, 0, 0, 0
11111, 21.342, 0.499991, -3.5962e-06, 3.09086, 0.5, 0.026, 4, 4, 5, 0, 0, 0, 0, 0
11101, 22.2959, 1.97795, 0.435384, 3.33058, 0.5, 0.026, 4, 4, 5, 0, 0, 0, 0, 0
11011, 21.7718, 3.2246, 0.741184, 3.41896, 0.5, 0.026, 4, 4, 5, 0, 0, 0, 0, 0
00011, 21.0905, 5.39058, 0.367116, 3.19647, 0.5, 0.026, 4, 4, 5, 0, 0, 0, 0, 0
01001, 21.1793, 7.75982, 1.88425, 3.37163, 0.5, 0.026, 4, 4, 5, 0, 0, 0, 0, 0
00010, 23.4218, 7.27866, 0.991132, 3.04681, 0.5, 0.026, 4, 4, 5, 0, 0, 0, 0, 0
00100, 23.5241, 5.89664, 0.859146, 3.29859, 0.5, 0.026, 4, 4, 5, 0, 0, 0, 0, 0
00000, 23.8752, 10.26, 0.234626, 3.08493, 0.5, 0.026, 4, 4, 5, 0, 0, 0, 0, 0
00001, 22.9043, 8.28066, 0.984016, 3.07315, 0.5, 0.026, 4, 4, 5, 0, 0, 0, 0, 0
01000, 21.8801, 9.73307, 1.62767, 3.21038, 0.5, 0.026, 4, 4, 5, 0, 0, 0, 0, 0
11110, 24.0179, 1.71999, 0.85911, 3.19342, 0.5, 0.026, 4, 4, 5, 0, 0, 0, 0, 0
10111, 25.2184, 1.57027, 0.889785, 3.21151, 0.5, 0.026, 4, 4, 5, 0, 0, 0, 0, 0
11100, 24.595, 3.53451, 0.07043, 3.27291, 0.5, 0.026, 4, 4, 5, 0, 0, 0, 0, 0
10110, 27.4978, 2.96283, 0.944407, 3.24619, 0.5, 0.026, 4, 4, 5, 0, 0, 0, 0, 0
10011, 27.8099, 6.22418, 2.16178, 3.13298, 0.5, 0.026, 4, 4, 5, 0, 0, 0, 0, 0
10101, 26.8355, 4.64938, 1.46314, 3.15613, 0.5, 0.026, 4, 4, 5, 0, 0, 0, 0, 0
11001, 25.2828, 6.69606, 1.72412, 3.2556, 0.5, 0.026, 4, 4, 5, 0, 0, 0, 0, 0
11010, 24.7088, 4.53343, 0.0719631, 3.25435, 0.5, 0.026, 4, 4, 5, 0, 0, 0, 0, 0
10100, 26.1461, 7.57468, 1.71357, 3.2242, 0.5, 0.026, 4, 4, 5, 0, 0, 0, 0, 0
10010, 27.2511, 8.66409, 2.22418, 3.03639, 0.5, 0.026, 4, 4, 5, 0, 0, 0, 0, 0
10001, 27.8079, 9.72022, 2.14496, 3.27436, 0.5, 0.026, 4, 4, 5, 0, 0, 0, 0, 0
11000, 25.4818, 9.62917, 0.88531, 3.30318, 0.5, 0.026, 4, 4, 5, 0, 0, 0, 0, 0
10000, 25.5422, 11.5, 3.14159, 3.17908, 0.5, 0.026, 4, 4, 5, 0, 0, 0, 0, 0

01111, 15.0048, 3.88444, 0.809091, 3.67048, 0.5, 0.026, 4, 4, 5, 0, 0, 0, 0, 0
00110, 18.7578, 2.95488, 1.65545, 3.54439, 0.5, 0.026, 4, 4, 5, 0, 0, 0, 0, 0
01011, 16.6759, 3.42409, 0.785647, 3.83544, 0.5, 0.026, 4, 4, 5, 0, 0, 0, 0, 0
00111, 17.4498, 1.81647, 1.33836, 3.6456, 0.5, 0.026, 4, 4, 5, 0, 0, 0, 0, 0
01010, 19.3942, 5.91253, 0.524317, 3.67999, 0.5, 0.026, 4, 4, 5, 0, 0, 0, 0, 0
01101, 17.6918, 6.19932, 0.965811, 3.79228, 0.5, 0.026, 4, 4, 5, 0, 0, 0, 0, 0
01110, 17.0011, 6.94487, 0.967403, 3.77241, 0.5, 0.026, 4, 4, 5, 0, 0, 0, 0, 0
01100, 19.5505, 8.49432, 1.51083, 3.79384, 0.5, 0.026, 4, 4, 5, 0, 0, 0, 0, 0
00101, 20.7925, 3.79318, 0.64426, 3.63178, 0.5, 0.026, 4, 4, 5, 0, 0, 0, 0, 0
11111, 21.1296, 0.49999, -1.56673e-06, 3.51995, 0.5, 0.026, 4, 4, 5, 0, 0, 0, 0, 0
11101, 22.327, 1.92919, 0.323435, 3.79296, 0.5, 0.026, 4, 4, 5, 0, 0, 0, 0, 0
11011, 21.4649, 3.08268, 0.654544, 3.89361, 0.5, 0.026, 4, 4, 5, 0, 0, 0, 0, 0
00011, 20.7006, 5.23246, 0.333888, 3.64023, 0.5, 0.026, 4, 4, 5, 0, 0, 0, 0, 0
01001, 21.0959, 7.92289, 1.93293, 3.83971, 0.5, 0.026, 4, 4, 5, 0, 0, 0, 0, 0
00010, 23.4155, 7.26716, 1.01016, 3.46979, 0.5, 0.026, 4, 4, 5, 0, 0, 0, 0, 0
00100, 23.6168, 6.02395, 0.898724, 3.75653, 0.5, 0.026, 4, 4, 5, 0, 0, 0, 0, 0
00000, 23.8673, 10.5048, 0.0603785, 3.51321, 0.5, 0.026, 4, 4, 5, 0, 0, 0, 0, 0
00001, 23.0145, 8.4588, 1.0004, 3.49979, 0.5, 0.026, 4, 4, 5, 0, 0, 0, 0, 0
01000, 21.6949, 9.89283, 1.73398, 3.65608, 0.5, 0.026, 4, 4, 5, 0, 0, 0, 0, 0
11110, 24.2488, 1.56252, 0.847995, 3.63676, 0.5, 0.026, 4, 4, 5, 0, 0, 0, 0, 0
10111, 25.4915, 1.50179, 0.854168, 3.65736, 0.5, 0.026, 4, 4, 5, 0, 0, 0, 0, 0
11100, 24.7277, 3.50202, 0.125094, 3.72728, 0.5, 0.026, 4, 4, 5, 0, 0, 0, 0, 0
10110, 27.8823, 2.68839, 0.963259, 3.69685, 0.5, 0.026, 4, 4, 5, 0, 0, 0, 0, 0
10101, 27.2047, 4.49902, 1.44549, 3.59429, 0.5, 0.026, 4, 4, 5, 0, 0, 0, 0, 0
11001, 25.4748, 6.9592, 1.68056, 3.70757, 0.5, 0.026, 4, 4, 5, 0, 0, 0, 0, 0
11010, 24.8842, 4.51727, 0.127331, 3.70614, 0.5, 0.026, 4, 4, 5, 0, 0, 0, 0, 0
10100, 26.3878, 7.62427, 1.6729, 3.67181, 0.5, 0.026, 4, 4, 5, 0, 0, 0, 0, 0
10010, 27.8268, 8.45544, 2.19454, 3.45792, 0.5, 0.026, 4, 4, 5, 0, 0, 0, 0, 0
11000, 25.7998, 9.83496, 0.528581, 3.76175, 0.5, 0.026, 4, 4, 5, 0, 0, 0, 0, 0
10000, 25.4797, 11.5001, 3.14158, 3.62042, 0.5, 0.026, 4, 4, 5, 0, 0, 0, 0, 0
10011, 28.2047, 6.31148, 2.22988, 3.56793, 0.5, 0.026, 4, 4, 5, 0, 0, 0, 0, 0
10001, 28.3351, 9.93727, 1.98466, 3.72893, 0.5, 0.026, 4, 4, 5, 0, 0, 0, 0, 0

011111, 14.0801, 2.84061, 0.896645, 2.11005, 0.5, 0.026, 4, 4, 5, 0, 0, 0, 0, 0
010111, 15.5634, 2.48923, 0.654106, 2.18221, 0.5, 0.026, 4, 4, 5, 0, 0, 0, 0, 0
011110, 15.2601, 4.55184, 0.907971, 2.06999, 0.5, 0.026, 4, 4, 5, 0, 0, 0, 0, 0
111111, 19.7245, 0.503983, -0.00810423, 1.98528, 0.5, 0.026, 4, 4, 5, 0, 0, 0, 0, 0
001101, 18.5314, 1.77661, 1.7175, 1.99291, 0.5, 0.026, 4, 4, 5, 0, 0, 0, 0, 0
001011, 19.7429, 3.13432, 0.740866, 2.0917, 0.5, 0.026, 4, 4, 5, 0, 0, 0, 0, 0
001111, 16.8676, 0.999353, 1.09745, 2.12209, 0.5, 0.026, 4, 4, 5, 0, 0, 0, 0, 0
001100, 18.3148, 3.76116, 1.88605, 2.04355, 0.5, 0.026, 4, 4, 5, 0, 0, 0, 0, 0
001110, 17.2708, 2.99481, 1.40649, 2.02963, 0.5, 0.026, 4, 4, 5, 0, 0, 0, 0, 0
000111, 19.5373, 4.81858, 0.122662, 2.05585, 0.5, 0.026, 4, 4, 5, 0, 0, 0, 0, 0
010100, 19.9245, 6.24446, 0.841568, 2.13108, 0.5, 0.026, 4, 4, 5, 0, 0, 0, 0, 0
010101, 18.1261, 5.45805, 0.627314, 2.0598, 0.5, 0.026, 4, 4, 5, 0, 0, 0, 0, 0
011101, 16.1288, 6.39234, 0.866817, 2.14995, 0.5, 0.026, 4, 4, 5, 0, 0, 0, 0, 0
011011, 16.8905, 5.74716, 0.866803, 2.13593, 0.5, 0.026, 4, 4, 5, 0, 0, 0, 0, 0
011001, 19.5579, 7.69431, 1.28733, 2.13669, 0.5, 0.026, 4, 4, 5, 0, 0, 0, 0, 0
010110, 16.485, 4.14283, 0.527203, 2.18569, 0.5, 0.026, 4, 4, 5, 0, 0, 0, 0, 0
011010, 18.3022, 7.32618, 1.10517, 2.18283, 0.5, 0.026, 4, 4, 5, 0, 0, 0, 0, 0
011100, 17.5063, 8.01739, 1.03739, 2.14618, 0.5, 0.026, 4, 4, 5, 0, 0, 0, 0, 0
011000, 19.5093, 9.79572, 1.49988, 2.18384, 0.5, 0.026, 4, 4, 5, 0, 0, 0, 0, 0
111101, 23.5979, 0.959349, 0.802622, 2.02429, 0.5, 0.026, 4, 4, 5, 0, 0, 0, 0, 0
111001, 23.8549, 3.30988, 0.182953, 2.17287, 0.5, 0.026, 4, 4, 5, 0, 0, 0, 0, 0
111011, 21.2561, 1.58209, 0.404285, 2.178, 0.5, 0.026, 4, 4, 5, 0, 0, 0, 0, 0
110111, 20.3791, 2.37186, 0.734787, 2.17621, 0.5, 0.026, 4, 4, 5, 0, 0, 0, 0, 0
111110, 21.7452, 0.50041, 0.000819092, 2.02334, 0.5, 0.026, 4, 4, 5, 0, 0, 0, 0, 0
111010, 23.3022, 2.2001, 0.20377, 2.14153, 0.5, 0.026, 4, 4, 5, 0, 0, 0, 0, 0
110110, 22.1982, 3.46706, 0.857921, 2.25794, 0.5, 0.026, 4, 4, 5, 0, 0, 0, 0, 0
001010, 21.4486, 4.26251, 0.669664, 2.04427, 0.5, 0.026, 4, 4, 5, 0, 0, 0, 0, 0
001001, 23.2864, 5.21978, 0.410677, 2.12597, 0.5, 0.026, 4, 4, 5, 0, 0, 0, 0, 0
010011, 21.228, 7.09161, 1.761, 2.19816, 0.5, 0.026, 4, 4, 5, 0, 0, 0, 0, 0
000110, 21.438, 5.51331, 0.190946, 2.08974, 0.5, 0.026, 4, 4, 5, 0, 0, 0, 0, 0
00010, 23.7083, 7.29449, 0.940096, 3.9515, 0.5, 0.026, 4, 4, 5, 0, 0, 0, 0, 0
000001, 22.7619, 10.5792, 0.0214753, 2.02483, 0.5, 0.026, 4, 4, 5, 0, 0, 0, 0, 0
010001, 21.7715, 8.9482, 1.79871, 2.04436, 0.5, 0.026, 4, 4, 5, 0, 0, 0, 0, 0
010010, 20.6591, 9.19196, 1.83219, 2.17461, 0.5, 0.026, 4, 4, 5, 0, 0, 0, 0, 0
00001, 22.9622, 8.29961, 1.07816, 3.98566, 0.5, 0.026, 4, 4, 5, 0, 0, 0, 0, 0
010000, 21.2232, 10.9448, 1.69729, 2.11929, 0.5, 0.026, 4, 4, 5, 0, 0, 0, 0, 0
101011, 27.6484, 3.60919, 1.65674, 2.05101, 0.5, 0.026, 4, 4, 5, 0, 0, 0, 0, 0
101111, 24.9641, 0.823685, 0.634317, 2.09243, 0.5, 0.026, 4, 4, 5, 0, 0, 0, 0, 0
101101, 27.6404, 1.7126, 0.902684, 2.05602, 0.5, 0.026, 4, 4, 5, 0, 0, 0, 0, 0
111100, 25.2205, 2.22885, 0.608172, 2.11735, 0.5, 0.026, 4, 4, 5, 0, 0, 0, 0, 0
101110, 26.5687, 2.08277, 0.953528, 2.07267, 0.5, 0.026, 4, 4, 5, 0, 0, 0, 0, 0
111000, 25.9542, 3.56092, 0.0690354, 2.07187, 0.5, 0.026, 4, 4, 5, 0, 0, 0, 0, 0
100110, 27.9143, 7.33106, 2.25634, 2.03763, 0.5, 0.026, 4, 4, 5, 0, 0, 0, 0, 0
101001, 26.6069, 6.55149, 1.56547, 2.05967, 0.5, 0.026, 4, 4, 5, 0, 0, 0, 0, 0
110101, 24.0672, 4.394, 0.257783, 2.06317, 0.5, 0.026, 4, 4, 5, 0, 0, 0, 0, 0
110011, 25.5131, 6.05109, 1.39491, 2.10992, 0.5, 0.026, 4, 4, 5, 0, 0, 0, 0, 0
001000, 24.2976, 6.89657, 0.940974, 2.15207, 0.5, 0.026, 4, 4, 5, 0, 0, 0, 0, 0
101010, 27.612, 5.64687, 1.59008, 2.04228, 0.5, 0.026, 4, 4, 5, 0, 0, 0, 0, 0
110100, 26.1461, 4.61795, 0.157247, 2.15749, 0.5, 0.026, 4, 4, 5, 0, 0, 0, 0, 0
000000, 24.7501, 10.5884, 0.0324754, 1.97611, 0.5, 0.026, 4, 4, 5, 0, 0, 0, 0, 0
100001, 26.3115, 11.5, 3.1416, 2.01852, 0.5, 0.026, 4, 4, 5, 0, 0, 0, 0, 0
101000, 26.6332, 8.63541, 1.60218, 2.12189, 0.5, 0.026, 4, 4, 5, 0, 0, 0, 0, 0
110010, 25.6224, 8.14191, 1.54781, 2.11236, 0.5, 0.026, 4, 4, 5, 0, 0, 0, 0, 0
110001, 25.222, 9.61192, 0.234103, 2.17645, 0.5, 0.026, 4, 4, 5, 0, 0, 0, 0, 0
110000, 27.0569, 10.5397, 0.194145, 2.10754, 0.5, 0.026, 4, 4, 5, 0, 0, 0, 0, 0
100000, 24.2272, 11.5016, 3.14384, 2.10453, 0.5, 0.026, 4, 4, 5, 0, 0, 0, 0, 0
101100, 28.9143, 3.37152, 1.11664, 2.15406, 0.5, 0.026, 4, 4, 5, 0, 0, 0, 0, 0
100111, 29.1819, 5.74828, 2.24548, 2.02564, 0.5, 0.026, 4, 4, 5, 0, 0, 0, 0, 0
100011, 29.088, 9.10899, 2.11172, 2.07353, 0.5, 0.026, 4, 4, 5, 0, 0, 0, 0, 0
10010, 28.3557, 8.41766, 2.18188, 3.93798, 0.5, 0.026, 4, 4, 5, 0, 0, 0, 0, 0
100010, 28.5535, 11.031, 2.21482, 2.17308, 0.5, 0.026, 4, 4, 5, 0, 0, 0, 0, 0

011111, 13.9747, 2.52904, 0.70037, 2.40299, 0.5, 0.026, 4, 4, 5, 0, 0, 0, 0, 0
010111, 15.4531, 2.45648, 0.71695, 2.48517, 0.5, 0.026, 4, 4, 5, 0, 0, 0, 0, 0
011101, 15.8382, 6.63891, 0.993727, 2.44843, 0.5, 0.026, 4, 4, 5, 0, 0, 0, 0, 0
011110, 14.899, 4.51002, 0.903962, 2.35737, 0.5, 0.026, 4, 4, 5, 0, 0, 0, 0, 0
110111, 19.9234, 2.17245, 0.713761, 2.47833, 0.5, 0.026, 4, 4, 5, 0, 0, 0, 0, 0
111111, 19.3106, 0.500084, 0.000147809, 2.26089, 0.5, 0.026, 4, 4, 5, 0, 0, 0, 0, 0
001101, 17.9751, 1.85629, 1.63058, 2.26958, 0.5, 0.026, 4, 4, 5, 0, 0, 0, 0, 0
001011, 19.4344, 3.04808, 0.728205, 2.38209, 0.5, 0.026, 4, 4, 5, 0, 0, 0, 0, 0
001111, 16.4665, 0.952871, 0.693637, 2.41669, 0.5, 0.026, 4, 4, 5, 0, 0, 0, 0, 0
001110, 17.0482, 3.03415, 1.34882, 2.3114, 0.5, 0.026, 4, 4, 5, 0, 0, 0, 0, 0
001100, 18.1269, 4.02449, 1.89522, 2.32725, 0.5, 0.026, 4, 4, 5, 0, 0, 0, 0, 0
000111, 19.6568, 4.52218, -0.0817755, 2.34126, 0.5, 0.026, 4, 4, 5, 0, 0, 0, 0, 0
010100, 19.7519, 6.183, 1.14979, 2.42693, 0.5, 0.026, 4, 4, 5, 0, 0, 0, 0, 0
010101, 18.0846, 5.87094, 0.5018, 2.34576, 0.5, 0.026, 4, 4, 5, 0, 0, 0, 0, 0
011011, 16.6251, 6.02582, 0.99468, 2.43245, 0.5, 0.026, 4, 4, 5, 0, 0, 0, 0, 0
011001, 19.4668, 7.81421, 1.05061, 2.43332, 0.5, 0.026, 4, 4, 5, 0, 0, 0, 0, 0
010110, 16.2946, 4.27989, 0.572034, 2.48913, 0.5, 0.026, 4, 4, 5, 0, 0, 0, 0, 0
011010, 18.2166, 7.62964, 1.21728, 2.48587, 0.5, 0.026, 4, 4, 5, 0, 0, 0, 0, 0
011100, 17.4038, 8.29035, 1.22716, 2.44413, 0.5, 0.026, 4, 4, 5, 0, 0, 0, 0, 0
011000, 19.0202, 9.84824, 1.6608, 2.48702, 0.5, 0.026, 4, 4, 5, 0, 0, 0, 0, 0
111101, 23.7169, 0.905558, 0.670574, 2.30532, 0.5, 0.026, 4, 4, 5, 0, 0, 0, 0, 0
111001, 23.8609, 3.24742, 0.030946, 2.47452, 0.5, 0.026, 4, 4, 5, 0, 0, 0, 0, 0
111011, 21.2359, 1.61305, 0.290248, 2.48037, 0.5, 0.026, 4, 4, 5, 0, 0, 0, 0, 0
111110, 21.5765, 0.501454, 0.00229545, 2.30424, 0.5, 0.026, 4, 4, 5, 0, 0, 0, 0, 0
111010, 23.565, 2.26144, 0.0392921, 2.43884, 0.5, 0.026, 4, 4, 5, 0, 0, 0, 0, 0
110110, 22.0078, 3.37785, 0.940535, 2.57141, 0.5, 0.026, 4, 4, 5, 0, 0, 0, 0, 0
000101, 23.2862, 6.56165, 0.895147, 2.20184, 0.5, 0.026, 4, 4, 5, 0, 0, 0, 0, 0
000011, 22.4426, 7.08881, 0.896489, 2.21584, 0.5, 0.026, 4, 4, 5, 0, 0, 0, 0, 0
001010, 21.3145, 4.08003, 0.970416, 2.32807, 0.5, 0.026, 4, 4, 5, 0, 0, 0, 0, 0
001001, 23.2968, 5.15838, 0.224769, 2.42111, 0.5, 0.026, 4, 4, 5, 0, 0, 0, 0, 0
010011, 20.9766, 7.27613, 1.7081, 2.50333, 0.5, 0.026, 4, 4, 5, 0, 0, 0, 0, 0
000110, 21.1837, 5.54672, 0.152844, 2.37986, 0.5, 0.026, 4, 4, 5, 0, 0, 0, 0, 0
000001, 22.4682, 10.8286, -0.383876, 2.30593, 0.5, 0.026, 4, 4, 5, 0, 0, 0, 0, 0
010001, 21.8365, 8.78835, 1.60475, 2.32817, 0.5, 0.026, 4, 4, 5, 0, 0, 0, 0, 0
010010, 20.3164, 9.64268, 2.04697, 2.47651, 0.5, 0.026, 4, 4, 5, 0, 0, 0, 0, 0
000010, 23.1602, 9.11844, 1.05146, 2.32314, 0.5, 0.026, 4, 4, 5, 0, 0, 0, 0, 0
010000, 20.8845, 10.8452, 1.95664, 2.4135, 0.5, 0.026, 4, 4, 5, 0, 0, 0, 0, 0
101011, 27.9938, 3.52025, 1.86114, 2.33574, 0.5, 0.026, 4, 4, 5, 0, 0, 0, 0, 0
101111, 25.4128, 0.788918, 0.431118, 2.38292, 0.5, 0.026, 4, 4, 5, 0, 0, 0, 0, 0
101101, 27.9939, 1.29791, 1.0934, 2.34145, 0.5, 0.026, 4, 4, 5, 0, 0, 0, 0, 0
111100, 25.6364, 2.21467, 0.733967, 2.4113, 0.5, 0.026, 4, 4, 5, 0, 0, 0, 0, 0
101110, 27.0673, 2.12361, 1.40764, 2.36042, 0.5, 0.026, 4, 4, 5, 0, 0, 0, 0, 0
111000, 26.2079, 3.6875, 0.13061, 2.3595, 0.5, 0.026, 4, 4, 5, 0, 0, 0, 0, 0
101001, 26.6375, 6.34987, 1.07466, 2.34561, 0.5, 0.026, 4, 4, 5, 0, 0, 0, 0, 0
110101, 24.1225, 4.22379, 0.0590036, 2.3496, 0.5, 0.026, 4, 4, 5, 0, 0, 0, 0, 0
110011, 25.2756, 5.86003, 1.1192, 2.40284, 0.5, 0.026, 4, 4, 5, 0, 0, 0, 0, 0
001000, 24.6659, 6.88064, 1.05153, 2.45084, 0.5, 0.026, 4, 4, 5, 0, 0, 0, 0, 0
101010, 27.9666, 5.69241, 1.91863, 2.3258, 0.5, 0.026, 4, 4, 5, 0, 0, 0, 0, 0
110100, 26.4664, 4.77888, 0.213016, 2.45701, 0.5, 0.026, 4, 4, 5, 0, 0, 0, 0, 0
000100, 24.2924, 8.2798, 0.384061, 2.29824, 0.5, 0.026, 4, 4, 5, 0, 0, 0, 0, 0
000000, 24.8193, 10.4985, 0.212534, 2.25045, 0.5, 0.026, 4, 4, 5, 0, 0, 0, 0, 0
100001, 26.5424, 11.5, 3.14158, 2.29874, 0.5, 0.026, 4, 4, 5, 0, 0, 0, 0, 0
101000, 26.8706, 8.63499, 1.70984, 2.41647, 0.5, 0.026, 4, 4, 5, 0, 0, 0, 0, 0
110010, 25.9592, 8.04252, 1.70623, 2.40562, 0.5, 0.026, 4, 4, 5, 0, 0, 0, 0, 0
110001, 25.1503, 9.57226, 0.232771, 2.4786, 0.5, 0.026, 4, 4, 5, 0, 0, 0, 0, 0
110000, 27.2517, 10.5152, 0.0777117, 2.40013, 0.5, 0.026, 4, 4, 5, 0, 0, 0, 0, 0
100000, 24.1376, 11.5001, 3.1416, 2.39669, 0.5, 0.026, 4, 4, 5, 0, 0, 0, 0, 0
101100, 29.2086, 3.31664, 1.50371, 2.45311, 0.5, 0.026, 4, 4, 5, 0, 0, 0, 0, 0
100110, 28.3011, 7.29704, 2.12469, 2.32051, 0.5, 0.026, 4, 4, 5, 0, 0, 0, 0, 0
100101, 29.4749, 7.28839, 2.18373, 2.20911, 0.5, 0.026, 4, 4, 5, 0, 0, 0, 0, 0
100111, 29.4431, 5.33779, 2.35175, 2.30685, 0.5, 0.026, 4, 4, 5, 0, 0, 0, 0, 0
100100, 28.1636, 9.08941, 2.30642, 2.27558, 0.5, 0.026, 4, 4, 5, 0, 0, 0, 0, 0
100011, 29.3681, 9.23325, 2.24718, 2.3614, 0.5, 0.026, 4, 4, 5, 0, 0, 0, 0, 0
100010, 28.9523, 11.0362, 2.46133, 2.47477, 0.5, 0.026, 4, 4, 5, 0, 0, 0, 0, 0

001111, 15.4932, 0.955949, 0.54737, 2.7522, 0.5, 0.026, 4, 4, 5, 0, 0, 0, 0, 0
011111, 13.7996, 2.45194, 0.783733, 2.73659, 0.5, 0.026, 4, 4, 5, 0, 0, 0, 0, 0
010111, 15.1274, 2.34708, 0.98617, 2.83018, 0.5, 0.026, 4, 4, 5, 0, 0, 0, 0, 0
010110, 15.7585, 4.36337, 0.557634, 2.83469, 0.5, 0.026, 4, 4, 5, 0, 0, 0, 0, 0
011101, 15.2649, 7.00278, 1.12404, 2.78834, 0.5, 0.026, 4, 4, 5, 0, 0, 0, 0, 0
011110, 14.2049, 4.5143, 1.00064, 2.68464, 0.5, 0.026, 4, 4, 5, 0, 0, 0, 0, 0
110111, 19.4368, 1.93834, 0.526926, 2.82239, 0.5, 0.026, 4, 4, 5, 0, 0, 0, 0, 0
111111, 18.6202, 0.499889, -9.5866e-06, 2.57477, 0.5, 0.026, 4, 4, 5, 0, 0, 0, 0, 0
001101, 17.4075, 2.02104, 1.32065, 2.58466, 0.5, 0.026, 4, 4, 5, 0, 0, 0, 0, 0
001011, 19.2569, 3.07329, 0.635215, 2.71279, 0.5, 0.026, 4, 4, 5, 0, 0, 0, 0, 0
001110, 16.6881, 3.15827, 1.2559, 2.63229, 0.5, 0.026, 4, 4, 5, 0, 0, 0, 0, 0
001100, 17.8746, 4.28229, 2.02393, 2.65034, 0.5, 0.026, 4, 4, 5, 0, 0, 0, 0, 0
000111, 19.6541, 4.57254, 0.00387286, 2.6663, 0.5, 0.026, 4, 4, 5, 0, 0, 0, 0, 0
010100, 19.2658, 6.34273, 1.09401, 2.76386, 0.5, 0.026, 4, 4, 5, 0, 0, 0, 0, 0
010101, 17.5845, 6.20145, 0.527456, 2.67142, 0.5, 0.026, 4, 4, 5, 0, 0, 0, 0, 0
011011, 16.0025, 6.25488, 1.12774, 2.77015, 0.5, 0.026, 4, 4, 5, 0, 0, 0, 0, 0
011010, 17.8531, 7.98526, 1.00171, 2.83097, 0.5, 0.026, 4, 4, 5, 0, 0, 0, 0, 0
011001, 19.2507, 8.22362, 0.935392, 2.77114, 0.5, 0.026, 4, 4, 5, 0, 0, 0, 0, 0
011100, 17.1698, 8.75411, 1.00924, 2.78344, 0.5, 0.026, 4, 4, 5, 0, 0, 0, 0, 0
011000, 18.494, 10.2991, 2.12159, 2.83229, 0.5, 0.026, 4, 4, 5, 0, 0, 0, 0, 0
001010, 21.2289, 3.89055, 1.08178, 2.65128, 0.5, 0.026, 4, 4, 5, 0, 0, 0, 0, 0
111101, 23.7303, 0.819881, 0.404574, 2.62536, 0.5, 0.026, 4, 4, 5, 0, 0, 0, 0, 0
111011, 21.5138, 1.4429, -0.0367154, 2.82471, 0.5, 0.026, 4, 4, 5, 0, 0, 0, 0, 0
111110, 21.1966, 0.499825, 6.16898e-06, 2.62414, 0.5, 0.026, 4, 4, 5, 0, 0, 0, 0, 0
111010, 23.75, 2.20152, -0.101738, 2.77742, 0.5, 0.026, 4, 4, 5, 0, 0, 0, 0, 0
110110, 21.9691, 3.25468, 1.04974, 2.9284, 0.5, 0.026, 4, 4, 5, 0, 0, 0, 0, 0
000101, 23.2828, 6.49595, 0.585319, 2.50752, 0.5, 0.026, 4, 4, 5, 0, 0, 0, 0, 0
000011, 22.2939, 7.0141, 0.579103, 2.52347, 0.5, 0.026, 4, 4, 5, 0, 0, 0, 0, 0
001001, 23.3646, 5.16565, 0.10603, 2.75723, 0.5, 0.026, 4, 4, 5, 0, 0, 0, 0, 0
010011, 20.6432, 7.48455, 1.59983, 2.85086, 0.5, 0.026, 4, 4, 5, 0, 0, 0, 0, 0
000110, 20.8193, 5.58286, 0.0333146, 2.71025, 0.5, 0.026, 4, 4, 5, 0, 0, 0, 0, 0
100000, 23.8216, 11.5001, 3.14162, 2.72942, 0.5, 0.026, 4, 4, 5, 0, 0, 0, 0, 0
000001, 21.9757, 11.0056, -0.653951, 2.62606, 0.5, 0.026, 4, 4, 5, 0, 0, 0, 0, 0
010001, 21.6264, 8.53146, 1.46965, 2.65139, 0.5, 0.026, 4, 4, 5, 0, 0, 0, 0, 0
010010, 20.0679, 10.0294, 2.36324, 2.82032, 0.5, 0.026, 4, 4, 5, 0, 0, 0, 0, 0
000010, 22.9488, 9.08562, 1.12159, 2.64566, 0.5, 0.026, 4, 4, 5, 0, 0, 0, 0, 0
010000, 20.6195, 10.8445, 2.35559, 2.74857, 0.5, 0.026, 4, 4, 5, 0, 0, 0, 0, 0
111001, 24.0069, 3.15364, -0.105412, 2.81806, 0.5, 0.026, 4, 4, 5, 0, 0, 0, 0, 0
101111, 26.0816, 0.499916, -5.22837e-06, 2.71374, 0.5, 0.026, 4, 4, 5, 0, 0, 0, 0, 0
111100, 26.0392, 2.0726, 0.744662, 2.74606, 0.5, 0.026, 4, 4, 5, 0, 0, 0, 0, 0
101110, 27.5769, 2.20266, 1.35258, 2.68811, 0.5, 0.026, 4, 4, 5, 0, 0, 0, 0, 0
111000, 26.6323, 3.68553, 0.356038, 2.68707, 0.5, 0.026, 4, 4, 5, 0, 0, 0, 0, 0
101001, 27.2079, 6.3447, 0.796893, 2.67125, 0.5, 0.026, 4, 4, 5, 0, 0, 0, 0, 0
110101, 24.2608, 4.10478, -0.0920808, 2.67579, 0.5, 0.026, 4, 4, 5, 0, 0, 0, 0, 0
110011, 25.5497, 5.78738, 1.1328, 2.73642, 0.5, 0.026, 4, 4, 5, 0, 0, 0, 0, 0
001000, 25.0314, 6.96034, 1.10651, 2.79108, 0.5, 0.026, 4, 4, 5, 0, 0, 0, 0, 0
110100, 26.895, 4.79733, 0.315399, 2.79811, 0.5, 0.026, 4, 4, 5, 0, 0, 0, 0, 0
000100, 24.378, 8.41812, 0.355635, 2.6173, 0.5, 0.026, 4, 4, 5, 0, 0, 0, 0, 0
000000, 24.8853, 10.545, 0.233999, 2.56288, 0.5, 0.026, 4, 4, 5, 0, 0, 0, 0, 0
100001, 27.0538, 11.5002, 3.14156, 2.61787, 0.5, 0.026, 4, 4, 5, 0, 0, 0, 0, 0
101000, 27.1898, 8.70908, 1.89918, 2.75194, 0.5, 0.026, 4, 4, 5, 0, 0, 0, 0, 0
110010, 26.3922, 8.01771, 1.8963, 2.73958, 0.5, 0.026, 4, 4, 5, 0, 0, 0, 0, 0
110001, 25.0673, 9.59793, 0.227753, 2.8227, 0.5, 0.026, 4, 4, 5, 0, 0, 0, 0, 0
110000, 27.4942, 10.5461, 0.0305252, 2.73334, 0.5, 0.026, 4, 4, 5, 0, 0, 0, 0, 0
101101, 28.4891, 1.11959, 0.838421, 2.66651, 0.5, 0.026, 4, 4, 5, 0, 0, 0, 0, 0
101011, 28.6327, 3.50526, 1.9067, 2.66001, 0.5, 0.026, 4, 4, 5, 0, 0, 0, 0, 0
101100, 29.8753, 2.97913, 1.68358, 2.79367, 0.5, 0.026, 4, 4, 5, 0, 0, 0, 0, 0
101010, 28.7697, 5.37461, 2.21894, 2.64869, 0.5, 0.026, 4, 4, 5, 0, 0, 0, 0, 0
100110, 28.793, 7.2714, 2.007, 2.64266, 0.5, 0.026, 4, 4, 5, 0, 0, 0, 0, 0
100101, 30.0656, 7.11687, 2.13191, 2.5158, 0.5, 0.026, 4, 4, 5, 0, 0, 0, 0, 0
100111, 30.2059, 5.07591, 2.12991, 2.62711, 0.5, 0.026, 4, 4, 5, 0, 0, 0, 0, 0
100100, 28.5948, 9.11496, 2.53219, 2.5915, 0.5, 0.026, 4, 4, 5, 0, 0, 0, 0, 0
100011, 29.8222, 9.46553, 2.46331, 2.68922, 0.5, 0.026, 4, 4, 5, 0, 0, 0, 0, 0
100010, 29.5659, 10.9369, 2.47371, 2.81834, 0.5, 0.026, 4, 4, 5, 0, 0, 0, 0, 0

001111, 14.385, 0.917093, 0.401575, 3.13428, 0.5, 0.026, 4, 4, 5, 0, 0, 0, 0, 0
011111, 13.1958, 2.42244, 0.871685, 3.11651, 0.5, 0.026, 4, 4, 5, 0, 0, 0, 0, 0
010111, 14.6302, 2.69266, 0.928327, 3.22309, 0.5, 0.026, 4, 4, 5, 0, 0, 0, 0, 0
011011, 14.8536, 6.3018, 1.1108, 3.15472, 0.5, 0.026, 4, 4, 5, 0, 0, 0, 0, 0
010110, 15.1543, 4.57586, 0.348876, 3.22823, 0.5, 0.026, 4, 4, 5, 0, 0, 0, 0, 0
011101, 14.3701, 7.53333, 1.10221, 3.17544, 0.5, 0.026, 4, 4, 5, 0, 0, 0, 0, 0
011110, 13.1946, 4.67035, 1.33077, 3.05734, 0.5, 0.026, 4, 4, 5, 0, 0, 0, 0, 0
110111, 18.9032, 1.95258, 0.450755, 3.21422, 0.5, 0.026, 4, 4, 5, 0, 0, 0, 0, 0
111111, 17.9041, 0.499693, 3.71506e-05, 2.93222, 0.5, 0.026, 4, 4, 5, 0, 0, 0, 0, 0
001101, 16.7631, 2.14236, 1.12341, 2.94349, 0.5, 0.026, 4, 4, 5, 0, 0, 0, 0, 0
001011, 18.9925, 3.07164, 0.486117, 3.0894, 0.5, 0.026, 4, 4, 5, 0, 0, 0, 0, 0
001110, 16.1822, 3.16545, 1.10468, 2.99772, 0.5, 0.026, 4, 4, 5, 0, 0, 0, 0, 0
010011, 19.9814, 7.59965, 1.56066, 3.24664, 0.5, 0.026, 4, 4, 5, 0, 0, 0, 0, 0
001100, 17.5104, 4.52108, 2.02503, 3.01828, 0.5, 0.026, 4, 4, 5, 0, 0, 0, 0, 0
000111, 19.6451, 4.52363, 0.0923065, 3.03646, 0.5, 0.026, 4, 4, 5, 0, 0, 0, 0, 0
010100, 18.7495, 6.45809, 1.33774, 3.14756, 0.5, 0.026, 4, 4, 5, 0, 0, 0, 0, 0
010101, 16.8072, 6.35639, 0.291226, 3.04229, 0.5, 0.026, 4, 4, 5, 0, 0, 0, 0, 0
011010, 16.9976, 8.19036, 0.989997, 3.224, 0.5, 0.026, 4, 4, 5, 0, 0, 0, 0, 0
010010, 19.7382, 10.0838, 2.5275, 3.21186, 0.5, 0.026, 4, 4, 5, 0, 0, 0, 0, 0
011001, 18.4979, 8.4501, 0.87197, 3.15585, 0.5, 0.026, 4, 4, 5, 0, 0, 0, 0, 0
011100, 16.3463, 9.06245, 1.02354, 3.16987, 0.5, 0.026, 4, 4, 5, 0, 0, 0, 0, 0
011000, 17.6363, 10.6405, 2.25896, 3.2255, 0.5, 0.026, 4, 4, 5, 0, 0, 0, 0, 0
001010, 21.2787, 3.81793, 0.973557, 3.01935, 0.5, 0.026, 4, 4, 5, 0, 0, 0, 0, 0
111101, 23.7735, 0.73646, 0.240028, 2.98984, 0.5, 0.026, 4, 4, 5, 0, 0, 0, 0, 0
111011, 21.2386, 1.41342, -0.044589, 3.21687, 0.5, 0.026, 4, 4, 5, 0, 0, 0, 0, 0
111110, 20.8388, 0.499429, -0.000146186, 2.98844, 0.5, 0.026, 4, 4, 5, 0, 0, 0, 0, 0
111010, 23.6574, 2.134, -0.167931, 3.163, 0.5, 0.026, 4, 4, 5, 0, 0, 0, 0, 0
110110, 22.0893, 3.33178, 0.981236, 3.33494, 0.5, 0.026, 4, 4, 5, 0, 0, 0, 0, 0
000101, 23.6436, 6.7361, 0.554066, 2.85564, 0.5, 0.026, 4, 4, 5, 0, 0, 0, 0, 0
000011, 21.8365, 6.93032, 0.390762, 2.87379, 0.5, 0.026, 4, 4, 5, 0, 0, 0, 0, 0
001001, 23.6053, 5.11764, -0.195826, 3.14002, 0.5, 0.026, 4, 4, 5, 0, 0, 0, 0, 0
000110, 20.5741, 5.55355, 0.0666556, 3.08651, 0.5, 0.026, 4, 4, 5, 0, 0, 0, 0, 0
100000, 23.9175, 11.5004, 3.14158, 3.10834, 0.5, 0.026, 4, 4, 5, 0, 0, 0, 0, 0
000001, 21.7862, 11.0005, -0.526478, 2.99064, 0.5, 0.026, 4, 4, 5, 0, 0, 0, 0, 0
010001, 21.352, 8.58536, 1.17407, 3.01948, 0.5, 0.026, 4, 4, 5, 0, 0, 0, 0, 0
000010, 22.7569, 8.96445, 0.990717, 3.01295, 0.5, 0.026, 4, 4, 5, 0, 0, 0, 0, 0
010000, 20.2391, 10.8845, 2.52546, 3.13014, 0.5, 0.026, 4, 4, 5, 0, 0, 0, 0, 0
110101, 24.693, 3.91669, -0.15839, 3.04727, 0.5, 0.026, 4, 4, 5, 0, 0, 0, 0, 0
111001, 24.2851, 3.00886, -0.178085, 3.20928, 0.5, 0.026, 4, 4, 5, 0, 0, 0, 0, 0
101111, 26.6355, 0.499661, 1.34736e-06, 3.09048, 0.5, 0.026, 4, 4, 5, 0, 0, 0, 0, 0
111100, 26.5131, 2.00148, 0.514842, 3.12729, 0.5, 0.026, 4, 4, 5, 0, 0, 0, 0, 0
111000, 27.2093, 3.58425, 0.576692, 3.06011, 0.5, 0.026, 4, 4, 5, 0, 0, 0, 0, 0
110010, 26.7996, 7.98201, 2.06942, 3.11992, 0.5, 0.026, 4, 4, 5, 0, 0, 0, 0, 0
101001, 27.8298, 6.23364, 0.594123, 3.0421, 0.5, 0.026, 4, 4, 5, 0, 0, 0, 0, 0
110011, 25.9853, 5.76225, 1.22417, 3.11632, 0.5, 0.026, 4, 4, 5, 0, 0, 0, 0, 0
001000, 25.3276, 6.85226, 1.16864, 3.17856, 0.5, 0.026, 4, 4, 5, 0, 0, 0, 0, 0
110100, 27.4651, 4.85419, 0.521474, 3.18657, 0.5, 0.026, 4, 4, 5, 0, 0, 0, 0, 0
000100, 24.4187, 8.28652, 0.458859, 2.98066, 0.5, 0.026, 4, 4, 5, 0, 0, 0, 0, 0
000000, 25.1048, 10.5181, 0.369542, 2.91868, 0.5, 0.026, 4, 4, 5, 0, 0, 0, 0, 0
100001, 27.7314, 11.5001, 3.14159, 2.98131, 0.5, 0.026, 4, 4, 5, 0, 0, 0, 0, 0
101000, 27.5929, 8.57704, 2.07037, 3.13399, 0.5, 0.026, 4, 4, 5, 0, 0, 0, 0, 0
110001, 25.1154, 9.54257, 0.319909, 3.21457, 0.5, 0.026, 4, 4, 5, 0, 0, 0, 0, 0
110000, 27.9822, 10.5323, 0.0160861, 3.1128, 0.5, 0.026, 4, 4, 5, 0, 0, 0, 0, 0
101110, 28.3988, 2.35096, 1.32791, 3.0613, 0.5, 0.026, 4, 4, 5, 0, 0, 0, 0, 0
101101, 29.4146, 1.20067, 0.758857, 3.0367, 0.5, 0.026, 4, 4, 5, 0, 0, 0, 0, 0
101011, 29.5428, 3.7494, 2.13062, 3.0293, 0.5, 0.026, 4, 4, 5, 0, 0, 0, 0, 0
101100, 31.1019, 2.48643, 1.64924, 3.18151, 0.5, 0.026, 4, 4, 5, 0, 0, 0, 0, 0
101010, 29.8116, 5.16982, 2.20344, 3.01641, 0.5, 0.026, 4, 4, 5, 0, 0, 0, 0, 0
100110, 29.4564, 7.4024, 2.16221, 3.00954, 0.5, 0.026, 4, 4, 5, 0, 0, 0, 0, 0
100101, 30.8022, 7.16604, 2.2376, 2.86506, 0.5, 0.026, 4, 4, 5, 0, 0, 0, 0, 0
100111, 31.2012, 4.97512, 2.21707, 2.99183, 0.5, 0.026, 4, 4, 5, 0, 0, 0, 0, 0
100100, 29.0996, 9.20966, 2.78369, 2.95127, 0.5, 0.026, 4, 4, 5, 0, 0, 0, 0, 0
100011, 30.7537, 9.53537, 2.45134, 3.06256, 0.5, 0.026, 4, 4, 5, 0, 0, 0, 0, 0
100010, 30.6059, 10.8547, 2.51782, 3.2096, 0.5, 0.026, 4, 4, 5, 0, 0, 0, 0, 0

011110, 11.9523, 4.75585, 1.70119, 3.48179, 0.5, 0.026, 4, 4, 5, 0, 0, 0, 0, 0
001110, 15.5208, 3.27875, 1.03782, 3.41389, 0.5, 0.026, 4, 4, 5, 0, 0, 0, 0, 0
001111, 13.4559, 0.499851, -1.51938e-05, 3.56941, 0.5, 0.026, 4, 4, 5, 0, 0, 0, 0, 0
011111, 12.3597, 2.20146, 0.849207, 3.54917, 0.5, 0.026, 4, 4, 5, 0, 0, 0, 0, 0
010111, 14.0382, 2.6347, 1.04721, 3.67055, 0.5, 0.026, 4, 4, 5, 0, 0, 0, 0, 0
011011, 13.6069, 6.07114, 1.00069, 3.59269, 0.5, 0.026, 4, 4, 5, 0, 0, 0, 0, 0
010110, 14.5293, 4.80638, 0.53117, 3.6764, 0.5, 0.026, 4, 4, 5, 0, 0, 0, 0, 0
011101, 13.385, 8.03766, 1.19962, 3.61628, 0.5, 0.026, 4, 4, 5, 0, 0, 0, 0, 0
011010, 15.8156, 8.62474, 1.13433, 3.67158, 0.5, 0.026, 4, 4, 5, 0, 0, 0, 0, 0
011100, 14.9454, 9.33985, 1.2136, 3.60993, 0.5, 0.026, 4, 4, 5, 0, 0, 0, 0, 0
110111, 18.4026, 1.94482, 0.367017, 3.66044, 0.5, 0.026, 4, 4, 5, 0, 0, 0, 0, 0
111111, 17.297, 0.499769, 2.7972e-05, 3.3393, 0.5, 0.026, 4, 4, 5, 0, 0, 0, 0, 0
001101, 16.0109, 2.21343, 1.05612, 3.35213, 0.5, 0.026, 4, 4, 5, 0, 0, 0, 0, 0
001011, 18.4337, 2.9425, 0.390845, 3.5183, 0.5, 0.026, 4, 4, 5, 0, 0, 0, 0, 0
010011, 19.2818, 7.49653, 1.34254, 3.69737, 0.5, 0.026, 4, 4, 5, 0, 0, 0, 0, 0
001100, 17.0414, 4.7242, 1.94895, 3.43731, 0.5, 0.026, 4, 4, 5, 0, 0, 0, 0, 0
000111, 19.5354, 4.39478, 0.284632, 3.458, 0.5, 0.026, 4, 4, 5, 0, 0, 0, 0, 0
010100, 18.092, 6.62802, 1.36878, 3.58453, 0.5, 0.026, 4, 4, 5, 0, 0, 0, 0, 0
010101, 16.0358, 6.67406, 0.367873, 3.46465, 0.5, 0.026, 4, 4, 5, 0, 0, 0, 0, 0
010000, 19.9859, 10.7892, 2.55408, 3.56471, 0.5, 0.026, 4, 4, 5, 0, 0, 0, 0, 0
010010, 19.3403, 10.1154, 2.54776, 3.65776, 0.5, 0.026, 4, 4, 5, 0, 0, 0, 0, 0
011001, 17.6651, 8.61858, 0.563844, 3.59397, 0.5, 0.026, 4, 4, 5, 0, 0, 0, 0, 0
011000, 16.8334, 10.7045, 2.50379, 3.67329, 0.5, 0.026, 4, 4, 5, 0, 0, 0, 0, 0
001010, 21.2498, 3.89265, 0.861872, 3.43852, 0.5, 0.026, 4, 4, 5, 0, 0, 0, 0, 0
111011, 20.9974, 1.37269, -0.0387162, 3.66346, 0.5, 0.026, 4, 4, 5, 0, 0, 0, 0, 0
111110, 20.6467, 0.497603, 7.46456e-05, 3.40332, 0.5, 0.026, 4, 4, 5, 0, 0, 0, 0, 0
111010, 23.6583, 1.97366, -0.253992, 3.60212, 0.5, 0.026, 4, 4, 5, 0, 0, 0, 0, 0
110110, 22.0378, 3.39609, 0.88085, 3.79793, 0.5, 0.026, 4, 4, 5, 0, 0, 0, 0, 0
000101, 23.979, 7.01253, 0.454172, 3.25208, 0.5, 0.026, 4, 4, 5, 0, 0, 0, 0, 0
000011, 21.1297, 6.78627, 0.303384, 3.27276, 0.5, 0.026, 4, 4, 5, 0, 0, 0, 0, 0
001001, 23.6933, 5.20299, -0.379126, 3.57594, 0.5, 0.026, 4, 4, 5, 0, 0, 0, 0, 0
000110, 20.3114, 5.5655, 0.25827, 3.515, 0.5, 0.026, 4, 4, 5, 0, 0, 0, 0, 0
100000, 23.7615, 11.5007, 3.14162, 3.53987, 0.5, 0.026, 4, 4, 5, 0, 0, 0, 0, 0
000001, 21.537, 10.9246, -0.500135, 3.40582, 0.5, 0.026, 4, 4, 5, 0, 0, 0, 0, 0
010001, 21.1344, 8.65905, 0.869102, 3.43867, 0.5, 0.026, 4, 4, 5, 0, 0, 0, 0, 0
000010, 22.6491, 8.95017, 0.865289, 3.43123, 0.5, 0.026, 4, 4, 5, 0, 0, 0, 0, 0
111101, 24.0262, 0.588841, 0.0741178, 3.40492, 0.5, 0.026, 4, 4, 5, 0, 0, 0, 0, 0
110101, 24.9547, 3.73352, -0.173772, 3.47032, 0.5, 0.026, 4, 4, 5, 0, 0, 0, 0, 0
111001, 24.3706, 2.77454, -0.264082, 3.65482, 0.5, 0.026, 4, 4, 5, 0, 0, 0, 0, 0
101111, 27.437, 0.499638, -9.27143e-06, 3.51953, 0.5, 0.026, 4, 4, 5, 0, 0, 0, 0, 0
111100, 27.0977, 1.79299, 0.291692, 3.56145, 0.5, 0.026, 4, 4, 5, 0, 0, 0, 0, 0
111000, 27.6451, 3.34815, 0.591542, 3.48494, 0.5, 0.026, 4, 4, 5, 0, 0, 0, 0, 0
110011, 26.3353, 5.76345, 1.20262, 3.54895, 0.5, 0.026, 4, 4, 5, 0, 0, 0, 0, 0
001000, 25.7349, 6.83189, 1.18053, 3.61984, 0.5, 0.026, 4, 4, 5, 0, 0, 0, 0, 0
110010, 27.3411, 8.00324, 2.0727, 3.55305, 0.5, 0.026, 4, 4, 5, 0, 0, 0, 0, 0
000100, 24.3147, 8.1992, 0.402233, 3.39445, 0.5, 0.026, 4, 4, 5, 0, 0, 0, 0, 0
000000, 25.4249, 10.625, 0.450988, 3.32388, 0.5, 0.026, 4, 4, 5, 0, 0, 0, 0, 0
110001, 25.2882, 9.59966, 0.369778, 3.66084, 0.5, 0.026, 4, 4, 5, 0, 0, 0, 0, 0
101110, 29.393, 2.56986, 1.38773, 3.48629, 0.5, 0.026, 4, 4, 5, 0, 0, 0, 0, 0
101101, 30.5968, 1.31882, 0.729218, 3.45828, 0.5, 0.026, 4, 4, 5, 0, 0, 0, 0, 0
101011, 30.8695, 3.93029, 2.38134, 3.44985, 0.5, 0.026, 4, 4, 5, 0, 0, 0, 0, 0
110100, 28.0111, 4.81207, 0.429335, 3.62896, 0.5, 0.026, 4, 4, 5, 0, 0, 0, 0, 0
101001, 28.3462, 5.99589, 0.487646, 3.46443, 0.5, 0.026, 4, 4, 5, 0, 0, 0, 0, 0
101010, 31.0527, 5.08235, 2.37723, 3.43517, 0.5, 0.026, 4, 4, 5, 0, 0, 0, 0, 0
100110, 30.1047, 7.50249, 2.28465, 3.42735, 0.5, 0.026, 4, 4, 5, 0, 0, 0, 0, 0
100101, 31.625, 7.25454, 2.377, 3.26281, 0.5, 0.026, 4, 4, 5, 0, 0, 0, 0, 0
101000, 28.1757, 8.46107, 2.07273, 3.56908, 0.5, 0.026, 4, 4, 5, 0, 0, 0, 0, 0
100001, 28.5708, 11.5008, 3.14162, 3.3952, 0.5, 0.026, 4, 4, 5, 0, 0, 0, 0, 0
110000, 28.6537, 10.559, 0.00506785, 3.54495, 0.5, 0.026, 4, 4, 5, 0, 0, 0, 0, 0
100100, 29.824, 9.2976, 2.89644, 3.36099, 0.5, 0.026, 4, 4, 5, 0, 0, 0, 0, 0
100011, 31.8656, 9.55915, 2.48878, 3.48774, 0.5, 0.026, 4, 4, 5, 0, 0, 0, 0, 0
100010, 31.8465, 10.7461, 2.53763, 3.65519, 0.5, 0.026, 4, 4, 5, 0, 0, 0, 0, 0
101100, 32.5203, 2.09054, 1.32, 3.62319, 0.5, 0.026, 4, 4, 5, 0, 0, 0, 0, 0
100111, 32.4791, 5.0716, 2.38957, 3.40718, 0.5, 0.026, 4, 4, 5, 0, 0, 0, 0, 0

0111111, 10.7657, 1.707, 0.618244, 2.04977, 0.5, 0.026, 4, 4, 5, 0, 0, 0, 0, 0
0011111, 11.2571, 0.500403, 0.000806457, 2.0054, 0.5, 0.026, 4, 4, 5, 0, 0, 0, 0, 0
0110111, 11.8695, 4.96248, 0.992606, 2.03375, 0.5, 0.026, 4, 4, 5, 0, 0, 0, 0, 0
011110, 10.5828, 4.52971, 1.72451, 3.96516, 0.5, 0.026, 4, 4, 5, 0, 0, 0, 0, 0
0111110, 12.305, 3.0016, 0.66056, 1.99212, 0.5, 0.026, 4, 4, 5, 0, 0, 0, 0, 0
0101111, 12.7028, 1.86717, 0.940148, 2.10913, 0.5, 0.026, 4, 4, 5, 0, 0, 0, 0, 0
001101, 15.2382, 2.3763, 1.03337, 3.8175, 0.5, 0.026, 4, 4, 5, 0, 0, 0, 0, 0
001110, 14.7691, 3.45107, 1.01603, 3.88784, 0.5, 0.026, 4, 4, 5, 0, 0, 0, 0, 0
0011110, 13.276, 0.499956, -3.20518e-05, 2.05954, 0.5, 0.026, 4, 4, 5, 0, 0, 0, 0, 0
0101110, 14.0587, 3.63591, 0.991636, 2.07099, 0.5, 0.026, 4, 4, 5, 0, 0, 0, 0, 0
0111011, 12.2905, 7.49636, 1.4212, 2.02191, 0.5, 0.026, 4, 4, 5, 0, 0, 0, 0, 0
0110101, 14.5153, 7.81813, 1.5113, 2.12562, 0.5, 0.026, 4, 4, 5, 0, 0, 0, 0, 0
0101101, 13.1057, 4.51383, 0.424146, 2.07304, 0.5, 0.026, 4, 4, 5, 0, 0, 0, 0, 0
010101, 15.5997, 7.06315, 0.573192, 3.94564, 0.5, 0.026, 4, 4, 5, 0, 0, 0, 0, 0
0110110, 13.2608, 6.40609, 0.965303, 2.05771, 0.5, 0.026, 4, 4, 5, 0, 0, 0, 0, 0
0101100, 14.953, 5.47449, 0.587988, 2.11374, 0.5, 0.026, 4, 4, 5, 0, 0, 0, 0, 0
0110011, 15.8859, 8.4241, 0.77336, 2.00052, 0.5, 0.026, 4, 4, 5, 0, 0, 0, 0, 0
0111001, 13.4957, 8.32928, 1.28768, 2.09567, 0.5, 0.026, 4, 4, 5, 0, 0, 0, 0, 0
0110000, 15.3561, 11.4339, 3.01756, 2.0681, 0.5, 0.026, 4, 4, 5, 0, 0, 0, 0, 0
0111010, 12.8316, 9.47079, 1.1553, 2.09642, 0.5, 0.026, 4, 4, 5, 0, 0, 0, 0, 0
0110100, 15.1044, 9.7609, 1.49022, 2.05568, 0.5, 0.026, 4, 4, 5, 0, 0, 0, 0, 0
0111000, 14.1455, 10.2379, 1.49998, 2.01543, 0.5, 0.026, 4, 4, 5, 0, 0, 0, 0, 0
0010111, 17.3046, 2.54838, 0.496893, 1.97832, 0.5, 0.026, 4, 4, 5, 0, 0, 0, 0, 0
1110111, 19.9901, 1.23255, -0.217412, 2.07391, 0.5, 0.026, 4, 4, 5, 0, 0, 0, 0, 0
1101111, 16.9985, 1.33245, 0.136949, 2.09181, 0.5, 0.026, 4, 4, 5, 0, 0, 0, 0, 0
1101110, 18.8484, 2.16808, 0.310369, 2.07681, 0.5, 0.026, 4, 4, 5, 0, 0, 0, 0, 0
111111, 16.629, 0.501202, 0.000881724, 3.80288, 0.5, 0.026, 4, 4, 5, 0, 0, 0, 0, 0
0010110, 19.2031, 3.30066, 0.241784, 2.02841, 0.5, 0.026, 4, 4, 5, 0, 0, 0, 0, 0
0001101, 18.6302, 5.01943, 0.259167, 2.01406, 0.5, 0.026, 4, 4, 5, 0, 0, 0, 0, 0
0101001, 17.2803, 5.68663, 1.36655, 2.04112, 0.5, 0.026, 4, 4, 5, 0, 0, 0, 0, 0
0100111, 18.4915, 6.50506, 1.30612, 2.14924, 0.5, 0.026, 4, 4, 5, 0, 0, 0, 0, 0
001100, 16.6348, 4.89912, 1.80809, 3.9145, 0.5, 0.026, 4, 4, 5, 0, 0, 0, 0, 0
000111, 19.3015, 4.24854, 0.279366, 3.93807, 0.5, 0.026, 4, 4, 5, 0, 0, 0, 0, 0
0101000, 17.8213, 7.63996, 1.14501, 2.04105, 0.5, 0.026, 4, 4, 5, 0, 0, 0, 0, 0
0100101, 19.8268, 9.59233, 2.2885, 2.06827, 0.5, 0.026, 4, 4, 5, 0, 0, 0, 0, 0
0110001, 16.6296, 10.1505, 2.66908, 2.11514, 0.5, 0.026, 4, 4, 5, 0, 0, 0, 0, 0
0100110, 19.0326, 8.48266, 1.56839, 2.06142, 0.5, 0.026, 4, 4, 5, 0, 0, 0, 0, 0
0100000, 18.754, 11.2792, 2.68232, 1.99624, 0.5, 0.026, 4, 4, 5, 0, 0, 0, 0, 0
0100100, 18.038, 10.5461, 2.66467, 2.09729, 0.5, 0.026, 4, 4, 5, 0, 0, 0, 0, 0
0110010, 17.6811, 9.07885, 0.614156, 2.09239, 0.5, 0.026, 4, 4, 5, 0, 0, 0, 0, 0
1101100, 22.6119, 3.99044, 0.969812, 2.11695, 0.5, 0.026, 4, 4, 5, 0, 0, 0, 0, 0
1110101, 22.7491, 2.26195, -0.540869, 2.0962, 0.5, 0.026, 4, 4, 5, 0, 0, 0, 0, 0
1110011, 23.6602, 2.85591, -0.51347, 2.03803, 0.5, 0.026, 4, 4, 5, 0, 0, 0, 0, 0
001010, 21.1673, 3.58307, 0.980213, 3.91589, 0.5, 0.026, 4, 4, 5, 0, 0, 0, 0, 0
1101101, 21.3062, 3.27125, 1.55575, 2.20823, 0.5, 0.026, 4, 4, 5, 0, 0, 0, 0, 0
1110110, 21.8418, 1.52301, -0.300136, 2.09814, 0.5, 0.026, 4, 4, 5, 0, 0, 0, 0, 0
111110, 20.4374, 0.499573, 2.39686e-05, 3.8758, 0.5, 0.026, 4, 4, 5, 0, 0, 0, 0, 0
0001100, 20.5374, 5.61787, 0.268007, 1.98893, 0.5, 0.026, 4, 4, 5, 0, 0, 0, 0, 0
0010011, 22.4759, 5.6813, -0.482674, 2.06975, 0.5, 0.026, 4, 4, 5, 0, 0, 0, 0, 0
000011, 20.8408, 6.66846, 0.176193, 3.72711, 0.5, 0.026, 4, 4, 5, 0, 0, 0, 0, 0
0100001, 20.6498, 10.1415, 2.28912, 2.06336, 0.5, 0.026, 4, 4, 5, 0, 0, 0, 0, 0
1000000, 22.7662, 11.496, 3.14929, 2.04746, 0.5, 0.026, 4, 4, 5, 0, 0, 0, 0, 0
000001, 21.3997, 10.9224, -0.412981, 3.87865, 0.5, 0.026, 4, 4, 5, 0, 0, 0, 0, 0
010001, 20.9445, 8.55319, 0.788668, 3.91605, 0.5, 0.026, 4, 4, 5, 0, 0, 0, 0, 0
000010, 22.5829, 8.81308, 0.784667, 3.90758, 0.5, 0.026, 4, 4, 5, 0, 0, 0, 0, 0
1011111, 27.2106, 0.499709, -3.36075e-05, 1.96681, 0.5, 0.026, 4, 4, 5, 0, 0, 0, 0, 0
1111001, 26.6078, 1.47644, -0.0377849, 2.0096, 0.5, 0.026, 4, 4, 5, 0, 0, 0, 0, 0
1110100, 24.6208, 1.5155, -0.144711, 2.00599, 0.5, 0.026, 4, 4, 5, 0, 0, 0, 0, 0
111101, 24.3014, 0.500764, 0.00053176, 3.87761, 0.5, 0.026, 4, 4, 5, 0, 0, 0, 0, 0
110101, 25.1918, 3.61701, -0.212629, 3.9521, 0.5, 0.026, 4, 4, 5, 0, 0, 0, 0, 0
1110010, 25.5293, 2.74559, -0.453104, 2.12419, 0.5, 0.026, 4, 4, 5, 0, 0, 0, 0, 0
1100111, 26.0149, 4.93709, 0.961125, 2.05686, 0.5, 0.026, 4, 4, 5, 0, 0, 0, 0, 0
0010010, 24.309, 4.83965, -0.599521, 2.00263, 0.5, 0.026, 4, 4, 5, 0, 0, 0, 0, 0
0010001, 25.4685, 5.94221, 1.01216, 2.08588, 0.5, 0.026, 4, 4, 5, 0, 0, 0, 0, 0
1101001, 27.3838, 4.26538, 0.00407081, 2.02849, 0.5, 0.026, 4, 4, 5, 0, 0, 0, 0, 0
000101, 24.2567, 7.11853, 0.492755, 3.70357, 0.5, 0.026, 4, 4, 5, 0, 0, 0, 0, 0
1100110, 27.1155, 6.59576, 1.15123, 1.98478, 0.5, 0.026, 4, 4, 5, 0, 0, 0, 0, 0
0010000, 26.4412, 7.72481, 1.33902, 2.03649, 0.5, 0.026, 4, 4, 5, 0, 0, 0, 0, 0
1000001, 24.7789, 11.4961, 3.13371, 1.98385, 0.5, 0.026, 4, 4, 5, 0, 0, 0, 0, 0
1100100, 27.3272, 8.87489, 2.09207, 2.05833, 0.5, 0.026, 4, 4, 5, 0, 0, 0, 0, 0
1100011, 24.1512, 8.96766, 0.344097, 2.09336, 0.5, 0.026, 4, 4, 5, 0, 0, 0, 0, 0
000100, 24.4004, 8.39388, 0.384332, 3.8657, 0.5, 0.026, 4, 4, 5, 0, 0, 0, 0, 0
000000, 25.8159, 10.6989, 0.416527, 3.78533, 0.5, 0.026, 4, 4, 5, 0, 0, 0, 0, 0
1100010, 26.2599, 10.1062, 0.344451, 2.07571, 0.5, 0.026, 4, 4, 5, 0, 0, 0, 0, 0
1111000, 28.6264, 1.49242, 0.0148176, 2.04628, 0.5, 0.026, 4, 4, 5, 0, 0, 0, 0, 0
1011110, 29.195, 0.499934, 1.84196e-06, 2.04133, 0.5, 0.026, 4, 4, 5, 0, 0, 0, 0, 0
111000, 28.2477, 3.29638, 0.634572, 3.96875, 0.5, 0.026, 4, 4, 5, 0, 0, 0, 0, 0
101110, 30.2987, 2.8438, 1.47956, 3.97029, 0.5, 0.026, 4, 4, 5, 0, 0, 0, 0, 0
101101, 31.7152, 1.56232, 0.808287, 3.93839, 0.5, 0.026, 4, 4, 5, 0, 0, 0, 0, 0
1100101, 28.3431, 7.13419, 1.9849, 1.98799, 0.5, 0.026, 4, 4, 5, 0, 0, 0, 0, 0
1010001, 29.3714, 7.36752, 2.095, 2.04317, 0.5, 0.026, 4, 4, 5, 0, 0, 0, 0, 0
101011, 31.9062, 4.42175, 2.4941, 3.92879, 0.5, 0.026, 4, 4, 5, 0, 0, 0, 0, 0
1101000, 29.1325, 5.12223, 0.179377, 2.10427, 0.5, 0.026, 4, 4, 5, 0, 0, 0, 0, 0
101001, 28.7413, 5.66994, 0.289033, 3.94539, 0.5, 0.026, 4, 4, 5, 0, 0, 0, 0, 0
100110, 30.8918, 7.66123, 2.47463, 3.90316, 0.5, 0.026, 4, 4, 5, 0, 0, 0, 0, 0
1100001, 28.2497, 10.5301, 0.0525355, 2.01224, 0.5, 0.026, 4, 4, 5, 0, 0, 0, 0, 0
1010000, 28.3389, 9.09769, 2.10345, 2.0214, 0.5, 0.026, 4, 4, 5, 0, 0, 0, 0, 0
100001, 29.4712, 11.5, 3.14158, 3.86655, 0.5, 0.026, 4, 4, 5, 0, 0, 0, 0, 0
1100000, 30.2656, 10.5099, -0.0114611, 2.02484, 0.5, 0.026, 4, 4, 5, 0, 0, 0, 0, 0
100100, 30.5622, 9.42428, 2.97693, 3.82759, 0.5, 0.026, 4, 4, 5, 0, 0, 0, 0, 0
1011001, 32.7615, 0.975337, 1.07947, 2.03933, 0.5, 0.026, 4, 4, 5, 0, 0, 0, 0, 0
1011000, 33.8272, 2.72236, 1.20921, 2.08687, 0.5, 0.026, 4, 4, 5, 0, 0, 0, 0, 0
101010, 32.2975, 5.33404, 2.49266, 3.91207, 0.5, 0.026, 4, 4, 5, 0, 0, 0, 0, 0
100101, 32.6264, 7.55602, 2.58269, 3.71579, 0.5, 0.026, 4, 4, 5, 0, 0, 0, 0, 0
100111, 33.9691, 5.29714, 2.50546, 3.88019, 0.5, 0.026, 4, 4, 5, 0, 0, 0, 0, 0
1000100, 32.4327, 11.3594, 2.88706, 2.11669, 0.5, 0.026, 4, 4, 5, 0, 0, 0, 0, 0
1000101, 33.7447, 10.047, 2.70338, 2.04595, 0.5, 0.026, 4, 4, 5, 0, 0, 0, 0, 0
100011, 33.0021, 9.66844, 2.54072, 3.97193, 0.5, 0.026, 4, 4, 5, 0, 0, 0, 0, 0

0101111, 11.8084, 1.90733, 0.988519, 2.40193, 0.5, 0.026, 4, 4, 5, 0, 0, 0, 0, 0
0111110, 11.5043, 3.21577, 0.552128, 2.26869, 0.5, 0.026, 4, 4, 5, 0, 0, 0, 0, 0
0111101, 10.0418, 3.33337, 1.36263, 2.31347, 0.5, 0.026, 4, 4, 5, 0, 0, 0, 0, 0
0111111, 9.9873, 1.67577, 0.32935, 2.33434, 0.5, 0.026, 4, 4, 5, 0, 0, 0, 0, 0
0011111, 10.2476, 0.499968, -3.09317e-06, 2.28381, 0.5, 0.026, 4, 4, 5, 0, 0, 0, 0, 0
0111011, 11.4603, 7.62582, 1.59466, 2.30261, 0.5, 0.026, 4, 4, 5, 0, 0, 0, 0, 0
0110111, 10.9545, 5.41583, 1.19876, 2.31609, 0.5, 0.026, 4, 4, 5, 0, 0, 0, 0, 0
0111100, 9.96906, 5.60102, 1.18086, 2.20217, 0.5, 0.026, 4, 4, 5, 0, 0, 0, 0, 0
1111111, 14.8933, 0.499792, -5.4449e-06, 2.19984, 0.5, 0.026, 4, 4, 5, 0, 0, 0, 0, 0
0011011, 14.3161, 1.55452, 0.369248, 2.13352, 0.5, 0.026, 4, 4, 5, 0, 0, 0, 0, 0
0011101, 13.578, 2.36148, 0.556531, 2.2159, 0.5, 0.026, 4, 4, 5, 0, 0, 0, 0, 0
0011010, 15.2777, 3.28304, 1.23592, 2.21395, 0.5, 0.026, 4, 4, 5, 0, 0, 0, 0, 0
0011110, 12.6315, 0.499908, 5.51829e-06, 2.34546, 0.5, 0.026, 4, 4, 5, 0, 0, 0, 0, 0
0101110, 13.2619, 3.72517, 1.08292, 2.35851, 0.5, 0.026, 4, 4, 5, 0, 0, 0, 0, 0
0011000, 15.7537, 5.78698, 1.42695, 2.27127, 0.5, 0.026, 4, 4, 5, 0, 0, 0, 0, 0
0101010, 15.659, 7.36758, 0.129847, 2.26576, 0.5, 0.026, 4, 4, 5, 0, 0, 0, 0, 0
0011100, 14.5655, 4.20152, 1.23717, 2.21168, 0.5, 0.026, 4, 4, 5, 0, 0, 0, 0, 0
0101011, 13.6851, 6.49584, 0.818686, 2.22764, 0.5, 0.026, 4, 4, 5, 0, 0, 0, 0, 0
0101101, 12.2549, 4.72002, 0.422785, 2.36084, 0.5, 0.026, 4, 4, 5, 0, 0, 0, 0, 0
0110110, 12.3291, 6.37663, 1.27542, 2.34338, 0.5, 0.026, 4, 4, 5, 0, 0, 0, 0, 0
0101100, 14.3501, 5.77695, 0.809476, 2.40719, 0.5, 0.026, 4, 4, 5, 0, 0, 0, 0, 0
0110001, 15.9459, 10.1129, 2.52375, 2.40879, 0.5, 0.026, 4, 4, 5, 0, 0, 0, 0, 0
0110101, 13.685, 8.19066, 1.0635, 2.42072, 0.5, 0.026, 4, 4, 5, 0, 0, 0, 0, 0
0110011, 15.3843, 8.58695, 0.561584, 2.27825, 0.5, 0.026, 4, 4, 5, 0, 0, 0, 0, 0
0111001, 12.789, 8.6079, 1.06171, 2.38661, 0.5, 0.026, 4, 4, 5, 0, 0, 0, 0, 0
0110000, 15.3819, 11.5001, 3.14159, 2.35521, 0.5, 0.026, 4, 4, 5, 0, 0, 0, 0, 0
0111010, 12.1185, 9.80217, 1.32006, 2.38746, 0.5, 0.026, 4, 4, 5, 0, 0, 0, 0, 0
0110100, 14.5387, 10.006, 2.00483, 2.34107, 0.5, 0.026, 4, 4, 5, 0, 0, 0, 0, 0
0111000, 13.2492, 10.8263, 1.67335, 2.29522, 0.5, 0.026, 4, 4, 5, 0, 0, 0, 0, 0
0010101, 19.7866, 2.62226, 2.75848, 2.21924, 0.5, 0.026, 4, 4, 5, 0, 0, 0, 0, 0
0011001, 16.5666, 3.89256, 2.07545, 2.18668, 0.5, 0.026, 4, 4, 5, 0, 0, 0, 0, 0
1110111, 19.779, 1.52146, -0.205709, 2.36183, 0.5, 0.026, 4, 4, 5, 0, 0, 0, 0, 0
1111101, 19.2217, 0.499867, 3.28316e-05, 2.25962, 0.5, 0.026, 4, 4, 5, 0, 0, 0, 0, 0
0010111, 16.6222, 2.40504, 0.0424507, 2.25297, 0.5, 0.026, 4, 4, 5, 0, 0, 0, 0, 0
1101111, 16.4579, 1.45077, 0.0223086, 2.38221, 0.5, 0.026, 4, 4, 5, 0, 0, 0, 0, 0
1101110, 18.1825, 2.02198, 1.46512, 2.36513, 0.5, 0.026, 4, 4, 5, 0, 0, 0, 0, 0
1111110, 17.0412, 0.499751, -8.96595e-06, 2.131, 0.5, 0.026, 4, 4, 5, 0, 0, 0, 0, 0
0010110, 18.4458, 3.7169, 0.169177, 2.31001, 0.5, 0.026, 4, 4, 5, 0, 0, 0, 0, 0
0000111, 19.681, 6.66195, -0.0290864, 2.09874, 0.5, 0.026, 4, 4, 5, 0, 0, 0, 0, 0
0001111, 17.9243, 4.60521, 0.129677, 2.18676, 0.5, 0.026, 4, 4, 5, 0, 0, 0, 0, 0
0001101, 18.3904, 5.64919, 0.075622, 2.29366, 0.5, 0.026, 4, 4, 5, 0, 0, 0, 0, 0
0101001, 16.7778, 5.93934, 1.47451, 2.32448, 0.5, 0.026, 4, 4, 5, 0, 0, 0, 0, 0
0100111, 18.2716, 7.17028, 0.92006, 2.44762, 0.5, 0.026, 4, 4, 5, 0, 0, 0, 0, 0
0101000, 17.6672, 7.99151, 0.947457, 2.32441, 0.5, 0.026, 4, 4, 5, 0, 0, 0, 0, 0
0100101, 19.4744, 9.8141, 2.29067, 2.3554, 0.5, 0.026, 4, 4, 5, 0, 0, 0, 0, 0
0100110, 18.9516, 8.96142, 2.28876, 2.34761, 0.5, 0.026, 4, 4, 5, 0, 0, 0, 0, 0
0100000, 18.1295, 11.3862, 2.9614, 2.27337, 0.5, 0.026, 4, 4, 5, 0, 0, 0, 0, 0
0100100, 17.3703, 10.5365, 2.82009, 2.38846, 0.5, 0.026, 4, 4, 5, 0, 0, 0, 0, 0
0110010, 17.1205, 8.88492, 0.929784, 2.38288, 0.5, 0.026, 4, 4, 5, 0, 0, 0, 0, 0
1111011, 23.5776, 0.49968, 7.66851e-05, 2.22498, 0.5, 0.026, 4, 4, 5, 0, 0, 0, 0, 0
1110101, 22.8523, 2.16815, -0.478766, 2.38722, 0.5, 0.026, 4, 4, 5, 0, 0, 0, 0, 0
1110011, 23.7812, 2.76099, -0.449533, 2.32096, 0.5, 0.026, 4, 4, 5, 0, 0, 0, 0, 0
1101101, 20.7049, 3.31763, 2.58531, 2.5148, 0.5, 0.026, 4, 4, 5, 0, 0, 0, 0, 0
1110110, 21.8453, 1.63581, -0.478898, 2.38942, 0.5, 0.026, 4, 4, 5, 0, 0, 0, 0, 0
1111100, 21.4025, 0.498781, -2.95026e-05, 2.15425, 0.5, 0.026, 4, 4, 5, 0, 0, 0, 0, 0
1101100, 22.6481, 4.0514, 1.01184, 2.41085, 0.5, 0.026, 4, 4, 5, 0, 0, 0, 0, 0
0001011, 23.7043, 6.44411, -0.205584, 2.0651, 0.5, 0.026, 4, 4, 5, 0, 0, 0, 0, 0
0001001, 23.703, 7.40496, -0.189269, 2.15514, 0.5, 0.026, 4, 4, 5, 0, 0, 0, 0, 0
0000101, 21.7223, 7.81575, 0.31249, 2.18457, 0.5, 0.026, 4, 4, 5, 0, 0, 0, 0, 0
0010100, 21.7951, 4.48762, 1.00007, 2.24029, 0.5, 0.026, 4, 4, 5, 0, 0, 0, 0, 0
0001110, 20.132, 4.71194, -0.0292273, 2.29804, 0.5, 0.026, 4, 4, 5, 0, 0, 0, 0, 0
0001100, 20.6643, 5.66726, -0.0156055, 2.26505, 0.5, 0.026, 4, 4, 5, 0, 0, 0, 0, 0
0010011, 22.8871, 5.73733, -0.361197, 2.35709, 0.5, 0.026, 4, 4, 5, 0, 0, 0, 0, 0
0000110, 21.7556, 6.82312, 0.322152, 2.1458, 0.5, 0.026, 4, 4, 5, 0, 0, 0, 0, 0
0100011, 20.3245, 8.12465, 1.0125, 2.17781, 0.5, 0.026, 4, 4, 5, 0, 0, 0, 0, 0
0000011, 20.3205, 11.5005, -4.31625e-05, 2.23127, 0.5, 0.026, 4, 4, 5, 0, 0, 0, 0, 0
0100001, 20.5496, 10.0418, 2.29302, 2.34981, 0.5, 0.026, 4, 4, 5, 0, 0, 0, 0, 0
1000000, 22.5754, 11.5003, 3.14155, 2.3317, 0.5, 0.026, 4, 4, 5, 0, 0, 0, 0, 0
0000010, 22.0335, 10.5402, 0.0707875, 2.18584, 0.5, 0.026, 4, 4, 5, 0, 0, 0, 0, 0
0100010, 22.1049, 9.19672, 0.687469, 2.2819, 0.5, 0.026, 4, 4, 5, 0, 0, 0, 0, 0
0000100, 23.4166, 9.04781, 1.12535, 2.2655, 0.5, 0.026, 4, 4, 5, 0, 0, 0, 0, 0
1101011, 24.2643, 3.58734, -0.448488, 2.30438, 0.5, 0.026, 4, 4, 5, 0, 0, 0, 0, 0
1011111, 27.9455, 0.500018, 3.72212e-05, 2.23986, 0.5, 0.026, 4, 4, 5, 0, 0, 0, 0, 0
1111001, 27.2657, 1.4882, 0.0925173, 2.28859, 0.5, 0.026, 4, 4, 5, 0, 0, 0, 0, 0
1110100, 25.007, 1.4778, 0.0158165, 2.28448, 0.5, 0.026, 4, 4, 5, 0, 0, 0, 0, 0
1111010, 25.7539, 0.499841, -4.59199e-06, 2.19095, 0.5, 0.026, 4, 4, 5, 0, 0, 0, 0, 0
1101010, 26.422, 3.3733, 0.0144294, 2.19638, 0.5, 0.026, 4, 4, 5, 0, 0, 0, 0, 0
1110010, 26.074, 2.4401, -0.038883, 2.41909, 0.5, 0.026, 4, 4, 5, 0, 0, 0, 0, 0
1100111, 26.2868, 5.02877, 1.46173, 2.34241, 0.5, 0.026, 4, 4, 5, 0, 0, 0, 0, 0
0010010, 24.6814, 4.44889, -0.448428, 2.28065, 0.5, 0.026, 4, 4, 5, 0, 0, 0, 0, 0
0010001, 25.2533, 5.97181, 0.783785, 2.37546, 0.5, 0.026, 4, 4, 5, 0, 0, 0, 0, 0
1101001, 27.6627, 4.10596, -0.820185, 2.3101, 0.5, 0.026, 4, 4, 5, 0, 0, 0, 0, 0
0001010, 25.6373, 7.69767, 0.795445, 2.15263, 0.5, 0.026, 4, 4, 5, 0, 0, 0, 0, 0
1100110, 27.5202, 6.35951, 1.29026, 2.26033, 0.5, 0.026, 4, 4, 5, 0, 0, 0, 0, 0
0010000, 26.8482, 7.46002, 1.25009, 2.31922, 0.5, 0.026, 4, 4, 5, 0, 0, 0, 0, 0
0000001, 24.1719, 10.5596, -0.0357448, 2.14308, 0.5, 0.026, 4, 4, 5, 0, 0, 0, 0, 0
1000001, 24.8467, 11.501, 3.14155, 2.25926, 0.5, 0.026, 4, 4, 5, 0, 0, 0, 0, 0
1100100, 27.8783, 8.85723, 1.7986, 2.34408, 0.5, 0.026, 4, 4, 5, 0, 0, 0, 0, 0
1100011, 24.4377, 8.93147, 1.15475, 2.38397, 0.5, 0.026, 4, 4, 5, 0, 0, 0, 0, 0
0001000, 26.1842, 9.08487, 0.0502469, 2.24723, 0.5, 0.026, 4, 4, 5, 0, 0, 0, 0, 0
0000000, 26.868, 11.2696, 0.405576, 2.16776, 0.5, 0.026, 4, 4, 5, 0, 0, 0, 0, 0
1100010, 26.2548, 10.06, 0.0397812, 2.36388, 0.5, 0.026, 4, 4, 5, 0, 0, 0, 0, 0
1110001, 28.3658, 2.49852, -0.119997, 2.22442, 0.5, 0.026, 4, 4, 5, 0, 0, 0, 0, 0
1011101, 30.7771, 2.25021, 2.48266, 2.29011, 0.5, 0.026, 4, 4, 5, 0, 0, 0, 0, 0
1111000, 29.5401, 1.45784, 0.0112379, 2.33036, 0.5, 0.026, 4, 4, 5, 0, 0, 0, 0, 0
1011110, 30.2069, 0.499805, 0.000149957, 2.32473, 0.5, 0.026, 4, 4, 5, 0, 0, 0, 0, 0
1110000, 29.6902, 3.53142, 0.211821, 2.29531, 0.5, 0.026, 4, 4, 5, 0, 0, 0, 0, 0
1011100, 31.3171, 3.60733, 1.72216, 2.23137, 0.5, 0.026, 4, 4, 5, 0, 0, 0, 0, 0
1010011, 28.316, 5.616, 1.29111, 2.2748, 0.5, 0.026, 4, 4, 5, 0, 0, 0, 0, 0
1100101, 29.0765, 6.99016, 2.44507, 2.26398, 0.5, 0.026, 4, 4, 5, 0, 0, 0, 0, 0
1010001, 30.2595, 7.23099, 2.40787, 2.32682, 0.5, 0.026, 4, 4, 5, 0, 0, 0, 0, 0
1010110, 31.7812, 5.03594, 2.70921, 2.19795, 0.5, 0.026, 4, 4, 5, 0, 0, 0, 0, 0
1101000, 29.5611, 4.49739, 0.206094, 2.39641, 0.5, 0.026, 4, 4, 5, 0, 0, 0, 0, 0
1010010, 29.8587, 5.6466, 0.342488, 2.21832, 0.5, 0.026, 4, 4, 5, 0, 0, 0, 0, 0
1000011, 31.1718, 11.5002, 3.1416, 2.19004, 0.5, 0.026, 4, 4, 5, 0, 0, 0, 0, 0
1001100, 30.4931, 8.39735, 2.69065, 2.25493, 0.5, 0.026, 4, 4, 5, 0, 0, 0, 0, 0
1100001, 28.4322, 10.5402, -0.0347163, 2.2916, 0.5, 0.026, 4, 4, 5, 0, 0, 0, 0, 0
1010000, 28.8547, 8.92318, 1.80378, 2.30203, 0.5, 0.026, 4, 4, 5, 0, 0, 0, 0, 0
1000010, 28.9871, 11.5003, 3.14155, 2.2133, 0.5, 0.026, 4, 4, 5, 0, 0, 0, 0, 0
1100000, 30.6863, 10.4702, -0.24955, 2.30595, 0.5, 0.026, 4, 4, 5, 0, 0, 0, 0, 0
1001000, 30.2551, 9.58808, 2.91147, 2.19403, 0.5, 0.026, 4, 4, 5, 0, 0, 0, 0, 0
1011011, 32.0722, 1.10779, 1.22538, 2.29189, 0.5, 0.026, 4, 4, 5, 0, 0, 0, 0, 0
1010111, 32.9217, 3.73559, 3.05387, 2.27627, 0.5, 0.026, 4, 4, 5, 0, 0, 0, 0, 0
1011010, 32.9428, 2.6996, -0.00906267, 2.19327, 0.5, 0.026, 4, 4, 5, 0, 0, 0, 0, 0
1011001, 33.1697, 1.10473, 1.1545, 2.32245, 0.5, 0.026, 4, 4, 5, 0, 0, 0, 0, 0
1011000, 34.5313, 2.62923, 1.39369, 2.37658, 0.5, 0.026, 4, 4, 5, 0, 0, 0, 0, 0
1010100, 32.1257, 5.95987, 2.71307, 2.26227, 0.5, 0.026, 4, 4, 5, 0, 0, 0, 0, 0
1001101, 32.1765, 7.15537, 2.90658, 2.1901, 0.5, 0.026, 4, 4, 5, 0, 0, 0, 0, 0
1001011, 34.2103, 6.98001, 2.37843, 2.16207, 0.5, 0.026, 4, 4, 5, 0, 0, 0, 0, 0
1001111, 35.5273, 4.46943, 2.20246, 2.21335, 0.5, 0.026, 4, 4, 5, 0, 0, 0, 0, 0
1010101, 33.8373, 4.64448, 2.66595, 2.19291, 0.5, 0.026, 4, 4, 5, 0, 0, 0, 0, 0
1001110, 33.9002, 5.91443, 2.38867, 2.20553, 0.5, 0.026, 4, 4, 5, 0, 0, 0, 0, 0
1001001, 32.3727, 9.26582, 2.80373, 2.16494, 0.5, 0.026, 4, 4, 5, 0, 0, 0, 0, 0
1001010, 32.5037, 8.17766, 2.75933, 2.06957, 0.5, 0.026, 4, 4, 5, 0, 0, 0, 0, 0
1000111, 34.3734, 8.77365, 2.3812, 2.30567, 0.5, 0.026, 4, 4, 5, 0, 0, 0, 0, 0
1000100, 33.4592, 11.5, 3.1416, 2.41054, 0.5, 0.026, 4, 4, 5, 0, 0, 0, 0, 0
1000101, 34.5717, 10.0213, 2.3136, 2.32999, 0.5, 0.026, 4, 4, 5, 0, 0, 0, 0, 0
1000110, 32.763, 10.3181, 2.58265, 2.21768, 0.5, 0.026, 4, 4, 5, 0, 0, 0, 0, 0

0011110, 11.2693, 0.499711, -4.27562e-05, 2.67108, 0.5, 0.026, 4, 4, 5, 0, 0, 0, 0, 0
0101111, 10.4848, 2.07798, 0.952652, 2.73539, 0.5, 0.026, 4, 4, 5, 0, 0, 0, 0, 0
0111110, 10.5178, 3.65628, 0.383347, 2.58364, 0.5, 0.026, 4, 4, 5, 0, 0, 0, 0, 0
0111101, 8.75221, 3.53625, 1.05838, 2.63464, 0.5, 0.026, 4, 4, 5, 0, 0, 0, 0, 0
0111111, 8.8313, 1.95069, 0.591297, 2.65841, 0.5, 0.026, 4, 4, 5, 0, 0, 0, 0, 0
0011111, 8.65349, 0.499995, 8.07365e-06, 2.60087, 0.5, 0.026, 4, 4, 5, 0, 0, 0, 0, 0
0110110, 11.1512, 6.34343, 0.791506, 2.6687, 0.5, 0.026, 4, 4, 5, 0, 0, 0, 0, 0
0101101, 11.0287, 4.86858, 0.323366, 2.68859, 0.5, 0.026, 4, 4, 5, 0, 0, 0, 0, 0
0111011, 10.2019, 7.9155, 2.14977, 2.62227, 0.5, 0.026, 4, 4, 5, 0, 0, 0, 0, 0
0110111, 9.6025, 5.99672, 1.37811, 2.63763, 0.5, 0.026, 4, 4, 5, 0, 0, 0, 0, 0
0111100, 8.59765, 5.94036, 1.35622, 2.50789, 0.5, 0.026, 4, 4, 5, 0, 0, 0, 0, 0
0111000, 11.8126, 10.877, 2.2592, 2.61387, 0.5, 0.026, 4, 4, 5, 0, 0, 0, 0, 0
0111001, 11.5187, 8.71711, 1.43558, 2.71794, 0.5, 0.026, 4, 4, 5, 0, 0, 0, 0, 0
0111010, 10.5702, 9.99813, 1.5869, 2.71891, 0.5, 0.026, 4, 4, 5, 0, 0, 0, 0, 0
0011001, 15.8956, 3.94453, 2.21141, 2.49026, 0.5, 0.026, 4, 4, 5, 0, 0, 0, 0, 0
0010111, 15.6689, 2.39349, 0.00506152, 2.56575, 0.5, 0.026, 4, 4, 5, 0, 0, 0, 0, 0
1101111, 15.6886, 1.44545, 0.00656786, 2.71293, 0.5, 0.026, 4, 4, 5, 0, 0, 0, 0, 0
1111111, 13.838, 0.499189, 8.61369e-05, 2.50524, 0.5, 0.026, 4, 4, 5, 0, 0, 0, 0, 0
0011011, 13.2593, 1.56338, 0.325576, 2.42971, 0.5, 0.026, 4, 4, 5, 0, 0, 0, 0, 0
0011101, 12.3089, 2.24119, 0.377619, 2.52353, 0.5, 0.026, 4, 4, 5, 0, 0, 0, 0, 0
0011010, 14.2742, 3.45571, 1.16067, 2.52131, 0.5, 0.026, 4, 4, 5, 0, 0, 0, 0, 0
0101110, 12.2934, 3.87157, 1.10746, 2.68593, 0.5, 0.026, 4, 4, 5, 0, 0, 0, 0, 0
0101001, 15.9444, 6.24461, 1.3255, 2.64719, 0.5, 0.026, 4, 4, 5, 0, 0, 0, 0, 0
0011000, 14.9229, 6.06661, 1.30851, 2.58658, 0.5, 0.026, 4, 4, 5, 0, 0, 0, 0, 0
0101010, 14.7481, 7.82998, -0.0291089, 2.58032, 0.5, 0.026, 4, 4, 5, 0, 0, 0, 0, 0
0011100, 13.535, 4.17556, 1.16133, 2.51872, 0.5, 0.026, 4, 4, 5, 0, 0, 0, 0, 0
0101011, 12.7381, 6.6148, 0.886112, 2.5369, 0.5, 0.026, 4, 4, 5, 0, 0, 0, 0, 0
0101100, 13.6151, 6.18606, 0.91354, 2.74138, 0.5, 0.026, 4, 4, 5, 0, 0, 0, 0, 0
0110001, 15.1401, 10.0214, 2.53415, 2.7432, 0.5, 0.026, 4, 4, 5, 0, 0, 0, 0, 0
0110101, 12.5751, 8.54802, 1.32901, 2.75678, 0.5, 0.026, 4, 4, 5, 0, 0, 0, 0, 0
0110011, 14.4349, 8.7973, -0.025907, 2.59454, 0.5, 0.026, 4, 4, 5, 0, 0, 0, 0, 0
0110000, 14.6784, 11.5002, 3.14162, 2.68218, 0.5, 0.026, 4, 4, 5, 0, 0, 0, 0, 0
0110100, 13.2977, 10.5098, 2.10924, 2.66607, 0.5, 0.026, 4, 4, 5, 0, 0, 0, 0, 0
0010101, 19.1661, 2.67797, 2.89074, 2.52733, 0.5, 0.026, 4, 4, 5, 0, 0, 0, 0, 0
1110111, 19.2462, 1.61332, -0.289446, 2.68972, 0.5, 0.026, 4, 4, 5, 0, 0, 0, 0, 0
1111101, 18.7325, 0.499255, 3.64875e-05, 2.57332, 0.5, 0.026, 4, 4, 5, 0, 0, 0, 0, 0
1101110, 17.4476, 2.177, 1.64602, 2.69347, 0.5, 0.026, 4, 4, 5, 0, 0, 0, 0, 0
1111110, 16.2691, 0.499456, -4.98647e-05, 2.42684, 0.5, 0.026, 4, 4, 5, 0, 0, 0, 0, 0
0010110, 17.8633, 3.91633, -0.105537, 2.63071, 0.5, 0.026, 4, 4, 5, 0, 0, 0, 0, 0
0001110, 19.813, 4.53914, -0.248156, 2.61708, 0.5, 0.026, 4, 4, 5, 0, 0, 0, 0, 0
0000111, 19.05, 6.58434, -0.0546312, 2.3901, 0.5, 0.026, 4, 4, 5, 0, 0, 0, 0, 0
0001111, 17.3406, 4.90474, -0.170282, 2.49035, 0.5, 0.026, 4, 4, 5, 0, 0, 0, 0, 0
0001101, 17.6856, 5.79892, -0.185308, 2.61209, 0.5, 0.026, 4, 4, 5, 0, 0, 0, 0, 0
0100111, 17.8222, 7.42344, 0.640635, 2.78742, 0.5, 0.026, 4, 4, 5, 0, 0, 0, 0, 0
0000011, 19.8199, 11.5011, 8.14726e-07, 2.54103, 0.5, 0.026, 4, 4, 5, 0, 0, 0, 0, 0
0101000, 17.3913, 8.289, 0.655979, 2.64711, 0.5, 0.026, 4, 4, 5, 0, 0, 0, 0, 0
0100101, 19.6255, 9.78556, 2.11141, 2.6824, 0.5, 0.026, 4, 4, 5, 0, 0, 0, 0, 0
0100110, 18.868, 9.26663, 2.11101, 2.67352, 0.5, 0.026, 4, 4, 5, 0, 0, 0, 0, 0
0100000, 17.287, 11.5011, 3.14165, 2.58898, 0.5, 0.026, 4, 4, 5, 0, 0, 0, 0, 0
0100100, 16.8097, 10.5865, 3.10224, 2.72004, 0.5, 0.026, 4, 4, 5, 0, 0, 0, 0, 0
0110010, 16.8572, 9.06938, 0.653852, 2.71369, 0.5, 0.026, 4, 4, 5, 0, 0, 0, 0, 0
1111011, 23.6436, 0.499224, -1.62458e-05, 2.53388, 0.5, 0.026, 4, 4, 5, 0, 0, 0, 0, 0
1110101, 23.0483, 1.97767, -0.424461, 2.71863, 0.5, 0.026, 4, 4, 5, 0, 0, 0, 0, 0
1110011, 23.8529, 2.65306, -0.402134, 2.64318, 0.5, 0.026, 4, 4, 5, 0, 0, 0, 0, 0
1101101, 20.4653, 3.20321, 2.72544, 2.86392, 0.5, 0.026, 4, 4, 5, 0, 0, 0, 0, 0
1110110, 21.5558, 1.65998, -0.426327, 2.72114, 0.5, 0.026, 4, 4, 5, 0, 0, 0, 0, 0
1111100, 21.1863, 0.496404, -0.000184077, 2.45332, 0.5, 0.026, 4, 4, 5, 0, 0, 0, 0, 0
0100011, 20.077, 7.87439, 0.484812, 2.48015, 0.5, 0.026, 4, 4, 5, 0, 0, 0, 0, 0
1101100, 22.5476, 4.05556, 1.11597, 2.74555, 0.5, 0.026, 4, 4, 5, 0, 0, 0, 0, 0
0001001, 23.6808, 7.42516, -0.0641131, 2.45433, 0.5, 0.026, 4, 4, 5, 0, 0, 0, 0, 0
0000101, 21.2852, 7.2486, 0.2889, 2.48785, 0.5, 0.026, 4, 4, 5, 0, 0, 0, 0, 0
0010100, 21.7658, 4.59562, 1.13483, 2.55131, 0.5, 0.026, 4, 4, 5, 0, 0, 0, 0, 0
0001100, 20.2236, 5.41571, -0.243564, 2.57951, 0.5, 0.026, 4, 4, 5, 0, 0, 0, 0, 0
0010011, 23.8323, 5.61023, -0.195894, 2.68433, 0.5, 0.026, 4, 4, 5, 0, 0, 0, 0, 0
0000110, 21.801, 6.39945, 0.280923, 2.4437, 0.5, 0.026, 4, 4, 5, 0, 0, 0, 0, 0
0100001, 20.6583, 9.84833, 2.11346, 2.67603, 0.5, 0.026, 4, 4, 5, 0, 0, 0, 0, 0
1000000, 22.3844, 11.5009, 3.14158, 2.65541, 0.5, 0.026, 4, 4, 5, 0, 0, 0, 0, 0
0000010, 22.0863, 10.57, 0.0358753, 2.4893, 0.5, 0.026, 4, 4, 5, 0, 0, 0, 0, 0
0100010, 22.1918, 9.00297, 0.905643, 2.59869, 0.5, 0.026, 4, 4, 5, 0, 0, 0, 0, 0
0000100, 23.4607, 9.02007, 0.849158, 2.58001, 0.5, 0.026, 4, 4, 5, 0, 0, 0, 0, 0
1101011, 24.237, 3.49018, -0.401679, 2.62429, 0.5, 0.026, 4, 4, 5, 0, 0, 0, 0, 0
1110100, 25.5684, 1.41415, 0.0390679, 2.60163, 0.5, 0.026, 4, 4, 5, 0, 0, 0, 0, 0
1111010, 26.1238, 0.499294, 2.80631e-05, 2.49512, 0.5, 0.026, 4, 4, 5, 0, 0, 0, 0, 0
1101010, 26.692, 3.2469, -0.0122405, 2.5013, 0.5, 0.026, 4, 4, 5, 0, 0, 0, 0, 0
1110010, 26.4671, 2.36249, -0.0467421, 2.75493, 0.5, 0.026, 4, 4, 5, 0, 0, 0, 0, 0
0001011, 24.2845, 6.44939, -0.119215, 2.35179, 0.5, 0.026, 4, 4, 5, 0, 0, 0, 0, 0
1100111, 26.5661, 5.01667, 1.26374, 2.6676, 0.5, 0.026, 4, 4, 5, 0, 0, 0, 0, 0
0010010, 24.6194, 4.33477, -0.401252, 2.59727, 0.5, 0.026, 4, 4, 5, 0, 0, 0, 0, 0
0010001, 25.8057, 5.80382, 1.25188, 2.70524, 0.5, 0.026, 4, 4, 5, 0, 0, 0, 0, 0
0001010, 25.8929, 7.74526, 0.728537, 2.45148, 0.5, 0.026, 4, 4, 5, 0, 0, 0, 0, 0
1100110, 27.8796, 6.07629, 1.36184, 2.57413, 0.5, 0.026, 4, 4, 5, 0, 0, 0, 0, 0
0010000, 27.2438, 7.54781, 1.30636, 2.64119, 0.5, 0.026, 4, 4, 5, 0, 0, 0, 0, 0
0000001, 24.4998, 10.5928, 0.0474969, 2.4406, 0.5, 0.026, 4, 4, 5, 0, 0, 0, 0, 0
1000001, 24.9659, 11.5038, 3.14137, 2.57291, 0.5, 0.026, 4, 4, 5, 0, 0, 0, 0, 0
1100011, 24.6282, 8.99969, 0.914235, 2.71494, 0.5, 0.026, 4, 4, 5, 0, 0, 0, 0, 0
0001000, 26.7261, 9.22528, 0.118074, 2.55921, 0.5, 0.026, 4, 4, 5, 0, 0, 0, 0, 0
0000000, 27.3708, 11.3267, 0.238306, 2.4687, 0.5, 0.026, 4, 4, 5, 0, 0, 0, 0, 0
1100010, 26.8543, 10.189, 0.0981321, 2.69206, 0.5, 0.026, 4, 4, 5, 0, 0, 0, 0, 0
1111001, 28.1228, 1.45047, 0.0886614, 2.60631, 0.5, 0.026, 4, 4, 5, 0, 0, 0, 0, 0
1101001, 28.0658, 3.93183, -0.585932, 2.63081, 0.5, 0.026, 4, 4, 5, 0, 0, 0, 0, 0
1011111, 28.6157, 0.533848, 0.0460363, 2.55082, 0.5, 0.026, 4, 4, 5, 0, 0, 0, 0, 0
1110001, 29.0673, 2.47844, -0.0852482, 2.53324, 0.5, 0.026, 4, 4, 5, 0, 0, 0, 0, 0
1011101, 31.5458, 2.43297, 2.78625, 2.60804, 0.5, 0.026, 4, 4, 5, 0, 0, 0, 0, 0
1111000, 30.7088, 1.4333, 0.00183495, 2.65388, 0.5, 0.026, 4, 4, 5, 0, 0, 0, 0, 0
1011110, 31.1791, 0.498903, 4.07336e-05, 2.64747, 0.5, 0.026, 4, 4, 5, 0, 0, 0, 0, 0
1110000, 30.4961, 3.63923, 0.303257, 2.61396, 0.5, 0.026, 4, 4, 5, 0, 0, 0, 0, 0
1010011, 28.7535, 5.45621, 1.38753, 2.59061, 0.5, 0.026, 4, 4, 5, 0, 0, 0, 0, 0
1100101, 29.6789, 6.91176, 2.75194, 2.57828, 0.5, 0.026, 4, 4, 5, 0, 0, 0, 0, 0
1010001, 31.0072, 7.35424, 2.51824, 2.64985, 0.5, 0.026, 4, 4, 5, 0, 0, 0, 0, 0
1101000, 30.3383, 4.58881, 0.29394, 2.72909, 0.5, 0.026, 4, 4, 5, 0, 0, 0, 0, 0
1010010, 30.4417, 5.6058, 0.350064, 2.52629, 0.5, 0.026, 4, 4, 5, 0, 0, 0, 0, 0
1100100, 28.4513, 8.83191, 1.51377, 2.66951, 0.5, 0.026, 4, 4, 5, 0, 0, 0, 0, 0
1001100, 31.157, 8.63944, 2.91968, 2.56797, 0.5, 0.026, 4, 4, 5, 0, 0, 0, 0, 0
1100001, 29.3685, 10.604, -0.027984, 2.60974, 0.5, 0.026, 4, 4, 5, 0, 0, 0, 0, 0
1010000, 29.4275, 8.85492, 1.51138, 2.62162, 0.5, 0.026, 4, 4, 5, 0, 0, 0, 0, 0
1000010, 29.8229, 11.5043, 3.14132, 2.52057, 0.5, 0.026, 4, 4, 5, 0, 0, 0, 0, 0
1100000, 31.913, 10.4208, -0.249283, 2.62608, 0.5, 0.026, 4, 4, 5, 0, 0, 0, 0, 0
1001000, 31.373, 9.56739, 2.92008, 2.49862, 0.5, 0.026, 4, 4, 5, 0, 0, 0, 0, 0
1011100, 32.3148, 3.81468, 1.87103, 2.54115, 0.5, 0.026, 4, 4, 5, 0, 0, 0, 0, 0
1011011, 33.1341, 1.28952, 1.3742, 2.61007, 0.5, 0.026, 4, 4, 5, 0, 0, 0, 0, 0
1010111, 34.0395, 3.89821, 2.92484, 2.59229, 0.5, 0.026, 4, 4, 5, 0, 0, 0, 0, 0
1011010, 34.2405, 2.86226, -0.244165, 2.49775, 0.5, 0.026, 4, 4, 5, 0, 0, 0, 0, 0
1011001, 34.5302, 1.10444, 0.825664, 2.64487, 0.5, 0.026, 4, 4, 5, 0, 0, 0, 0, 0
1011000, 35.9851, 2.49563, 1.69531, 2.70652, 0.5, 0.026, 4, 4, 5, 0, 0, 0, 0, 0
1010110, 32.7909, 5.30466, 2.76588, 2.50308, 0.5, 0.026, 4, 4, 5, 0, 0, 0, 0, 0
1010100, 33.2797, 6.13831, 2.7587, 2.57634, 0.5, 0.026, 4, 4, 5, 0, 0, 0, 0, 0
1001101, 33.0223, 7.28205, 2.72025, 2.49415, 0.5, 0.026, 4, 4, 5, 0, 0, 0, 0, 0
1001011, 35.5807, 7.05758, 2.28072, 2.46223, 0.5, 0.026, 4, 4, 5, 0, 0, 0, 0, 0
1010101, 35.148, 4.65306, 2.69923, 2.49734, 0.5, 0.026, 4, 4, 5, 0, 0, 0, 0, 0
1001110, 35.1281, 6.08112, 2.29554, 2.51172, 0.5, 0.026, 4, 4, 5, 0, 0, 0, 0, 0
1000011, 32.3129, 11.5003, 3.14161, 2.49409, 0.5, 0.026, 4, 4, 5, 0, 0, 0, 0, 0
1001001, 33.7664, 9.04489, 2.74385, 2.46549, 0.5, 0.026, 4, 4, 5, 0, 0, 0, 0, 0
1001010, 33.5204, 8.10794, 2.73256, 2.35688, 0.5, 0.026, 4, 4, 5, 0, 0, 0, 0, 0
1000111, 35.8909, 8.30469, 2.20972, 2.62576, 0.5, 0.026, 4, 4, 5, 0, 0, 0, 0, 0
1000100, 34.9227, 11.5001, 3.1416, 2.74519, 0.5, 0.026, 4, 4, 5, 0, 0, 0, 0, 0
1000101, 35.8792, 9.90839, 2.31095, 2.65345, 0.5, 0.026, 4, 4, 5, 0, 0, 0, 0, 0
1000110, 34.1563, 10.1741, 2.45903, 2.52556, 0.5, 0.026, 4, 4, 5, 0, 0, 0, 0, 0
1001111, 36.7664, 4.64659, 1.77014, 2.52062, 0.5, 0.026, 4, 4, 5, 0, 0, 0, 0, 0

0111111, 7.17803, 2.15643, 0.720978, 3.02747, 0.5, 0.026, 4, 4, 5, 0, 0, 0, 0, 0
0111101, 7.17439, 3.83676, 0.997514, 3.00041, 0.5, 0.026, 4, 4, 5, 0, 0, 0, 0, 0
0011111, 6.64379, 0.499862, 4.80753e-06, 2.96194, 0.5, 0.026, 4, 4, 5, 0, 0, 0, 0, 0
0111100, 7.02473, 6.26268, 1.52472, 2.85606, 0.5, 0.026, 4, 4, 5, 0, 0, 0, 0, 0
0011011, 11.9346, 1.52685, 0.185092, 2.76703, 0.5, 0.026, 4, 4, 5, 0, 0, 0, 0, 0
0101110, 10.9411, 3.87525, 0.857052, 3.05882, 0.5, 0.026, 4, 4, 5, 0, 0, 0, 0, 0
0011101, 10.4074, 2.10101, 0.438078, 2.87387, 0.5, 0.026, 4, 4, 5, 0, 0, 0, 0, 0
0011110, 9.63542, 0.499641, -1.73834e-05, 3.0419, 0.5, 0.026, 4, 4, 5, 0, 0, 0, 0, 0
0101111, 8.70671, 2.21109, 0.96526, 3.11514, 0.5, 0.026, 4, 4, 5, 0, 0, 0, 0, 0
0101011, 11.9466, 6.49926, 1.2089, 2.8891, 0.5, 0.026, 4, 4, 5, 0, 0, 0, 0, 0
0111110, 9.20045, 4.0704, 0.335382, 2.94233, 0.5, 0.026, 4, 4, 5, 0, 0, 0, 0, 0
0110110, 9.96171, 6.31698, 0.292974, 3.03919, 0.5, 0.026, 4, 4, 5, 0, 0, 0, 0, 0
0101101, 9.66038, 5.22258, 0.286099, 3.06184, 0.5, 0.026, 4, 4, 5, 0, 0, 0, 0, 0
0110111, 8.00288, 6.63501, 1.55652, 3.0038, 0.5, 0.026, 4, 4, 5, 0, 0, 0, 0, 0
0110100, 11.8267, 10.699, 2.23556, 3.0362, 0.5, 0.026, 4, 4, 5, 0, 0, 0, 0, 0
0111011, 8.9083, 8.0494, 2.05926, 2.98632, 0.5, 0.026, 4, 4, 5, 0, 0, 0, 0, 0
0110101, 11.346, 8.59413, 1.52107, 3.1395, 0.5, 0.026, 4, 4, 5, 0, 0, 0, 0, 0
0111000, 9.96505, 10.9706, 2.57626, 2.97675, 0.5, 0.026, 4, 4, 5, 0, 0, 0, 0, 0
0111001, 10.3745, 8.49334, 1.51777, 3.09526, 0.5, 0.026, 4, 4, 5, 0, 0, 0, 0, 0
0111010, 8.88121, 10.0372, 2.12764, 3.09637, 0.5, 0.026, 4, 4, 5, 0, 0, 0, 0, 0
0011001, 14.8031, 3.9992, 2.32109, 2.83598, 0.5, 0.026, 4, 4, 5, 0, 0, 0, 0, 0
0011100, 12.4839, 3.90553, 0.643432, 2.86839, 0.5, 0.026, 4, 4, 5, 0, 0, 0, 0, 0
1111110, 15.3573, 0.499036, -9.92613e-06, 2.76375, 0.5, 0.026, 4, 4, 5, 0, 0, 0, 0, 0
0010111, 14.6182, 2.37894, -0.00446131, 2.92195, 0.5, 0.026, 4, 4, 5, 0, 0, 0, 0, 0
1101111, 14.759, 1.438, 0.00794144, 3.08956, 0.5, 0.026, 4, 4, 5, 0, 0, 0, 0, 0
1111111, 12.5705, 0.498765, -6.65383e-05, 2.85303, 0.5, 0.026, 4, 4, 5, 0, 0, 0, 0, 0
0011010, 13.0238, 3.12389, 0.643235, 2.87134, 0.5, 0.026, 4, 4, 5, 0, 0, 0, 0, 0
0101001, 15.0324, 6.43462, 1.17285, 3.01469, 0.5, 0.026, 4, 4, 5, 0, 0, 0, 0, 0
0011000, 13.939, 6.28013, 1.15155, 2.94567, 0.5, 0.026, 4, 4, 5, 0, 0, 0, 0, 0
0101100, 12.8411, 6.11378, 1.20393, 3.12196, 0.5, 0.026, 4, 4, 5, 0, 0, 0, 0, 0
0101010, 13.9159, 8.1054, 0.0508077, 2.93854, 0.5, 0.026, 4, 4, 5, 0, 0, 0, 0, 0
0110001, 14.1187, 10.1392, 2.73674, 3.12403, 0.5, 0.026, 4, 4, 5, 0, 0, 0, 0, 0
0110011, 13.3125, 8.99087, 0.0557494, 2.95473, 0.5, 0.026, 4, 4, 5, 0, 0, 0, 0, 0
0110000, 13.4879, 11.5007, 3.14154, 3.05454, 0.5, 0.026, 4, 4, 5, 0, 0, 0, 0, 0
1101101, 19.543, 3.23062, 2.84359, 3.26152, 0.5, 0.026, 4, 4, 5, 0, 0, 0, 0, 0
0010101, 18.511, 2.56391, 2.89602, 2.87819, 0.5, 0.026, 4, 4, 5, 0, 0, 0, 0, 0
1110111, 18.6627, 1.57302, -0.208212, 3.06313, 0.5, 0.026, 4, 4, 5, 0, 0, 0, 0, 0
1111101, 18.1873, 0.495919, -7.11733e-05, 2.93057, 0.5, 0.026, 4, 4, 5, 0, 0, 0, 0, 0
1101110, 16.5848, 2.31514, 1.76919, 3.0674, 0.5, 0.026, 4, 4, 5, 0, 0, 0, 0, 0
0100011, 19.9909, 7.64375, 0.332131, 2.82447, 0.5, 0.026, 4, 4, 5, 0, 0, 0, 0, 0
0001100, 19.7342, 5.15067, -0.324182, 2.93761, 0.5, 0.026, 4, 4, 5, 0, 0, 0, 0, 0
0010110, 16.5956, 4.21414, -0.325102, 2.99594, 0.5, 0.026, 4, 4, 5, 0, 0, 0, 0, 0
0001110, 19.2585, 4.30189, -0.328343, 2.9804, 0.5, 0.026, 4, 4, 5, 0, 0, 0, 0, 0
0000111, 18.3482, 6.51611, -0.182301, 2.72192, 0.5, 0.026, 4, 4, 5, 0, 0, 0, 0, 0
0001111, 16.5407, 5.19103, -0.359994, 2.83608, 0.5, 0.026, 4, 4, 5, 0, 0, 0, 0, 0
0001101, 16.9643, 6.0024, -0.368903, 2.97472, 0.5, 0.026, 4, 4, 5, 0, 0, 0, 0, 0
0100111, 17.4128, 7.64244, 0.37036, 3.17439, 0.5, 0.026, 4, 4, 5, 0, 0, 0, 0, 0
0000011, 19.3624, 11.5023, 0.000104856, 2.8938, 0.5, 0.026, 4, 4, 5, 0, 0, 0, 0, 0
0101000, 16.9915, 8.46653, 0.362426, 3.0146, 0.5, 0.026, 4, 4, 5, 0, 0, 0, 0, 0
0100101, 19.6408, 9.63321, 2.1171, 3.0548, 0.5, 0.026, 4, 4, 5, 0, 0, 0, 0, 0
0100110, 18.7884, 9.29119, 2.11776, 3.04468, 0.5, 0.026, 4, 4, 5, 0, 0, 0, 0, 0
0100000, 16.4693, 11.505, 3.1417, 2.9484, 0.5, 0.026, 4, 4, 5, 0, 0, 0, 0, 0
0100100, 16.3677, 10.6108, 3.13325, 3.09766, 0.5, 0.026, 4, 4, 5, 0, 0, 0, 0, 0
0110010, 16.4792, 9.26062, 0.370144, 3.09042, 0.5, 0.026, 4, 4, 5, 0, 0, 0, 0, 0
1101100, 22.1749, 3.80271, 1.03166, 3.12671, 0.5, 0.026, 4, 4, 5, 0, 0, 0, 0, 0
1111011, 23.8031, 0.49905, 2.13269e-05, 2.88565, 0.5, 0.026, 4, 4, 5, 0, 0, 0, 0, 0
1110101, 23.3297, 1.85482, -0.386534, 3.09605, 0.5, 0.026, 4, 4, 5, 0, 0, 0, 0, 0
1110011, 23.751, 2.64025, -0.38196, 3.01013, 0.5, 0.026, 4, 4, 5, 0, 0, 0, 0, 0
1110110, 21.3435, 1.64862, -0.343297, 3.09891, 0.5, 0.026, 4, 4, 5, 0, 0, 0, 0, 0
1111100, 20.995, 0.495036, 4.07359e-05, 2.79391, 0.5, 0.026, 4, 4, 5, 0, 0, 0, 0, 0
0001001, 23.6698, 7.23202, -0.0898012, 2.79506, 0.5, 0.026, 4, 4, 5, 0, 0, 0, 0, 0
0000101, 20.9542, 6.97674, 0.335652, 2.83323, 0.5, 0.026, 4, 4, 5, 0, 0, 0, 0, 0
0010100, 21.5606, 4.53632, 1.0723, 2.9055, 0.5, 0.026, 4, 4, 5, 0, 0, 0, 0, 0
0010011, 23.9152, 5.4603, -0.219691, 3.05699, 0.5, 0.026, 4, 4, 5, 0, 0, 0, 0, 0
0000110, 21.4566, 6.17007, 0.329399, 2.78295, 0.5, 0.026, 4, 4, 5, 0, 0, 0, 0, 0
0100001, 20.6555, 9.711, 2.11906, 3.04754, 0.5, 0.026, 4, 4, 5, 0, 0, 0, 0, 0
1000000, 22.2896, 11.5022, 3.14151, 3.02406, 0.5, 0.026, 4, 4, 5, 0, 0, 0, 0, 0
0000010, 22.1365, 10.5852, 0.0171659, 2.83489, 0.5, 0.026, 4, 4, 5, 0, 0, 0, 0, 0
0100010, 22.5639, 8.95103, 0.829822, 2.95947, 0.5, 0.026, 4, 4, 5, 0, 0, 0, 0, 0
0000100, 23.8199, 8.9396, 0.819879, 2.93819, 0.5, 0.026, 4, 4, 5, 0, 0, 0, 0, 0
1101011, 24.1941, 3.42705, -0.380008, 2.98862, 0.5, 0.026, 4, 4, 5, 0, 0, 0, 0, 0
1110100, 26.2615, 1.36485, 0.0248613, 2.9628, 0.5, 0.026, 4, 4, 5, 0, 0, 0, 0, 0
1111010, 26.6195, 0.49342, 0.000301605, 2.84151, 0.5, 0.026, 4, 4, 5, 0, 0, 0, 0, 0
1101010, 27.0106, 3.11497, 0.0325901, 2.84855, 0.5, 0.026, 4, 4, 5, 0, 0, 0, 0, 0
1110010, 26.7073, 2.23987, -0.0183563, 3.13739, 0.5, 0.026, 4, 4, 5, 0, 0, 0, 0, 0
0001011, 24.3663, 6.26605, -0.151859, 2.67829, 0.5, 0.026, 4, 4, 5, 0, 0, 0, 0, 0
1100111, 26.8546, 4.97832, 1.20405, 3.03794, 0.5, 0.026, 4, 4, 5, 0, 0, 0, 0, 0
0010010, 24.6054, 4.22326, -0.378645, 2.95784, 0.5, 0.026, 4, 4, 5, 0, 0, 0, 0, 0
0010001, 26.1027, 5.77497, 1.24455, 3.0808, 0.5, 0.026, 4, 4, 5, 0, 0, 0, 0, 0
0001010, 26.2647, 7.77962, 0.541021, 2.79181, 0.5, 0.026, 4, 4, 5, 0, 0, 0, 0, 0
0010000, 27.8405, 7.74241, 1.10181, 3.00786, 0.5, 0.026, 4, 4, 5, 0, 0, 0, 0, 0
0000001, 24.884, 10.6103, 0.0335639, 2.77943, 0.5, 0.026, 4, 4, 5, 0, 0, 0, 0, 0
1000001, 25.2346, 11.5057, 3.14183, 2.9301, 0.5, 0.026, 4, 4, 5, 0, 0, 0, 0, 0
1100011, 24.9634, 8.89029, 0.881078, 3.09185, 0.5, 0.026, 4, 4, 5, 0, 0, 0, 0, 0
0001000, 27.2237, 9.28631, 0.29552, 2.9145, 0.5, 0.026, 4, 4, 5, 0, 0, 0, 0, 0
1100010, 27.5032, 10.313, 0.250233, 3.06579, 0.5, 0.026, 4, 4, 5, 0, 0, 0, 0, 0
1111001, 29.3302, 1.45177, 0.00400628, 2.96814, 0.5, 0.026, 4, 4, 5, 0, 0, 0, 0, 0
1101001, 28.5444, 3.89498, -0.45035, 2.99604, 0.5, 0.026, 4, 4, 5, 0, 0, 0, 0, 0
1011111, 29.4477, 0.499582, -4.76422e-05, 2.90494, 0.5, 0.026, 4, 4, 5, 0, 0, 0, 0, 0
1110001, 29.6238, 2.46715, -0.0519742, 2.88492, 0.5, 0.026, 4, 4, 5, 0, 0, 0, 0, 0
1110000, 31.4098, 3.39122, -0.0169616, 2.97685, 0.5, 0.026, 4, 4, 5, 0, 0, 0, 0, 0
1100110, 28.295, 6.14709, 1.29463, 2.93149, 0.5, 0.026, 4, 4, 5, 0, 0, 0, 0, 0
1010011, 29.152, 5.74008, 1.29312, 2.95026, 0.5, 0.026, 4, 4, 5, 0, 0, 0, 0, 0
1100101, 31.3037, 6.43927, 2.89868, 2.93622, 0.5, 0.026, 4, 4, 5, 0, 0, 0, 0, 0
1101000, 30.8337, 4.36162, -0.0215166, 3.10797, 0.5, 0.026, 4, 4, 5, 0, 0, 0, 0, 0
1010010, 30.9807, 5.30348, -0.00504963, 2.87701, 0.5, 0.026, 4, 4, 5, 0, 0, 0, 0, 0
0000000, 28.0764, 11.5012, 9.82492e-05, 2.81143, 0.5, 0.026, 4, 4, 5, 0, 0, 0, 0, 0
1100100, 29.2342, 8.66986, 1.68006, 3.04011, 0.5, 0.026, 4, 4, 5, 0, 0, 0, 0, 0
1100001, 30.4215, 10.5782, -0.026185, 2.97205, 0.5, 0.026, 4, 4, 5, 0, 0, 0, 0, 0
1010000, 30.1818, 8.63028, 1.68411, 2.98557, 0.5, 0.026, 4, 4, 5, 0, 0, 0, 0, 0
1000010, 30.8928, 11.5013, 3.14161, 2.87049, 0.5, 0.026, 4, 4, 5, 0, 0, 0, 0, 0
1010111, 35.3351, 3.98586, 2.84584, 2.95218, 0.5, 0.026, 4, 4, 5, 0, 0, 0, 0, 0
1111000, 32.3064, 1.45613, 0.000192744, 3.02232, 0.5, 0.026, 4, 4, 5, 0, 0, 0, 0, 0
1011110, 32.3682, 0.499697, -1.02171e-05, 3.01501, 0.5, 0.026, 4, 4, 5, 0, 0, 0, 0, 0
1011101, 32.502, 2.41117, 3.14723, 2.97012, 0.5, 0.026, 4, 4, 5, 0, 0, 0, 0, 0
1011011, 34.3998, 1.48442, 1.51571, 2.97242, 0.5, 0.026, 4, 4, 5, 0, 0, 0, 0, 0
1010001, 32.1262, 7.3662, 2.62456, 3.01772, 0.5, 0.026, 4, 4, 5, 0, 0, 0, 0, 0
1011100, 33.3415, 4.038, 2.23535, 2.89393, 0.5, 0.026, 4, 4, 5, 0, 0, 0, 0, 0
1010110, 33.9417, 5.43048, 2.83408, 2.85058, 0.5, 0.026, 4, 4, 5, 0, 0, 0, 0, 0
1010100, 34.8088, 6.14811, 2.80656, 2.93401, 0.5, 0.026, 4, 4, 5, 0, 0, 0, 0, 0
1001101, 34.3233, 7.36371, 2.76149, 2.84041, 0.5, 0.026, 4, 4, 5, 0, 0, 0, 0, 0
1001100, 32.0656, 8.71167, 2.97016, 2.92448, 0.5, 0.026, 4, 4, 5, 0, 0, 0, 0, 0
1001000, 32.736, 9.55799, 2.99358, 2.8455, 0.5, 0.026, 4, 4, 5, 0, 0, 0, 0, 0
1100000, 33.3306, 10.4247, -0.183184, 2.99066, 0.5, 0.026, 4, 4, 5, 0, 0, 0, 0, 0
1000011, 33.7302, 11.5003, 3.1416, 2.84034, 0.5, 0.026, 4, 4, 5, 0, 0, 0, 0, 0
1001001, 35.4607, 8.9736, 2.74848, 2.80778, 0.5, 0.026, 4, 4, 5, 0, 0, 0, 0, 0
1001010, 34.7894, 8.20397, 2.77327, 2.68409, 0.5, 0.026, 4, 4, 5, 0, 0, 0, 0, 0
1000110, 35.9131, 10.096, 2.49045, 2.87618, 0.5, 0.026, 4, 4, 5, 0, 0, 0, 0, 0
1011010, 36.0208, 2.52219, -0.561022, 2.84452, 0.5, 0.026, 4, 4, 5, 0, 0, 0, 0, 0
1011001, 36.2769, 0.817803, 0.321407, 3.01206, 0.5, 0.026, 4, 4, 5, 0, 0, 0, 0, 0
1011000, 37.6759, 2.49324, 2.02178, 3.08226, 0.5, 0.026, 4, 4, 5, 0, 0, 0, 0, 0
1000111, 37.8558, 7.95942, 2.16154, 2.99029, 0.5, 0.026, 4, 4, 5, 0, 0, 0, 0, 0
1010101, 36.6309, 4.61025, 2.88584, 2.84405, 0.5, 0.026, 4, 4, 5, 0, 0, 0, 0, 0
1001110, 36.6308, 6.2911, 2.12121, 2.86042, 0.5, 0.026, 4, 4, 5, 0, 0, 0, 0, 0
1001011, 37.3078, 7.04032, 2.11207, 2.80406, 0.5, 0.026, 4, 4, 5, 0, 0, 0, 0, 0
1001111, 38.4862, 4.56317, 1.67052, 2.87056, 0.5, 0.026, 4, 4, 5, 0, 0, 0, 0, 0
1000100, 36.7113, 11.5003, 3.14157, 3.12631, 0.5, 0.026, 4, 4, 5, 0, 0, 0, 0, 0
1000101, 37.7495, 9.78435, 2.32159, 3.02183, 0.5, 0.026, 4, 4, 5, 0, 0, 0, 0, 0

0101111, 6.83636, 2.50946, 1.14835, 3.54761, 0.5, 0.026, 4, 4, 5, 0, 0, 0, 0, 0
0111111, 5.83447, 2.6272, 1.13543, 3.44777, 0.5, 0.026, 4, 4, 5, 0, 0, 0, 0, 0
0011111, 4.63455, 0.499985, -5.69105e-06, 3.37314, 0.5, 0.026, 4, 4, 5, 0, 0, 0, 0, 0
0111110, 7.95077, 4.63815, 0.00269549, 3.35081, 0.5, 0.026, 4, 4, 5, 0, 0, 0, 0, 0
0111101, 5.41165, 4.02281, 1.14779, 3.41695, 0.5, 0.026, 4, 4, 5, 0, 0, 0, 0, 0
0110111, 5.92975, 7.31707, 1.61659, 3.42082, 0.5, 0.026, 4, 4, 5, 0, 0, 0, 0, 0
0111100, 5.0004, 6.63912, 1.56645, 3.25256, 0.5, 0.026, 4, 4, 5, 0, 0, 0, 0, 0
0111000, 7.87463, 11.1198, 2.81777, 3.39, 0.5, 0.026, 4, 4, 5, 0, 0, 0, 0, 0
0111011, 7.39912, 8.3638, 2.35065, 3.40091, 0.5, 0.026, 4, 4, 5, 0, 0, 0, 0, 0
0111010, 6.67153, 10.2868, 2.45109, 3.52624, 0.5, 0.026, 4, 4, 5, 0, 0, 0, 0, 0
0011010, 11.9181, 3.0094, 0.540008, 3.26996, 0.5, 0.026, 4, 4, 5, 0, 0, 0, 0, 0
1111111, 11.3507, 0.496769, 2.44893e-05, 3.24912, 0.5, 0.026, 4, 4, 5, 0, 0, 0, 0, 0
0011100, 11.2293, 3.67009, 0.539597, 3.26661, 0.5, 0.026, 4, 4, 5, 0, 0, 0, 0, 0
0011011, 10.5707, 1.4561, 0.0141858, 3.15117, 0.5, 0.026, 4, 4, 5, 0, 0, 0, 0, 0
0101110, 9.06553, 3.4658, 0.555117, 3.48347, 0.5, 0.026, 4, 4, 5, 0, 0, 0, 0, 0
0011101, 8.47396, 1.98628, 0.475035, 3.27285, 0.5, 0.026, 4, 4, 5, 0, 0, 0, 0, 0
0011110, 8.03171, 0.499241, 4.5686e-06, 3.4642, 0.5, 0.026, 4, 4, 5, 0, 0, 0, 0, 0
0101100, 11.5532, 5.73598, 1.07326, 3.55538, 0.5, 0.026, 4, 4, 5, 0, 0, 0, 0, 0
0101011, 10.6772, 6.08928, 1.05998, 3.29018, 0.5, 0.026, 4, 4, 5, 0, 0, 0, 0, 0
0110110, 8.57235, 6.53253, 0.00249833, 3.46112, 0.5, 0.026, 4, 4, 5, 0, 0, 0, 0, 0
0101101, 8.05063, 5.5881, -0.0032517, 3.48691, 0.5, 0.026, 4, 4, 5, 0, 0, 0, 0, 0
0110100, 10.2852, 10.4429, 2.1038, 3.45771, 0.5, 0.026, 4, 4, 5, 0, 0, 0, 0, 0
0110101, 9.90817, 8.62756, 1.8743, 3.57535, 0.5, 0.026, 4, 4, 5, 0, 0, 0, 0, 0
0111001, 8.89933, 8.69356, 1.882, 3.52497, 0.5, 0.026, 4, 4, 5, 0, 0, 0, 0, 0
1101110, 15.8507, 2.52195, 1.77962, 3.49324, 0.5, 0.026, 4, 4, 5, 0, 0, 0, 0, 0
1111110, 14.5102, 0.498586, -8.26573e-05, 3.14744, 0.5, 0.026, 4, 4, 5, 0, 0, 0, 0, 0
0010111, 13.7577, 2.33532, 0.00260529, 3.3276, 0.5, 0.026, 4, 4, 5, 0, 0, 0, 0, 0
1101111, 13.8595, 1.43107, 0.010858, 3.51848, 0.5, 0.026, 4, 4, 5, 0, 0, 0, 0, 0
0011001, 13.8721, 4.02518, 2.42826, 3.22969, 0.5, 0.026, 4, 4, 5, 0, 0, 0, 0, 0
0010110, 15.5315, 4.7403, -0.38404, 3.41187, 0.5, 0.026, 4, 4, 5, 0, 0, 0, 0, 0
0101001, 14.1879, 6.5868, 1.01039, 3.43322, 0.5, 0.026, 4, 4, 5, 0, 0, 0, 0, 0
0011000, 12.8491, 6.19884, 0.972145, 3.35462, 0.5, 0.026, 4, 4, 5, 0, 0, 0, 0, 0
0110010, 15.6999, 9.46078, 0.148837, 3.51946, 0.5, 0.026, 4, 4, 5, 0, 0, 0, 0, 0
0100000, 15.4488, 11.5031, 3.14161, 3.35772, 0.5, 0.026, 4, 4, 5, 0, 0, 0, 0, 0
0100100, 15.6403, 10.5997, 3.15581, 3.5277, 0.5, 0.026, 4, 4, 5, 0, 0, 0, 0, 0
0101010, 13.0696, 8.05109, 0.253152, 3.34649, 0.5, 0.026, 4, 4, 5, 0, 0, 0, 0, 0
0110001, 12.5197, 10.2322, 2.87646, 3.55773, 0.5, 0.026, 4, 4, 5, 0, 0, 0, 0, 0
0110011, 12.1299, 8.74397, 0.259633, 3.36494, 0.5, 0.026, 4, 4, 5, 0, 0, 0, 0, 0
0110000, 12.0559, 11.5011, 3.14151, 3.4786, 0.5, 0.026, 4, 4, 5, 0, 0, 0, 0, 0
1101101, 18.3918, 3.21864, 2.99727, 3.71431, 0.5, 0.026, 4, 4, 5, 0, 0, 0, 0, 0
0010101, 17.9856, 2.38198, 3.05879, 3.27777, 0.5, 0.026, 4, 4, 5, 0, 0, 0, 0, 0
1110111, 18.2623, 1.44524, -0.0503683, 3.48838, 0.5, 0.026, 4, 4, 5, 0, 0, 0, 0, 0
1111101, 17.7225, 0.493037, -2.43733e-05, 3.33741, 0.5, 0.026, 4, 4, 5, 0, 0, 0, 0, 0
0001100, 19.3126, 4.94572, -0.0964202, 3.34544, 0.5, 0.026, 4, 4, 5, 0, 0, 0, 0, 0
0001110, 18.7772, 4.08206, -0.106421, 3.39416, 0.5, 0.026, 4, 4, 5, 0, 0, 0, 0, 0
0000111, 18.4977, 6.4233, -0.511115, 3.09979, 0.5, 0.026, 4, 4, 5, 0, 0, 0, 0, 0
0001111, 16.0878, 5.48162, -0.362595, 3.22981, 0.5, 0.026, 4, 4, 5, 0, 0, 0, 0, 0
0001101, 16.513, 6.29303, -0.370512, 3.3877, 0.5, 0.026, 4, 4, 5, 0, 0, 0, 0, 0
0100111, 17.0985, 7.8112, 0.164552, 3.61508, 0.5, 0.026, 4, 4, 5, 0, 0, 0, 0, 0
0000011, 18.7407, 11.5112, 8.58963e-05, 3.29554, 0.5, 0.026, 4, 4, 5, 0, 0, 0, 0, 0
0101000, 16.4654, 8.63788, 0.124352, 3.43311, 0.5, 0.026, 4, 4, 5, 0, 0, 0, 0, 0
0100101, 19.4248, 9.60831, 2.3132, 3.47889, 0.5, 0.026, 4, 4, 5, 0, 0, 0, 0, 0
0100110, 18.5587, 9.25782, 2.31507, 3.46737, 0.5, 0.026, 4, 4, 5, 0, 0, 0, 0, 0
1101100, 21.9656, 3.70454, 0.99791, 3.56079, 0.5, 0.026, 4, 4, 5, 0, 0, 0, 0, 0
1110101, 23.3973, 1.86143, -0.338151, 3.52587, 0.5, 0.026, 4, 4, 5, 0, 0, 0, 0, 0
1110011, 23.8128, 2.63045, -0.331377, 3.42802, 0.5, 0.026, 4, 4, 5, 0, 0, 0, 0, 0
1110110, 21.2635, 1.68241, -0.340775, 3.52913, 0.5, 0.026, 4, 4, 5, 0, 0, 0, 0, 0
1111100, 20.9198, 0.48884, 5.65427e-05, 3.18178, 0.5, 0.026, 4, 4, 5, 0, 0, 0, 0, 0
0100011, 20.0263, 7.579, 0.312134, 3.21659, 0.5, 0.026, 4, 4, 5, 0, 0, 0, 0, 0
0000101, 21.1435, 6.97388, 0.316427, 3.22657, 0.5, 0.026, 4, 4, 5, 0, 0, 0, 0, 0
0010100, 21.2756, 4.2918, 1.01261, 3.30887, 0.5, 0.026, 4, 4, 5, 0, 0, 0, 0, 0
0000110, 21.3995, 6.12574, 0.317063, 3.16931, 0.5, 0.026, 4, 4, 5, 0, 0, 0, 0, 0
0100001, 20.4981, 9.74251, 2.31826, 3.47063, 0.5, 0.026, 4, 4, 5, 0, 0, 0, 0, 0
1000000, 22.0697, 11.5019, 3.14155, 3.44388, 0.5, 0.026, 4, 4, 5, 0, 0, 0, 0, 0
0000010, 22.1062, 10.5834, -0.00368412, 3.22845, 0.5, 0.026, 4, 4, 5, 0, 0, 0, 0, 0
0100010, 22.8825, 9.02097, 0.730471, 3.37033, 0.5, 0.026, 4, 4, 5, 0, 0, 0, 0, 0
1111011, 24.1247, 0.495296, 0.000115849, 3.28626, 0.5, 0.026, 4, 4, 5, 0, 0, 0, 0, 0
1101011, 24.2634, 3.39674, -0.32915, 3.40352, 0.5, 0.026, 4, 4, 5, 0, 0, 0, 0, 0
1110100, 26.9808, 1.3285, 0.0240348, 3.37413, 0.5, 0.026, 4, 4, 5, 0, 0, 0, 0, 0
1111010, 27.3352, 0.490166, -0.000265247, 3.236, 0.5, 0.026, 4, 4, 5, 0, 0, 0, 0, 0
1101010, 27.4696, 3.03517, 0.0502559, 3.24401, 0.5, 0.026, 4, 4, 5, 0, 0, 0, 0, 0
1110010, 27.2014, 2.20108, 0.00243672, 3.57295, 0.5, 0.026, 4, 4, 5, 0, 0, 0, 0, 0
0010011, 24.0821, 5.33732, -0.254318, 3.48139, 0.5, 0.026, 4, 4, 5, 0, 0, 0, 0, 0
0001001, 24.3786, 7.03467, -0.219425, 3.1831, 0.5, 0.026, 4, 4, 5, 0, 0, 0, 0, 0
0001011, 24.3789, 6.15146, -0.233964, 3.05011, 0.5, 0.026, 4, 4, 5, 0, 0, 0, 0, 0
1100111, 27.1827, 5.23247, 1.46861, 3.4597, 0.5, 0.026, 4, 4, 5, 0, 0, 0, 0, 0
0010010, 24.7211, 4.16728, -0.325967, 3.36848, 0.5, 0.026, 4, 4, 5, 0, 0, 0, 0, 0
0010001, 26.3372, 5.91087, 1.45606, 3.50851, 0.5, 0.026, 4, 4, 5, 0, 0, 0, 0, 0
0000100, 24.1557, 8.96013, 0.72008, 3.34611, 0.5, 0.026, 4, 4, 5, 0, 0, 0, 0, 0
0001010, 26.5572, 8.25469, 0.442111, 3.1794, 0.5, 0.026, 4, 4, 5, 0, 0, 0, 0, 0
0000001, 25.2829, 10.6553, 0.0121817, 3.16529, 0.5, 0.026, 4, 4, 5, 0, 0, 0, 0, 0
1000001, 25.4137, 11.5116, 3.14158, 3.33688, 0.5, 0.026, 4, 4, 5, 0, 0, 0, 0, 0
1100011, 25.2831, 8.83917, 0.781877, 3.52108, 0.5, 0.026, 4, 4, 5, 0, 0, 0, 0, 0
1111001, 30.3289, 1.49068, 0.0158791, 3.3802, 0.5, 0.026, 4, 4, 5, 0, 0, 0, 0, 0
1101001, 29.1847, 3.83262, -0.299922, 3.41198, 0.5, 0.026, 4, 4, 5, 0, 0, 0, 0, 0
1011111, 30.5602, 0.510412, 0.00904149, 3.30823, 0.5, 0.026, 4, 4, 5, 0, 0, 0, 0, 0
1110001, 30.5234, 2.50447, -0.00554861, 3.28543, 0.5, 0.026, 4, 4, 5, 0, 0, 0, 0, 0
1100110, 28.4674, 6.2346, 1.28095, 3.33846, 0.5, 0.026, 4, 4, 5, 0, 0, 0, 0, 0
1010011, 29.3617, 6.02217, 1.28143, 3.35984, 0.5, 0.026, 4, 4, 5, 0, 0, 0, 0, 0
1100101, 31.6481, 6.29476, 3.0685, 3.34386, 0.5, 0.026, 4, 4, 5, 0, 0, 0, 0, 0
1101000, 31.2392, 4.47587, -0.0702608, 3.53944, 0.5, 0.026, 4, 4, 5, 0, 0, 0, 0, 0
1010010, 31.3432, 5.39811, -0.0653936, 3.27642, 0.5, 0.026, 4, 4, 5, 0, 0, 0, 0, 0
0010000, 28.3947, 8.16967, 0.50858, 3.42544, 0.5, 0.026, 4, 4, 5, 0, 0, 0, 0, 0
0001000, 28.2515, 9.67986, 0.016161, 3.31912, 0.5, 0.026, 4, 4, 5, 0, 0, 0, 0, 0
1100010, 28.5678, 10.5956, -0.00899661, 3.49141, 0.5, 0.026, 4, 4, 5, 0, 0, 0, 0, 0
0000000, 28.6378, 11.5026, 0.000154622, 3.20174, 0.5, 0.026, 4, 4, 5, 0, 0, 0, 0, 0
1100100, 30.4803, 8.53697, 1.69182, 3.46216, 0.5, 0.026, 4, 4, 5, 0, 0, 0, 0, 0
1100001, 31.9762, 10.6018, 0.00744622, 3.38465, 0.5, 0.026, 4, 4, 5, 0, 0, 0, 0, 0
1010000, 31.3996, 8.45084, 1.69738, 3.40005, 0.5, 0.026, 4, 4, 5, 0, 0, 0, 0, 0
1000010, 31.8341, 11.5032, 3.14167, 3.269, 0.5, 0.026, 4, 4, 5, 0, 0, 0, 0, 0
1110000, 32.4747, 3.4142, -0.0963341, 3.39012, 0.5, 0.026, 4, 4, 5, 0, 0, 0, 0, 0
1111000, 33.7152, 1.42444, 0.000701079, 3.4419, 0.5, 0.026, 4, 4, 5, 0, 0, 0, 0, 0
1011110, 33.8902, 0.498346, 6.39447e-06, 3.43358, 0.5, 0.026, 4, 4, 5, 0, 0, 0, 0, 0
1011101, 33.7906, 2.35114, 3.14418, 3.38245, 0.5, 0.026, 4, 4, 5, 0, 0, 0, 0, 0
1011011, 35.9899, 1.68913, 1.64635, 3.38507, 0.5, 0.026, 4, 4, 5, 0, 0, 0, 0, 0
1010001, 33.5312, 7.12213, 2.64382, 3.43667, 0.5, 0.026, 4, 4, 5, 0, 0, 0, 0, 0
1011100, 34.1877, 4.10802, 2.38913, 3.29569, 0.5, 0.026, 4, 4, 5, 0, 0, 0, 0, 0
1010110, 34.7732, 5.47413, 2.85102, 3.24633, 0.5, 0.026, 4, 4, 5, 0, 0, 0, 0, 0
1001101, 35.7528, 7.18782, 2.81669, 3.23474, 0.5, 0.026, 4, 4, 5, 0, 0, 0, 0, 0
1001100, 33.484, 8.60361, 3.07125, 3.33048, 0.5, 0.026, 4, 4, 5, 0, 0, 0, 0, 0
1001000, 33.3311, 9.55736, 3.06191, 3.24054, 0.5, 0.026, 4, 4, 5, 0, 0, 0, 0, 0
1100000, 35.292, 10.2371, -0.255069, 3.40584, 0.5, 0.026, 4, 4, 5, 0, 0, 0, 0, 0
1000011, 35.053, 11.5005, 3.14159, 3.23465, 0.5, 0.026, 4, 4, 5, 0, 0, 0, 0, 0
1010111, 36.4742, 3.85234, 2.75715, 3.36203, 0.5, 0.026, 4, 4, 5, 0, 0, 0, 0, 0
1011010, 37.8258, 2.05238, -0.556242, 3.23941, 0.5, 0.026, 4, 4, 5, 0, 0, 0, 0, 0
1011001, 38.27, 0.499786, -2.25088e-07, 3.43021, 0.5, 0.026, 4, 4, 5, 0, 0, 0, 0, 0
1011000, 39.394, 2.21288, 2.36739, 3.51017, 0.5, 0.026, 4, 4, 5, 0, 0, 0, 0, 0
1001010, 36.5343, 7.92624, 2.86332, 3.05673, 0.5, 0.026, 4, 4, 5, 0, 0, 0, 0, 0
1010100, 36.6177, 5.8378, 2.77893, 3.34133, 0.5, 0.026, 4, 4, 5, 0, 0, 0, 0, 0
1000111, 39.8412, 7.55971, 2.14368, 3.40543, 0.5, 0.026, 4, 4, 5, 0, 0, 0, 0, 0
1010101, 37.7914, 4.36623, 2.81734, 3.23888, 0.5, 0.026, 4, 4, 5, 0, 0, 0, 0, 0
1001110, 38.5981, 5.84739, 2.169, 3.25752, 0.5, 0.026, 4, 4, 5, 0, 0, 0, 0, 0
1001011, 39.0452, 6.99477, 2.13941, 3.19334, 0.5, 0.026, 4, 4, 5, 0, 0, 0, 0, 0
1001001, 36.4484, 8.93372, 2.88759, 3.19758, 0.5, 0.026, 4, 4, 5, 0, 0, 0, 0, 0
1000110, 37.6508, 10.0065, 2.27685, 3.27548, 0.5, 0.026, 4, 4, 5, 0, 0, 0, 0, 0
1000100, 38.9306, 11.5002, 3.1416, 3.56033, 0.5, 0.026, 4, 4, 5, 0, 0, 0, 0, 0
1000101, 39.3974, 9.70767, 2.40768, 3.44135, 0.5, 0.026, 4, 4, 5, 0, 0, 0, 0, 0
1001111, 40.0864, 4.29221, 1.31692, 3.26907, 0.5, 0.026, 4, 4, 5, 0, 0, 0, 0, 0

