1, 23.5, 5.75, 1.5708, 2, 0.5, 0.013, 4, 4.09656, 5, 0, 0, 0, 0, 0
0, 22, 6, 0, 2, 0.5, 0.013, 4, 4.09221, 5, 0, 0, 0, 0, 0

1, 23.5295, 5.75, 1.57079, 2.13432, 0.5, 0.013, 4, 4.09656, 5, 0.00640843, -3.2047e-08, -1.20672e-07, 0.000982603, -1.27703e-08
0, 21.9705, 6, 4.13383e-11, 2.13432, 0.5, 0.013, 4, 4.09221, 5, -0.00640843, 3.2047e-08, 1.69189e-12, -0.000982603, 1.27703e-08

1, 23.5653, 5.75, 1.57078, 2.27766, 0.5, 0.013, 4, 4.09656, 5, 0.00737916, -7.71135e-08, -1.07625e-07, 0.000205241, -9.94977e-09
0, 21.9347, 6, 1.61886e-10, 2.27766, 0.5, 0.013, 4, 4.09221, 5, -0.00737916, 7.71135e-08, 3.22826e-12, -0.000205241, 9.94977e-09

1, 23.6034, 5.75, 1.57078, 2.43062, 0.5, 0.013, 4, 4.09656, 5, 0.00787101, -1.221e-07, -9.92755e-08, 0.000110477, -9.44768e-09
0, 21.8966, 6, 3.60426e-10, 2.43062, 0.5, 0.013, 4, 4.09221, 5, -0.00787101, 1.221e-07, 4.78794e-12, -0.000110477, 9.44768e-09

1, 23.644, 5.75, 1.57077, 2.59386, 0.5, 0.013, 4, 4.09656, 5, 0.0083927, -1.70126e-07, -9.29812e-08, 0.000109508, -9.96368e-09
0, 21.856, 6, 6.40101e-10, 2.59386, 0.5, 0.013, 4, 4.09221, 5, -0.0083927, 1.70126e-07, 6.41818e-12, -0.000109508, 9.96368e-09

1, 23.6874, 5.75, 1.57077, 2.76806, 0.5, 0.013, 4, 4.09656, 5, 0.00895533, -2.21589e-07, -8.72656e-08, 0.000116541, -1.065e-08
0, 21.8126, 6, 1.00225e-09, 2.76806, 0.5, 0.013, 4, 4.09221, 5, -0.00895533, 2.21589e-07, 8.07203e-12, -0.000116541, 1.065e-08

1, 23.7336, 5.75, 1.57077, 2.95396, 0.5, 0.013, 4, 4.09656, 5, 0.00955722, -2.76665e-07, -8.19225e-08, 0.000124421, -1.13918e-08
0, 21.7664, 6, 1.44726e-09, 2.95396, 0.5, 0.013, 4, 4.09221, 5, -0.00955722, 2.76665e-07, 9.72849e-12, -0.000124421, 1.13918e-08

1, 23.783, 5.74999, 1.57076, 3.15235, 0.5, 0.013, 4, 4.09656, 5, 0.0101999, -3.35576e-07, -7.69117e-08, 0.000132794, -1.21827e-08
0, 21.717, 6.00001, 1.97491e-09, 3.15235, 0.5, 0.013, 4, 4.09221, 5, -0.0101999, 3.35576e-07, 1.13753e-11, -0.000132794, 1.21827e-08

1, 23.8357, 5.74999, 1.57076, 3.36406, 0.5, 0.013, 4, 4.09656, 5, 0.0108858, -3.98571e-07, -7.22111e-08, 0.000141714, -1.30261e-08
0, 21.6643, 6.00001, 2.58447e-09, 3.36406, 0.5, 0.013, 4, 4.09221, 5, -0.0108858, 3.98571e-07, 1.30033e-11, -0.000141714, 1.30261e-08

1, 23.892, 5.74999, 1.57075, 3.58998, 0.5, 0.013, 4, 4.09656, 5, 0.0116179, -4.65925e-07, -6.78016e-08, 0.000151232, -1.3926e-08
0, 21.608, 6.00001, 3.27481e-09, 3.58998, 0.5, 0.013, 4, 4.09221, 5, -0.0116179, 4.65925e-07, 1.46054e-11, -0.000151232, 1.3926e-08

1, 23.952, 5.74999, 1.57075, 3.83108, 0.5, 0.013, 4, 4.09656, 5, 0.0123991, -5.3793e-07, -6.36655e-08, 0.000161392, -1.48865e-08
0, 21.548, 6.00001, 4.04448e-09, 3.83108, 0.5, 0.013, 4, 4.09221, 5, -0.0123991, 5.3793e-07, 1.61757e-11, -0.000161392, 1.48865e-08

0, 21.484, 6.00001, 4.89177e-09, 4.08837, 0.5, 0.013, 4, 4.09221, 5, -0.0132328, 6.14892e-07, 1.771e-11, -0.00017225, 1.59123e-08
1, 24.016, 5.74999, 1.57075, 4.08837, 0.5, 0.013, 4, 4.09656, 5, 0.0132327, -6.14889e-07, -5.97857e-08, 0.000172273, -1.59133e-08

10, 23.8996, 6.97925, 1.57085, 2.23225, 0.5, 0.013, 4, 4.09656, 5, -0.034388, 0.0279631, 1.92376e-06, -0.00535577, 0.000489781
01, 20.2931, 6.00775, 0.0508974, 2.15937, 0.5, 0.013, 4, 3.98045, 5, -0.0442732, 0.002846, 1.91589e-07, 0.00210574, 0.000854135
00, 22.4452, 5.90619, -3.83956e-05, 2.20357, 0.5, 0.013, 4, 4.09221, 5, -0.0272433, -0.0300474, -8.94717e-07, 0.0022259, -0.00195198
11, 24.2845, 4.80138, 1.51158, 2.13069, 0.5, 0.013, 4, 3.95788, 5, 0.0640024, -0.00065266, 0, 0.000379238, 0.000581608

10, 23.6759, 7.13443, 1.57093, 2.38217, 0.5, 0.013, 4, 4.09656, 5, -0.0576773, 0.0320607, 1.06119e-06, -0.00493144, 0.000265245
01, 20.0869, 6.0326, 0.0509098, 2.30439, 0.5, 0.013, 4, 3.98045, 5, -0.0325189, 0.00551748, 2.2267e-07, 0.00323346, -4.54543e-05
00, 22.3407, 5.72711, -8.59584e-05, 2.35156, 0.5, 0.013, 4, 4.09221, 5, -0.0168473, -0.0375603, -9.61933e-07, 0.00165834, -0.000236503
11, 24.6062, 4.80065, 1.51158, 2.27379, 0.5, 0.013, 4, 3.95788, 5, 0.0644244, -5.3947e-06, 0, 5.22611e-06, 8.01488e-06

01, 19.9613, 6.05503, 0.0509173, 2.45915, 0.5, 0.013, 4, 3.98045, 5, -0.0192264, 0.00306474, 9.34683e-08, 0.00137539, -0.000420722
10, 23.3212, 7.27752, 1.57096, 2.54215, 0.5, 0.013, 4, 4.09656, 5, -0.0830711, 0.0224516, 1.74933e-07, -0.00412153, -0.00366173
00, 22.2856, 5.56173, -0.000124819, 2.50949, 0.5, 0.013, 4, 4.09221, 5, -0.00485768, -0.0254543, -5.03284e-07, 0.00270584, 0.00410869
11, 24.9283, 4.80066, 1.51158, 2.42649, 0.5, 0.013, 4, 3.95788, 5, 0.0644309, 4.57948e-06, 0, 1.15218e-07, 1.76701e-07

01, 19.8704, 6.07084, 0.050924, 2.62431, 0.5, 0.013, 4, 3.98045, 5, -0.0190774, 0.00440586, 1.83974e-07, -0.000277462, 0.000388044
10, 22.8707, 7.33657, 1.57096, 2.71288, 0.5, 0.013, 4, 4.09656, 5, -0.0937212, 0.00451111, 4.68384e-10, -0.000452024, 0.00100496
00, 22.2906, 5.48747, -0.000128902, 2.67803, 0.5, 0.013, 4, 4.09221, 5, 0.00540437, -0.00881293, 2.13101e-08, 0.000711193, -0.00146662
11, 25.2505, 4.80068, 1.51158, 2.58946, 0.5, 0.013, 4, 3.95788, 5, 0.0644311, 4.82323e-06, 0, 3.78825e-09, 5.80974e-09

01, 19.782, 6.0888, 0.0509299, 2.80055, 0.5, 0.013, 4, 3.98045, 5, -0.0170223, 0.00343358, 1.52765e-07, -0.000354911, 0.000502259
10, 22.3995, 7.37268, 1.57096, 2.89507, 0.5, 0.013, 4, 4.09656, 5, -0.0944508, 0.00756662, 4.91265e-10, -2.60602e-05, 1.70163e-05
00, 22.3132, 5.43341, -0.000129008, 2.85788, 0.5, 0.013, 4, 4.09221, 5, 0.00405762, -0.0109986, 1.20344e-07, 0.000363916, -0.000507063
11, 25.5726, 4.80071, 1.51158, 2.76336, 0.5, 0.013, 4, 3.95788, 5, 0.0644311, 4.83204e-06, 0, 1.75589e-10, 2.69288e-10

01, 19.6981, 6.1066, 0.0509359, 2.98863, 0.5, 0.013, 4, 3.98045, 5, -0.016118, 0.00320934, 1.03057e-07, 0.000207211, -8.31147e-05
10, 21.9271, 7.41192, 1.57096, 3.08951, 0.5, 0.013, 4, 4.09656, 5, -0.0944961, 0.00841744, 5.05484e-10, -1.83618e-06, 0.000275148
00, 22.3324, 5.37633, -0.000121072, 3.04982, 0.5, 0.013, 4, 4.09221, 5, 0.00320104, -0.0116456, 2.13998e-07, -0.000206685, -0.000192386
11, 25.8948, 4.80073, 1.51158, 2.94895, 0.5, 0.013, 4, 3.95788, 5, 0.0644311, 4.83249e-06, 0, 1.09606e-11, 1.68094e-11

01, 19.5018, 6.09907, 0.0509282, 3.18935, 0.5, 0.013, 4, 3.98045, 5, -0.0879886, -0.0116066, -4.04704e-08, 0.028928, 0.00437998
10, 21.5699, 7.47309, 1.57104, 3.29699, 0.5, 0.013, 4, 4.09656, 5, -0.0223798, 0.0177405, 3.22955e-07, -0.0264138, -0.00692594
00, 22.3449, 5.32191, -0.000112188, 3.25464, 0.5, 0.013, 4, 4.09221, 5, 0.00131219, -0.00641036, 0, -0.000423834, 0.00293023
11, 26.2169, 4.80076, 1.51158, 3.14699, 0.5, 0.013, 4, 3.95788, 5, 0.0644311, 4.83252e-06, 0, 8.87319e-13, 1.36081e-12

01, 19.1808, 6.05799, 0.0509206, 3.40354, 0.5, 0.013, 4, 3.98045, 5, -0.0692859, -0.00940569, -8.58877e-08, 0.0132918, 0.00216561
10, 21.3489, 7.5453, 1.57111, 3.51842, 0.5, 0.013, 4, 4.09656, 5, -0.0387509, 0.0176346, 6.94357e-07, -0.0125494, -0.00416661
00, 22.3486, 5.29048, -0.000103462, 3.47322, 0.5, 0.013, 4, 4.09221, 5, 0.000457285, -0.00828826, 7.47647e-08, -4.74965e-05, 0.00216697
11, 26.5391, 4.80078, 1.51158, 3.35834, 0.5, 0.013, 4, 3.95788, 5, 0.0644311, 4.83252e-06, 0, 9.02804e-14, 1.38456e-13

01, 18.8577, 6.01413, 0.0509119, 3.63212, 0.5, 0.013, 4, 3.98045, 5, -0.064313, -0.0087983, -1.34733e-07, 0.00468592, 0.000783972
10, 21.1331, 7.6244, 1.57118, 3.75471, 0.5, 0.013, 4, 4.09656, 5, -0.043337, 0.0167695, 1.08666e-06, -0.00449264, -0.000882041
00, 22.3505, 5.25521, -9.44384e-05, 3.70647, 0.5, 0.013, 4, 4.09221, 5, 0.000353741, -0.00796673, 2.00552e-07, -6.68676e-06, 0.000138093
11, 26.8613, 4.80081, 1.51158, 3.58389, 0.5, 0.013, 4, 3.95788, 5, 0.0644311, 4.83252e-06, 0, 1.12432e-14, 1.72429e-14

01, 18.5295, 5.96881, 0.0509029, 3.87605, 0.5, 0.013, 4, 3.98045, 5, -0.0652122, -0.00900033, -1.62864e-07, 0.00100478, 0.000184843
10, 20.9227, 7.70964, 1.57125, 4.00687, 0.5, 0.013, 4, 4.09656, 5, -0.0424437, 0.017177, 1.32375e-06, -0.000972535, 6.96863e-05
00, 22.3523, 5.21528, -8.35462e-05, 3.9554, 0.5, 0.013, 4, 4.09221, 5, 0.000338613, -0.00816389, 2.41625e-07, -1.18031e-06, -0.000250823
11, 27.1834, 4.80083, 1.51158, 3.82458, 0.5, 0.013, 4, 3.95788, 5, 0.0644311, 4.83252e-06, 0, 1.67578e-15, 2.57001e-15

011, 17.2121, 5.87695, 0.0261632, 2.06805, 0.5, 0.013, 4, 4.07675, 5, -0.067015, -0.00755353, -2.77491e-08, -0.00120558, -9.0425e-07
010, 19.2617, 5.98093, 0.0508966, 2.06831, 0.5, 0.013, 4, 3.98045, 5, -0.0425604, -0.00786833, -1.25964e-07, 0.00331488, 0.000487087
001, 21.2429, 5.18153, -0.0223969, 2.14157, 0.5, 0.013, 4, 3.93851, 5, -0.0171139, -0.00465351, -1.45114e-08, 0.00551861, 0.000303018
101, 20.7459, 6.78207, 1.58809, 2.10761, 0.5, 0.013, 4, 3.90208, 5, -0.0198869, 0.00432946, 5.97019e-07, 0.00030663, 0.00599689
000, 23.3426, 5.18195, -7.93319e-05, 2.07947, 0.5, 0.013, 4, 4.09221, 5, 0.0180217, -0.00428666, -5.47739e-09, -0.00606155, 0.000135053
100, 20.5866, 8.89757, 1.57127, 2.16836, 0.5, 0.013, 4, 4.09656, 5, -0.0955321, 0.0184972, -6.47872e-08, -0.00295931, -0.00675438
111, 27.4403, 3.70745, 1.54135, 2.08289, 0.5, 0.013, 4, 3.94521, 5, 0.0631783, -0.0165225, 1.86727e-08, 0.000388364, 0.00521441
110, 27.5613, 5.73375, 1.51158, 1.99854, 0.5, 0.013, 4, 3.95788, 5, 0.0657055, 0.016814, 6.82955e-09, -0.000444279, -0.00595594

011, 16.8848, 5.84005, 0.0261621, 2.20694, 0.5, 0.013, 4, 4.07675, 5, -0.0654092, -0.00735417, -2.33978e-08, -0.00024975, -1.50557e-05
010, 19.0746, 5.94855, 0.0508925, 2.20721, 0.5, 0.013, 4, 3.98045, 5, -0.0366021, -0.00631039, -9.83506e-08, -0.000727524, -0.000267714
001, 21.1746, 5.15943, -0.0223978, 2.2854, 0.5, 0.013, 4, 3.93851, 5, -0.0138212, -0.00438427, -1.94412e-08, 0.000185345, -2.57467e-06
101, 20.6285, 6.82785, 1.58811, 2.24915, 0.5, 0.013, 4, 3.90208, 5, -0.0247337, 0.016677, 4.67944e-07, 0.000109721, 0.00302419
000, 23.4143, 5.16125, -7.96947e-05, 2.21912, 0.5, 0.013, 4, 4.09221, 5, 0.0144738, -0.00407135, -8.32617e-09, -0.000183352, 8.39587e-06
100, 20.0909, 8.95601, 1.57127, 2.31399, 0.5, 0.013, 4, 4.09656, 5, -0.0991383, 0.00386327, -3.1526e-08, 0.000807242, -0.00277763
111, 27.7572, 3.64007, 1.54135, 2.22278, 0.5, 0.013, 4, 3.94521, 5, 0.0633376, -0.0136657, 2.56475e-08, -1.63854e-05, -3.72439e-05
110, 27.8887, 5.80118, 1.51158, 2.13276, 0.5, 0.013, 4, 3.95788, 5, 0.0655233, 0.0136447, 1.09078e-08, 1.78163e-05, 5.39658e-05

011, 16.5539, 5.80308, 0.0261609, 2.35516, 0.5, 0.013, 4, 4.07675, 5, -0.0668824, -0.00741614, -2.33946e-08, -0.000309071, -5.14436e-06
010, 18.8911, 5.91471, 0.0508869, 2.35545, 0.5, 0.013, 4, 3.98045, 5, -0.0363539, -0.00724719, -1.29174e-07, 0.000240647, -0.000205776
100, 19.602, 8.95706, 1.57127, 2.46939, 0.5, 0.013, 4, 4.09656, 5, -0.0972533, -0.00107483, 0, 4.18119e-05, -0.000103733
001, 21.1013, 5.13733, -0.0223989, 2.43888, 0.5, 0.013, 4, 3.93851, 5, -0.0151681, -0.00445526, -2.40228e-08, -0.000319184, -1.80771e-05
101, 20.5021, 6.93144, 1.58813, 2.4002, 0.5, 0.013, 4, 3.90208, 5, -0.0253897, 0.0224173, 4.96384e-07, 3.40626e-05, 0.000298075
000, 23.491, 5.1411, -8.0201e-05, 2.36816, 0.5, 0.013, 4, 4.09221, 5, 0.0158477, -0.00399263, -1.1539e-08, 0.000325841, 1.83813e-05
111, 28.0734, 3.56775, 1.54135, 2.37206, 0.5, 0.013, 4, 3.94521, 5, 0.0631536, -0.0149619, 3.14168e-08, -4.17559e-05, -0.000281671
110, 28.2168, 5.87355, 1.51158, 2.27599, 0.5, 0.013, 4, 3.95788, 5, 0.0657104, 0.0149745, 1.52393e-08, 4.23658e-05, 0.000287587

011, 16.2164, 5.76608, 0.0261599, 2.51333, 0.5, 0.013, 4, 4.07675, 5, -0.0681012, -0.00736066, -1.83379e-08, -0.00023046, 2.61525e-05
010, 18.7116, 5.87551, 0.0508795, 2.51364, 0.5, 0.013, 4, 3.98045, 5, -0.0354531, -0.00848445, -1.65105e-07, 0.000190471, -0.000279762
100, 19.116, 8.95114, 1.57127, 2.63523, 0.5, 0.013, 4, 4.09656, 5, -0.0971941, -0.00122174, 0, 1.51572e-06, -3.76041e-06
001, 21.0226, 5.11484, -0.0224002, 2.60268, 0.5, 0.013, 4, 3.93851, 5, -0.0162642, -0.00454734, -2.77041e-08, -0.000227934, -2.11873e-05
101, 20.3759, 7.04685, 1.58816, 2.5614, 0.5, 0.013, 4, 3.90208, 5, -0.0251176, 0.0237159, 4.96708e-07, 3.92686e-05, 0.000255976
000, 23.5731, 5.12136, -8.08536e-05, 2.5272, 0.5, 0.013, 4, 4.09221, 5, 0.0169459, -0.00390003, -1.47878e-08, 0.000228333, 2.1274e-05
111, 28.3887, 3.49041, 1.54135, 2.53136, 0.5, 0.013, 4, 3.94521, 5, 0.062963, -0.0159737, 3.66856e-08, -4.19025e-05, -0.000205216
110, 28.5459, 5.95096, 1.51158, 2.42885, 0.5, 0.013, 4, 3.95788, 5, 0.0659016, 0.0159868, 1.99664e-08, 4.20278e-05, 0.000205053

011, 15.8731, 5.72976, 0.0261592, 2.68212, 0.5, 0.013, 4, 4.07675, 5, -0.0692041, -0.00713445, -6.7698e-09, -0.000201856, 6.69189e-05
010, 18.537, 5.82938, 0.0508705, 2.68245, 0.5, 0.013, 4, 3.98045, 5, -0.0343085, -0.0100096, -1.95572e-07, 0.000258789, -0.000331734
100, 18.63, 8.94501, 1.57127, 2.81221, 0.5, 0.013, 4, 4.09656, 5, -0.0971917, -0.00122759, 0, 7.64409e-08, -1.89646e-07
001, 20.9386, 5.09181, -0.0224017, 2.77747, 0.5, 0.013, 4, 3.93851, 5, -0.0173668, -0.00466775, -3.23633e-08, -0.000227063, -2.76458e-05
101, 20.2504, 7.16866, 1.58818, 2.73342, 0.5, 0.013, 4, 3.90208, 5, -0.0251572, 0.025018, 4.78318e-07, -5.60244e-05, 0.000264846
000, 23.6605, 5.10215, -8.16936e-05, 2.69692, 0.5, 0.013, 4, 4.09221, 5, 0.018049, -0.00377916, -1.90189e-08, 0.000227121, 2.77522e-05
111, 28.703, 3.40797, 1.54136, 2.70137, 0.5, 0.013, 4, 3.94521, 5, 0.0627302, -0.0170186, 4.33818e-08, -5.17827e-05, -0.000214164
110, 28.8759, 6.03346, 1.51158, 2.59197, 0.5, 0.013, 4, 3.95788, 5, 0.0661353, 0.0170323, 2.61184e-08, 5.19893e-05, 0.000214234

011, 15.5137, 5.69443, 0.026159, 2.86225, 0.5, 0.013, 4, 4.07675, 5, -0.0759583, -0.00720865, -1.19262e-08, 0.000850459, -5.38588e-05
010, 18.3552, 5.80529, 0.050876, 2.8626, 0.5, 0.013, 4, 3.98045, 5, -0.0370307, -0.0018657, -5.99197e-08, -0.00110281, -0.00262461
100, 18.1441, 8.93888, 1.57127, 3.00108, 0.5, 0.013, 4, 4.09656, 5, -0.0971916, -0.00122791, 0, 5.13558e-09, -1.27411e-08
001, 20.8622, 5.03857, -0.0223889, 2.964, 0.5, 0.013, 4, 3.93851, 5, -0.0158643, -0.0154485, 1.67629e-07, 0.000106936, 0.00126404
101, 20.1239, 7.297, 1.5882, 2.91699, 0.5, 0.013, 4, 3.90208, 5, -0.0238649, 0.027082, 6.15834e-07, 0.00165034, 0.00113372
000, 23.7643, 5.08443, -8.33912e-05, 2.87804, 0.5, 0.013, 4, 4.09221, 5, 0.0247089, -0.0030414, -4.91347e-08, -0.00154259, 0.000128838
111, 29.0159, 3.32013, 1.54136, 2.88279, 0.5, 0.013, 4, 3.94521, 5, 0.0624381, -0.0181303, 5.17538e-08, -6.54488e-05, -0.000227996
110, 29.2073, 6.12137, 1.51158, 2.76604, 0.5, 0.013, 4, 3.95788, 5, 0.0664288, 0.0181452, 3.40371e-08, 6.57609e-05, 0.000228234

011, 15.1406, 5.65774, 0.0261581, 3.05447, 0.5, 0.013, 4, 4.07675, 5, -0.0749268, -0.00751914, -2.36073e-08, -0.000942961, -0.000113771
010, 18.1724, 5.78758, 0.0508766, 3.05485, 0.5, 0.013, 4, 3.98045, 5, -0.03617, -0.00350083, -5.25094e-09, 0.000457607, -0.000388908
100, 17.6581, 8.93274, 1.57127, 3.20263, 0.5, 0.013, 4, 4.09656, 5, -0.0971916, -0.00122793, 0, 4.43447e-10, -1.10017e-09
001, 20.7854, 4.96523, -0.0223798, 3.16306, 0.5, 0.013, 4, 3.93851, 5, -0.0162546, -0.0160146, 1.94393e-07, 0.000197045, -0.000427237
101, 20.004, 7.43478, 1.58823, 3.1129, 0.5, 0.013, 4, 3.90208, 5, -0.0237611, 0.0283188, 5.42154e-07, 0.000643181, 0.000674803
000, 23.8769, 5.07162, -8.69687e-05, 3.07133, 0.5, 0.013, 4, 4.09221, 5, 0.023124, -0.00182217, -9.43605e-08, -0.000387841, 0.000239401
111, 29.3272, 3.22657, 1.54136, 3.07639, 0.5, 0.013, 4, 3.94521, 5, 0.0620678, -0.0193016, 6.2288e-08, -8.34752e-05, -0.000239709
110, 29.5403, 6.21501, 1.51159, 2.9518, 0.5, 0.013, 4, 3.95788, 5, 0.0668009, 0.0193178, 4.42461e-08, 8.39191e-05, 0.000239969

011, 14.7615, 5.61918, 0.0261568, 3.25961, 0.5, 0.013, 4, 4.07675, 5, -0.0758242, -0.00782813, -2.86699e-08, -0.000201184, -4.52575e-05
101, 19.8876, 7.58155, 1.58825, 3.32196, 0.5, 0.013, 4, 3.90208, 5, -0.0234703, 0.0300154, 4.88025e-07, -3.96228e-05, 0.000331233
010, 17.9982, 5.76404, 0.0508737, 3.26001, 0.5, 0.013, 4, 3.98045, 5, -0.0337118, -0.00565224, -9.61374e-08, 0.000609631, -0.000469153
100, 17.1722, 8.9266, 1.57127, 3.41771, 0.5, 0.013, 4, 4.09656, 5, -0.0971916, -0.00122793, 0, 4.77611e-11, -1.18493e-10
001, 20.7025, 4.88327, -0.0223732, 3.37549, 0.5, 0.013, 4, 3.93851, 5, -0.0173498, -0.016827, 8.9487e-08, -0.000139436, -0.000136522
000, 23.9896, 5.06607, -9.29839e-05, 3.2776, 0.5, 0.013, 4, 4.09221, 5, 0.0223872, -0.00027985, -1.45003e-07, -0.0002353, 0.000314473
111, 29.6364, 3.12702, 1.54136, 3.283, 0.5, 0.013, 4, 3.94521, 5, 0.0615931, -0.0205251, 7.56809e-08, -0.000107599, -0.000249175
110, 29.8755, 6.31464, 1.51159, 3.15005, 0.5, 0.013, 4, 3.95788, 5, 0.0672783, 0.0205427, 5.74733e-08, 0.000108228, 0.000249404

011, 14.3805, 5.57975, 0.0261554, 3.47852, 0.5, 0.013, 4, 4.07675, 5, -0.0762851, -0.00786898, -2.2992e-08, 9.99023e-05, 4.00745e-05
101, 19.7702, 7.73664, 1.58828, 3.54505, 0.5, 0.013, 4, 3.90208, 5, -0.0239546, 0.0317693, 4.33883e-07, -0.000336276, 0.000218489
010, 17.8363, 5.72789, 0.050866, 3.47895, 0.5, 0.013, 4, 3.98045, 5, -0.0308616, -0.00881222, -2.03685e-07, 0.00063314, -0.000732778
100, 16.6862, 8.92046, 1.57127, 3.64724, 0.5, 0.013, 4, 4.09656, 5, -0.0971916, -0.00122793, 0, 6.25613e-12, -1.55211e-11
001, 20.6132, 4.79792, -0.0223716, 3.60218, 0.5, 0.013, 4, 3.93851, 5, -0.018465, -0.0171899, -3.37118e-08, -0.000187084, 0.000100599
000, 24.0993, 5.06899, -0.000101595, 3.49772, 0.5, 0.013, 4, 4.09221, 5, 0.0216022, 0.00151095, -1.98134e-07, -0.000207191, 0.000367527
111, 29.9429, 3.02125, 1.54137, 3.50348, 0.5, 0.013, 4, 3.94521, 5, 0.0609779, -0.0217871, 9.28539e-08, -0.000140061, -0.000254722
110, 30.2134, 6.4205, 1.51159, 3.3616, 0.5, 0.013, 4, 3.95788, 5, 0.0678972, 0.0218056, 7.4688e-08, 0.000140953, 0.000254858

011, 14.0003, 5.54129, 0.0261547, 3.71213, 0.5, 0.013, 4, 4.07675, 5, -0.0757108, -0.00742203, -1.57481e-09, 0.000216157, 0.00014721
101, 19.6449, 7.8974, 1.5883, 3.78314, 0.5, 0.013, 4, 3.90208, 5, -0.0265224, 0.032248, 3.11324e-07, -0.000734655, -0.000109702
010, 17.691, 5.67335, 0.0508532, 3.7126, 0.5, 0.013, 4, 3.98045, 5, -0.0271272, -0.0130822, -2.99515e-07, 0.000777655, -0.000890817
100, 16.2003, 8.91432, 1.57127, 3.89219, 0.5, 0.013, 4, 4.09656, 5, -0.0971916, -0.00122793, 0, 9.75407e-13, -2.41993e-12
001, 20.5184, 4.71462, -0.0223777, 3.8441, 0.5, 0.013, 4, 3.93851, 5, -0.0194363, -0.0159202, -2.20701e-07, -0.000136762, 0.000405171
000, 24.2052, 5.08149, -0.000112939, 3.73262, 0.5, 0.013, 4, 4.09221, 5, 0.0208509, 0.00356127, -2.56427e-07, -0.000119718, 0.000444878
111, 30.2459, 2.90913, 1.54137, 3.73877, 0.5, 0.013, 4, 3.94521, 5, 0.0601739, -0.0230601, 1.14996e-07, -0.000183677, -0.000252785
110, 30.5548, 6.53271, 1.5116, 3.58736, 0.5, 0.013, 4, 3.95788, 5, 0.0687066, 0.0230788, 9.71516e-08, 0.00018494, 0.000252712

1001, 15.7148, 7.79847, 1.57524, 2.11717, 0.5, 0.013, 4, 4.08402, 5, -0.0972112, -0.0122808, 6.72865e-09, -3.03823e-05, -0.0166043
011, 13.6262, 5.50635, 0.0261553, 3.96144, 0.5, 0.013, 4, 4.07675, 5, -0.0726165, -0.00657169, 1.60779e-08, 0.00139301, 0.000127664
1000, 15.7139, 9.85501, 1.57127, 2.03642, 0.5, 0.013, 4, 4.09656, 5, -0.0971708, 0.0104451, 2.46289e-09, 3.16607e-05, 0.0172872
1011, 19.5209, 7.06468, 1.60887, 2.0069, 0.5, 0.013, 4, 3.92057, 5, -0.0287531, 0.0109954, 2.78106e-08, 0.000403252, 0.00805564
0011, 19.4094, 4.65083, -0.0619574, 2.00025, 0.5, 0.013, 4, 3.99572, 5, -0.0348768, -0.0157473, 0, 0.0152994, 0.000362407
010, 17.5697, 5.61784, 0.0508504, 3.96193, 0.5, 0.013, 4, 3.98045, 5, -0.0212469, -0.00685699, 5.74569e-09, 3.54716e-05, 0.000469077
1010, 19.4709, 9.07063, 1.5883, 2.03031, 0.5, 0.013, 4, 3.90208, 5, -0.037538, 0.0405929, -2.2092e-09, -0.000632755, -0.00788442
0010, 21.505, 4.53886, -0.0224185, 2.10202, 0.5, 0.013, 4, 3.93851, 5, 0.00511723, -0.0122368, 0, -0.00432634, 0.00723094
000, 24.3915, 5.15528, -0.000145512, 3.9833, 0.5, 0.013, 4, 4.09221, 5, 0.0297338, 0.0119432, 0, -0.00980439, -0.00535211
1111, 30.5147, 1.78751, 1.55735, 2.00304, 0.5, 0.013, 4, 4.06922, 5, 0.0589998, -0.0291873, 1.23245e-08, -0.000417941, -0.00831221
1110, 30.5746, 3.7696, 1.54138, 1.98683, 0.5, 0.013, 4, 3.94521, 5, 0.0627524, -0.00467352, 4.65504e-09, 0.00261919, 0.0184702
110, 30.9001, 6.64821, 1.5116, 3.82828, 0.5, 0.013, 4, 3.95788, 5, 0.0682108, 0.0177015, 2.17113e-11, -0.00132911, -0.00628309

0111, 12.2721, 5.4462, -0.0180049, 2.10942, 0.5, 0.013, 4, 4.08781, 5, -0.0719925, -0.00711702, -2.09012e-08, 0.00649387, 0.000311181
1001, 15.2287, 7.71916, 1.57524, 2.25935, 0.5, 0.013, 4, 4.08402, 5, -0.0972264, -0.0164356, 3.56899e-09, -2.73358e-07, 0.000648004
0110, 14.3757, 5.50283, 0.0261549, 2.11806, 0.5, 0.013, 4, 4.07675, 5, -0.0425923, -0.00559184, -5.55885e-09, -0.0117318, -0.000404767
1000, 15.228, 9.9229, 1.57127, 2.17318, 0.5, 0.013, 4, 4.09656, 5, -0.0971564, 0.0140326, 1.52227e-09, 3.68838e-08, -0.000754537
0101, 16.4591, 5.52965, -0.00983299, 2.06529, 0.5, 0.013, 4, 3.90144, 5, -0.0453787, -0.00893236, -8.49478e-08, 0.000426733, -0.000343824
1011, 19.4093, 7.16432, 1.60888, 2.14168, 0.5, 0.013, 4, 3.92057, 5, -0.0266587, 0.0114628, -5.54941e-08, 0.000737002, -0.00684251
0011, 19.297, 4.55159, -0.0619492, 2.13459, 0.5, 0.013, 4, 3.99572, 5, -0.0196904, -0.016414, 0, 7.61839e-05, 0.000913836
0100, 18.5499, 5.61295, 0.0508293, 2.16272, 0.5, 0.013, 4, 3.98045, 5, -0.016353, -0.00218394, -4.83378e-08, 0.00549742, -0.000102197
1010, 19.2762, 9.29269, 1.5883, 2.16666, 0.5, 0.013, 4, 3.90208, 5, -0.0398053, 0.0405893, -9.08022e-08, -0.000942377, 0.00640506
0001, 23.3837, 5.17714, -0.0515726, 2.14075, 0.5, 0.013, 4, 4.06591, 5, -0.000895194, 0.00430304, -4.9532e-07, 0.0120965, 0.00781483
0010, 21.5113, 4.50779, -0.0224202, 2.24319, 0.5, 0.013, 4, 3.93851, 5, -0.00262313, -0.00752413, -4.53383e-07, -0.00708246, -0.00729635
0000, 25.4988, 5.17806, -0.000146051, 2.11006, 0.5, 0.013, 4, 4.09221, 5, 0.0249965, 0.00186175, -9.97895e-09, -0.00538427, -0.000303867
1111, 30.8071, 1.5887, 1.55735, 2.13756, 0.5, 0.013, 4, 4.06922, 5, 0.0585165, -0.0389036, 3.38953e-09, 0.000381772, 0.00936593
1110, 30.868, 3.71134, 1.54139, 2.12026, 0.5, 0.013, 4, 3.94521, 5, 0.0564505, -0.0188948, 3.48438e-07, -0.00190729, -0.0128764
1101, 31.2022, 5.73436, 1.47238, 2.05403, 0.5, 0.013, 4, 3.95602, 5, 0.0783436, 0.0169346, 1.79763e-07, 0.00304515, 0.0239348
1100, 31.2956, 7.75652, 1.5116, 2.03136, 0.5, 0.013, 4, 3.95788, 5, 0.0644737, 0.0384384, -3.97499e-08, -0.00134808, -0.0202747

0111, 11.8558, 5.40691, -0.0180092, 2.25109, 0.5, 0.013, 4, 4.08781, 5, -0.0886829, -0.00834916, -9.22211e-08, 0.0015066, -9.76399e-06
1001, 14.7426, 7.63887, 1.57524, 2.41109, 0.5, 0.013, 4, 4.08402, 5, -0.0972373, -0.0164828, 4.15703e-09, -2.52854e-06, -4.30447e-05
0110, 14.0885, 5.4775, 0.0261543, 2.26031, 0.5, 0.013, 4, 4.07675, 5, -0.0579991, -0.00433677, -6.74487e-09, 0.000685593, 0.000197052
1000, 14.7423, 9.99092, 1.57127, 2.31913, 0.5, 0.013, 4, 4.09656, 5, -0.0971456, 0.0140213, 2.02413e-09, 2.52558e-06, 3.78136e-05
0101, 16.2997, 5.48041, -0.00983992, 2.20399, 0.5, 0.013, 4, 3.90144, 5, -0.0303641, -0.010552, -1.1517e-07, 0.00113124, -2.15836e-05
1011, 19.2864, 7.23884, 1.60888, 2.28552, 0.5, 0.013, 4, 3.92057, 5, -0.0240889, 0.0156585, -8.14496e-08, -0.000278923, -0.000341207
0011, 19.1742, 4.473, -0.0619503, 2.27794, 0.5, 0.013, 4, 3.99572, 5, -0.0290215, -0.0156192, -1.87772e-08, 0.00282395, 6.11629e-05
0100, 18.5283, 5.57831, 0.050814, 2.30797, 0.5, 0.013, 4, 3.98045, 5, 0.000623507, -0.00726276, -2.20021e-07, -0.00262932, 0.00120293
1010, 19.0722, 9.50416, 1.5883, 2.31217, 0.5, 0.013, 4, 3.90208, 5, -0.0416291, 0.0421448, -1.3e-07, -0.000210306, -0.00103001
0001, 23.3844, 5.22335, -0.0515934, 2.28453, 0.5, 0.013, 4, 4.06591, 5, -0.000859594, 0.0109515, -3.65222e-07, -0.00334095, -0.000635243
0010, 21.5015, 4.44577, -0.0224388, 2.39384, 0.5, 0.013, 4, 3.93851, 5, 0.00250509, -0.01386, -3.30112e-07, -0.00157287, 0.000616202
0000, 25.6356, 5.18625, -0.000146534, 2.25177, 0.5, 0.013, 4, 4.09221, 5, 0.0282465, 0.00134895, 2.87704e-09, 0.00231914, -0.000144312
1111, 31.1002, 1.39759, 1.55735, 2.28112, 0.5, 0.013, 4, 4.06922, 5, 0.0586063, -0.0399457, 7.88622e-09, 5.80095e-05, 0.000777454
1110, 31.1553, 3.65608, 1.54141, 2.26265, 0.5, 0.013, 4, 3.94521, 5, 0.0559873, -0.00924671, 3.48872e-07, -0.000964443, -0.0013385
1101, 31.5995, 5.78943, 1.47239, 2.19198, 0.5, 0.013, 4, 3.95602, 5, 0.0830729, 0.010684, 2.29364e-08, 0.00166024, 0.00302945
1100, 31.6072, 7.93726, 1.51159, 2.16778, 0.5, 0.013, 4, 3.95788, 5, 0.0602628, 0.0366444, -2.07689e-07, -0.000738757, -0.00250413

0111, 11.4156, 5.36375, -0.0180147, 2.40227, 0.5, 0.013, 4, 4.08781, 5, -0.0896078, -0.00914575, -1.31466e-07, -0.000327866, -0.00021885
1001, 14.2563, 7.55369, 1.57524, 2.57302, 0.5, 0.013, 4, 4.08402, 5, -0.0972549, -0.0175492, 4.98406e-09, -4.07727e-06, -0.000229771
0110, 13.7962, 5.46009, 0.0261546, 2.41211, 0.5, 0.013, 4, 4.07675, 5, -0.0587508, -0.00224645, 1.72569e-08, -0.000166553, 0.000564783
1000, 14.2566, 10.0638, 1.57127, 2.47488, 0.5, 0.013, 4, 4.09656, 5, -0.0971279, 0.015095, 2.72441e-09, 4.1046e-06, 0.000231911
0101, 16.1538, 5.42323, -0.00984593, 2.35201, 0.5, 0.013, 4, 3.90144, 5, -0.0285574, -0.0129282, -1.26481e-07, 0.000127515, -0.0007481
1011, 19.1654, 7.30879, 1.60887, 2.43901, 0.5, 0.013, 4, 3.92057, 5, -0.0238361, 0.0130851, -1.77507e-07, 0.00026682, -0.000284341
0011, 19.0379, 4.39479, -0.0619516, 2.43093, 0.5, 0.013, 4, 3.99572, 5, -0.0268146, -0.0157234, -2.87758e-08, 0.000287302, -3.41372e-05
0100, 18.5289, 5.5579, 0.0508061, 2.46297, 0.5, 0.013, 4, 3.98045, 5, 0.00182531, -0.00164931, -1.46749e-07, 0.000452318, 0.000919804
1010, 18.8604, 9.70869, 1.58829, 2.46745, 0.5, 0.013, 4, 3.90208, 5, -0.0431926, 0.0401204, -1.91276e-07, -0.000346517, -0.000240171
0001, 23.3687, 5.26509, -0.0516048, 2.43795, 0.5, 0.013, 4, 4.06591, 5, -0.00464142, 0.00691098, -1.61893e-07, -0.000492185, -0.000597145
0010, 21.5198, 4.3905, -0.0224498, 2.5546, 0.5, 0.013, 4, 3.93851, 5, 0.00507735, -0.00924902, -1.68296e-07, 0.00030424, 0.000717626
0000, 25.7736, 5.19144, -0.000145878, 2.403, 0.5, 0.013, 4, 4.09221, 5, 0.0272361, 0.000753958, 2.21852e-08, -9.35791e-05, -9.42565e-05
1111, 31.394, 1.21027, 1.55735, 2.43432, 0.5, 0.013, 4, 4.06922, 5, 0.0589059, 0.00704745, -2.01683e-07, 9.22052e-06, 0.256903
1110, 31.4334, 3.61939, 1.54142, 2.41461, 0.5, 0.013, 4, 3.94521, 5, 0.0555332, -0.00446539, 3.01579e-07, 7.63411e-05, 0.00568201
1100, 31.8967, 8.10758, 1.51158, 2.31337, 0.5, 0.013, 4, 3.95788, 5, 0.0555046, 0.0310468, -3.77044e-07, -0.000911951, -0.00154565
1101, 32.0276, 5.83728, 1.47238, 2.33919, 0.5, 0.013, 4, 3.95602, 5, 0.0879301, 0.00859376, -1.44976e-07, 0.000820953, 1.11026e-05

0111, 10.9654, 5.31484, -0.0180225, 2.56361, 0.5, 0.013, 4, 4.08781, 5, -0.0904386, -0.010551, -1.86907e-07, -0.000128904, -0.000366853
1001, 13.77, 7.46313, 1.57524, 2.74582, 0.5, 0.013, 4, 4.08402, 5, -0.0972782, -0.0186676, 5.91152e-09, -5.36594e-06, -0.000233594
0110, 13.502, 5.45726, 0.0261563, 2.5741, 0.5, 0.013, 4, 4.07675, 5, -0.0587074, 0.0014712, 5.53101e-08, 0.000167365, 0.000966516
1000, 13.771, 10.1421, 1.57127, 2.64109, 0.5, 0.013, 4, 4.09656, 5, -0.0971045, 0.0162159, 3.5753e-09, 5.39601e-06, 0.000234268
0101, 16.0129, 5.3474, -0.00985245, 2.50997, 0.5, 0.013, 4, 3.90144, 5, -0.0280787, -0.0178686, -1.33929e-07, -3.1052e-05, -0.00125258
1011, 19.0506, 7.37763, 1.60886, 2.60281, 0.5, 0.013, 4, 3.92057, 5, -0.0218288, 0.0148794, -2.62631e-07, 0.000479947, 0.000577083
0011, 18.9054, 4.31555, -0.0619533, 2.59419, 0.5, 0.013, 4, 3.99572, 5, -0.0262491, -0.0159947, -3.9428e-08, 3.08854e-05, -7.41417e-05
0100, 18.5396, 5.55414, 0.0507947, 2.62838, 0.5, 0.013, 4, 3.98045, 5, 0.00237993, -0.000576881, -3.11667e-07, 2.37501e-05, 0.000107787
1010, 18.6395, 9.90732, 1.58828, 2.63317, 0.5, 0.013, 4, 3.90208, 5, -0.0454208, 0.0398559, -2.74266e-07, -0.000510599, -3.83292e-05
0001, 23.341, 5.2888, -0.0516077, 2.60168, 0.5, 0.013, 4, 4.06591, 5, -0.00651233, 0.00277288, 1.32361e-09, -0.000223909, -0.000448295
0010, 21.5502, 4.35651, -0.0224537, 2.72617, 0.5, 0.013, 4, 3.93851, 5, 0.00674513, -0.00451999, -2.98772e-08, 0.000137193, 0.000588087
0000, 25.9076, 5.19427, -0.000144507, 2.56438, 0.5, 0.013, 4, 4.09221, 5, 0.0268949, 0.000408432, 3.14933e-08, 6.34851e-05, -4.45006e-05
1111, 31.6948, 1.2987, 1.55734, 2.5978, 0.5, 0.013, 4, 4.06922, 5, 0.0624388, 0.0149775, -1.43454e-07, 6.96893e-05, -0.0358388
1110, 31.6353, 3.85806, 1.54146, 2.57677, 0.5, 0.013, 4, 3.94521, 5, 0.0463479, 0.0529491, -1.24042e-07, 0.00894907, -0.0109224
1101, 32.5592, 5.94836, 1.47239, 2.49628, 0.5, 0.013, 4, 3.95602, 5, 0.0962671, 0.0202409, -2.56598e-07, -0.0114276, -0.00242481
1100, 32.1528, 8.26399, 1.51155, 2.46874, 0.5, 0.013, 4, 3.95788, 5, 0.0523733, 0.0180475, -2.72783e-07, 0.00227963, -0.00818407

0111, 10.5147, 5.25714, -0.0180336, 2.73578, 0.5, 0.013, 4, 4.08781, 5, -0.090882, -0.0127628, -2.89967e-07, -0.00329918, -0.000837668
0101, 15.8722, 5.24133, -0.00985877, 2.67853, 0.5, 0.013, 4, 3.90144, 5, -0.0263004, -0.0251158, -8.5566e-08, 0.00416761, -0.00256259
1001, 13.2829, 7.38711, 1.57524, 2.93022, 0.5, 0.013, 4, 4.08402, 5, -0.0982137, 0.00372841, -1.96535e-08, -0.000520428, -0.0012684
0110, 13.2123, 5.45232, 0.0261561, 2.74697, 0.5, 0.013, 4, 4.07675, 5, -0.0567198, -0.0271229, -8.82256e-08, -0.000295767, -0.0126047
1000, 13.2856, 10.2297, 1.57127, 2.81847, 0.5, 0.013, 4, 4.09656, 5, -0.097004, 0.0265365, 1.5798e-08, 0.000142374, 0.0167723
1011, 18.9474, 7.45918, 1.60885, 2.77761, 0.5, 0.013, 4, 3.92057, 5, -0.0194559, 0.0179376, -3.42986e-07, 0.000472238, 0.000754029
0011, 18.7733, 4.23438, -0.0619558, 2.76841, 0.5, 0.013, 4, 3.99572, 5, -0.0266421, -0.016502, -5.94513e-08, -8.10163e-05, -0.000115674
0100, 18.5474, 5.55499, 0.0507763, 2.8049, 0.5, 0.013, 4, 3.98045, 5, 0.000145651, 0.00113485, -4.40149e-07, -7.51846e-05, 0.000632811
1010, 18.4062, 10.1041, 1.58826, 2.81001, 0.5, 0.013, 4, 3.90208, 5, -0.0478882, 0.0385523, -3.51727e-07, -0.00048938, -0.00041998
0001, 23.3054, 5.30043, -0.0516075, 2.77641, 0.5, 0.013, 4, 4.06591, 5, -0.00773109, 0.00220649, 4.86028e-09, -0.000220196, 8.76735e-06
0010, 21.5857, 4.33806, -0.0224557, 2.90926, 0.5, 0.013, 4, 3.93851, 5, 0.00739695, -0.00318104, -4.88685e-08, 9.07041e-05, 0.000145204
0000, 26.0443, 5.19582, -0.0001428, 2.73661, 0.5, 0.013, 4, 4.09221, 5, 0.027874, 0.000222808, 3.64639e-08, 0.000212818, -3.208e-05
1110, 31.9078, 4.10651, 1.54144, 2.74983, 0.5, 0.013, 4, 3.94521, 5, 0.0565519, 0.053613, -3.02574e-07, 0.000462408, -0.0019893
1111, 32.0158, 1.38564, 1.55733, 2.77227, 0.5, 0.013, 4, 4.06922, 5, 0.066202, 0.0181233, -3.15512e-07, 0.000253844, -0.00147225
1101, 33.0003, 6.01761, 1.47237, 2.66393, 0.5, 0.013, 4, 3.95602, 5, 0.0842889, 0.0145271, -4.75095e-07, -0.000244645, 0.000607462
1100, 32.406, 8.32992, 1.51153, 2.63453, 0.5, 0.013, 4, 3.95788, 5, 0.0507195, 0.00825808, -4.62692e-07, -0.000426731, -0.00112959

0111, 10.032, 5.19066, -0.0180461, 2.91951, 0.5, 0.013, 4, 4.08781, 5, -0.0950808, -0.0122228, -1.75988e-07, 0.00170055, 0.000594195
0101, 15.7633, 5.08536, -0.00986922, 2.85842, 0.5, 0.013, 4, 3.90144, 5, -0.0214876, -0.0330734, -2.81946e-07, -0.000528132, 5.64483e-05
1001, 12.7908, 7.36747, 1.57524, 3.12701, 0.5, 0.013, 4, 4.08402, 5, -0.0984238, -0.00710473, 3.77986e-09, -0.000132422, -0.000516304
0110, 12.9255, 5.32879, 0.0261652, 2.93146, 0.5, 0.013, 4, 4.07675, 5, -0.0553898, -0.0204814, 3.04456e-07, 0.00163564, -0.00287253
1000, 12.8014, 10.41, 1.57127, 3.00775, 0.5, 0.013, 4, 4.09656, 5, -0.0967253, 0.0345035, 2.16173e-08, 9.26502e-05, 0.00221457
1011, 18.8559, 7.56264, 1.60883, 2.96416, 0.5, 0.013, 4, 3.92057, 5, -0.0171164, 0.0234504, -4.05174e-07, 0.000248985, 0.00069118
0011, 18.639, 4.1503, -0.0619593, 2.95433, 0.5, 0.013, 4, 3.99572, 5, -0.0270558, -0.0171526, -8.17755e-08, -6.37077e-05, -0.000140316
0100, 18.5575, 5.57151, 0.0507474, 2.99327, 0.5, 0.013, 4, 3.98045, 5, -0.00175903, 0.00406342, -5.86283e-07, -0.00275908, 0.000669321
1010, 18.1605, 10.2908, 1.58824, 2.99872, 0.5, 0.013, 4, 3.90208, 5, -0.0503736, 0.0359152, -4.09844e-07, -0.000240238, -0.000946851
0001, 23.2637, 5.31176, -0.0516072, 2.96287, 0.5, 0.013, 4, 4.06591, 5, -0.008928, 0.00234296, 8.82675e-09, -0.000244342, 3.68786e-05
0010, 21.6239, 4.32391, -0.0224586, 3.10464, 0.5, 0.013, 4, 3.93851, 5, 0.00782829, -0.00248077, -7.03333e-08, 6.54511e-05, 0.000142048
0000, 26.1866, 5.19651, -0.000140848, 2.92039, 0.5, 0.013, 4, 4.09221, 5, 0.0290596, 4.73476e-05, 4.17103e-08, 0.000244031, -3.84184e-05
1111, 32.3537, 1.47867, 1.55731, 2.95845, 0.5, 0.013, 4, 4.06922, 5, 0.0694948, 0.0192216, -4.4781e-07, 0.000698813, 0.00014683
1110, 32.1877, 4.37171, 1.54142, 2.9345, 0.5, 0.013, 4, 3.94521, 5, 0.0544267, 0.0545009, -4.34378e-07, -0.000654796, -0.000290084
1101, 33.4144, 6.10536, 1.47235, 2.84284, 0.5, 0.013, 4, 3.95602, 5, 0.0800583, 0.021521, -2.36044e-07, -0.00118912, 0.00142895
1100, 32.6632, 8.3531, 1.51151, 2.81147, 0.5, 0.013, 4, 3.95788, 5, 0.0539319, 0.000426063, -2.33698e-07, 0.00115743, -0.00145381

0111, 9.5567, 5.1359, -0.0180524, 3.11558, 0.5, 0.013, 4, 4.08781, 5, -0.0977965, -0.00877637, 3.50137e-08, -0.0010763, 0.00205207
0101, 15.6806, 4.90407, -0.00988302, 3.05039, 0.5, 0.013, 4, 3.90144, 5, -0.00221821, -0.0419027, -3.53633e-07, 0.00899971, -0.00295519
1001, 12.2881, 7.20856, 1.57524, 3.33702, 0.5, 0.013, 4, 4.08402, 5, -0.105813, -0.0636374, 3.08329e-07, -0.00278339, -0.0256364
0110, 12.6511, 5.1024, 0.0262183, 3.12833, 0.5, 0.013, 4, 4.07675, 5, -0.060624, -0.106395, 1.88329e-06, -0.0069675, -0.00675067
1000, 12.3256, 10.3974, 1.57128, 3.20975, 0.5, 0.013, 4, 4.09656, 5, -0.0913086, -0.0412454, 3.73577e-07, 0.0026687, 0.0235321
1011, 18.7725, 7.6905, 1.6088, 3.16323, 0.5, 0.013, 4, 3.92057, 5, -0.00585687, 0.0216308, -2.35919e-06, 0.0244103, -0.0122065
0011, 18.503, 4.06269, -0.061964, 3.15274, 0.5, 0.013, 4, 3.99572, 5, -0.0272755, -0.0179022, -1.0471e-07, -1.66979e-05, -0.00015674
0100, 18.5249, 5.60525, 0.0507137, 3.1943, 0.5, 0.013, 4, 3.98045, 5, -0.010436, 0.00896478, -8.66151e-07, -0.000620943, 0.000238092
1010, 17.9066, 10.3881, 1.58822, 3.20012, 0.5, 0.013, 4, 3.90208, 5, -0.061477, -0.0388901, -2.3724e-06, -0.024175, 0.0481989
0001, 23.2159, 5.32398, -0.0516066, 3.16185, 0.5, 0.013, 4, 4.06591, 5, -0.0101922, 0.00255709, 1.40781e-08, -0.000260323, 4.87913e-05
0010, 21.6637, 4.31335, -0.0224627, 3.31314, 0.5, 0.013, 4, 3.93851, 5, 0.0080552, -0.00172956, -9.26839e-08, 1.83789e-05, 0.000156538
0000, 26.3351, 5.19623, -0.000138607, 3.11652, 0.5, 0.013, 4, 4.09221, 5, 0.0303236, -0.000169834, 4.81415e-08, 0.000260434, -4.90082e-05
1111, 32.7119, 1.578, 1.55728, 3.15714, 0.5, 0.013, 4, 4.06922, 5, 0.0741681, 0.0205272, -6.07586e-07, 0.00106771, 0.000251017
1110, 32.4495, 4.64119, 1.5414, 3.13158, 0.5, 0.013, 4, 3.94521, 5, 0.0498247, 0.0533734, -5.94568e-07, -0.00106512, -0.000634465
1101, 33.7953, 6.22818, 1.47235, 3.03376, 0.5, 0.013, 4, 3.95602, 5, 0.0725692, 0.0266692, 0, -0.000779892, 0.000384609
1100, 32.9521, 8.3399, 1.51151, 3.00028, 0.5, 0.013, 4, 3.95788, 5, 0.0613726, -0.00474522, 0, 0.000767989, -0.00037861

1001, 11.7424, 6.85638, 1.57526, 3.56113, 0.5, 0.013, 4, 4.08402, 5, -0.111788, -0.0629124, 5.02986e-07, -0.00189569, 0.0025809
0111, 9.1221, 5.11287, -0.0180446, 3.32482, 0.5, 0.013, 4, 4.08781, 5, -0.076971, -0.000355067, 2.93312e-07, 0.00166715, 0.00172623
1000, 11.8878, 10.2884, 1.5713, 3.42531, 0.5, 0.013, 4, 4.09656, 5, -0.0842428, -0.0191899, 5.4041e-07, 0.00206707, -0.0142134
0101, 15.5806, 4.79043, -0.00988604, 3.25525, 0.5, 0.013, 4, 3.90144, 5, -0.0259808, -0.0205445, -4.658e-07, -0.000998658, -0.000371746
0110, 12.3004, 4.62084, 0.0262769, 3.33843, 0.5, 0.013, 4, 4.07675, 5, -0.0692934, -0.0786968, 1.06985e-06, 0.0116429, 0.00239579
0011, 18.4347, 3.86631, -0.0619339, 3.36448, 0.5, 0.013, 4, 3.99572, 5, -0.0155069, -0.0385586, -1.18179e-08, -0.00190245, 0.009536
1011, 18.7285, 7.85183, 1.60878, 3.37566, 0.5, 0.013, 4, 3.92057, 5, -0.0227869, 0.0357608, -1.22797e-09, -0.00278208, -0.000270332
0100, 18.4693, 5.65277, 0.0506616, 3.40883, 0.5, 0.013, 4, 3.98045, 5, -0.015117, 0.0175979, -4.4725e-07, -0.00626469, -0.00386206
1010, 17.6117, 10.2968, 1.5882, 3.41503, 0.5, 0.013, 4, 3.90208, 5, -0.0448513, -0.02937, 1.71715e-07, 0.00290545, -0.115634
0001, 23.1617, 5.33744, -0.0516058, 3.3742, 0.5, 0.013, 4, 4.06591, 5, -0.0115306, 0.0028358, 2.10814e-08, -0.000275375, 6.3446e-05
0010, 21.7163, 4.31343, -0.0224714, 3.53565, 0.5, 0.013, 4, 3.93851, 5, 0.0109277, 0.00100119, -1.08642e-08, -0.00392367, -0.00189828
0000, 26.49, 5.19471, -0.000136005, 3.32583, 0.5, 0.013, 4, 4.09221, 5, 0.0316626, -0.000449346, 5.62609e-08, 0.000275517, -6.3596e-05
1111, 33.0962, 1.68405, 1.55725, 3.36917, 0.5, 0.013, 4, 4.06922, 5, 0.0795796, 0.0219119, -7.424e-07, 0.000987378, 0.000288337
1110, 32.6851, 4.89458, 1.54137, 3.3419, 0.5, 0.013, 4, 3.94521, 5, 0.0444179, 0.0470125, -7.29312e-07, -0.000986081, -0.00196333
1101, 34.1532, 6.36396, 1.47235, 3.23751, 0.5, 0.013, 4, 3.95602, 5, 0.0711224, 0.0273827, 0, -7.00042e-05, 3.4523e-05
1100, 33.2638, 8.31379, 1.51151, 3.20178, 0.5, 0.013, 4, 3.95788, 5, 0.0627791, -0.0054386, 0, 6.62507e-05, -3.26608e-05

1001, 11.1375, 6.57133, 1.57531, 3.80029, 0.5, 0.013, 4, 4.08402, 5, -0.132001, -0.0503817, 1.11952e-06, -0.00283606, 0.00673088
0111, 8.79065, 5.09823, -0.0180432, 3.54811, 0.5, 0.013, 4, 4.08781, 5, -0.0593562, -0.00519887, 0, 0.00126147, -0.000425937
1000, 11.5134, 10.1731, 1.57134, 3.65536, 0.5, 0.013, 4, 4.09656, 5, -0.0637288, -0.0233974, 1.17789e-06, 0.00285856, -0.00544064
0101, 15.4385, 4.722, -0.00989028, 3.47387, 0.5, 0.013, 4, 3.90144, 5, -0.0318961, -0.0126662, -1.94416e-07, 0.000345296, -0.000477569
0110, 12.0019, 4.2268, 0.0263359, 3.56263, 0.5, 0.013, 4, 4.07675, 5, -0.056214, -0.0783258, 1.19843e-06, 0.000494215, 0.00338823
0011, 18.356, 3.71804, -0.0619229, 3.59043, 0.5, 0.013, 4, 3.99572, 5, -0.0160028, -0.0280571, 1.31923e-07, -0.00133969, 0.000169326
0100, 18.3352, 5.70176, 0.0506452, 3.63776, 0.5, 0.013, 4, 3.98045, 5, -0.0316623, 0.0111575, -4.2614e-07, -0.00125556, 0.000331975
1011, 18.5956, 8.02501, 1.60878, 3.60237, 0.5, 0.013, 4, 3.92057, 5, -0.0284616, 0.0329156, 0, -0.000332412, -0.000415529
1010, 17.4076, 10.1687, 1.5882, 3.64438, 0.5, 0.013, 4, 3.90208, 5, -0.0387344, -0.0178124, 0, 0.000379709, 0.0136614
0001, 23.1005, 5.35248, -0.0516045, 3.60081, 0.5, 0.013, 4, 4.06591, 5, -0.0129439, 0.00320036, 3.04438e-08, -0.000289985, 8.34673e-05
0010, 21.7423, 4.30468, -0.0224724, 3.7731, 0.5, 0.013, 4, 3.93851, 5, 0.00303572, -0.00238795, -1.04149e-07, 0.000321185, 0.000628745
0000, 26.6518, 5.19159, -0.000132943, 3.54919, 0.5, 0.013, 4, 4.09221, 5, 0.0330766, -0.000814769, 6.66826e-08, 0.000290129, -8.36675e-05
1111, 33.5036, 1.79721, 1.55721, 3.59544, 0.5, 0.013, 4, 4.06922, 5, 0.0836515, 0.023369, -9.28812e-07, 0.0022833, 0.000410172
1110, 32.8824, 5.07791, 1.54135, 3.56634, 0.5, 0.013, 4, 3.94521, 5, 0.0161807, 0.00261468, 7.95973e-07, -0.0165732, -0.0179097
1101, 34.5083, 6.50111, 1.47235, 3.45493, 0.5, 0.013, 4, 3.95602, 5, 0.0709829, 0.0274515, 0, -7.80251e-06, 3.84786e-06
1100, 33.5942, 8.30874, 1.51153, 3.41681, 0.5, 0.013, 4, 3.95788, 5, 0.0882381, 0.0282666, 1.68699e-06, 0.0146737, 0.0170097

0110, 11.7236, 3.88996, 0.0263992, 3.8019, 0.5, 0.013, 4, 4.07675, 5, -0.0549181, -0.0785564, 2.03247e-06, 0.000312002, -0.00861772
1001, 10.6385, 6.34536, 1.57549, 4.05552, 0.5, 0.013, 4, 4.08402, 5, -0.1144, -0.0371983, 2.06659e-06, -0.00497665, 0.0218728
0111, 8.27028, 5.06785, -0.0180456, 3.7864, 0.5, 0.013, 4, 4.08781, 5, -0.10714, -0.00639638, -1.68639e-08, 0.00860402, -1.17869e-05
1000, 11.2564, 10.05, 1.57143, 3.90085, 0.5, 0.013, 4, 4.09656, 5, -0.0306504, -0.0260848, 1.55395e-06, -0.00328023, 0.000157441
0101, 15.2979, 4.67365, -0.00989006, 3.70717, 0.5, 0.013, 4, 3.90144, 5, -0.0243815, -0.00785375, 0, 0.000978641, 0.000186082
0011, 18.2658, 3.59273, -0.0619203, 3.83156, 0.5, 0.013, 4, 3.99572, 5, -0.0190132, -0.0201326, 0, -0.000183336, 0.00169662
0100, 18.1568, 5.73234, 0.0506402, 3.88207, 0.5, 0.013, 4, 3.98045, 5, -0.0386774, 0.00091568, 0, -0.000686059, -0.00140484
1011, 18.4509, 8.1866, 1.60878, 3.8443, 0.5, 0.013, 4, 3.92057, 5, -0.0291983, 0.0319947, 0, -5.02117e-05, -6.27667e-05
1010, 17.2167, 10.0564, 1.5882, 3.88914, 0.5, 0.013, 4, 3.90208, 5, -0.0378839, -0.0251655, 6.22376e-08, 5.90833e-05, -0.0294319
00101, 20.7739, 4.31604, -0.0667955, 2.00514, 0.5, 0.013, 4, 3.94929, 5, -0.0160691, -0.00256035, -5.47141e-08, -0.00436172, -8.67177e-05
0001, 23.0321, 5.36964, -0.0516027, 3.84263, 0.5, 0.013, 4, 4.06591, 5, -0.0144271, 0.00368314, 4.29997e-08, -0.000302934, 0.000111159
00100, 22.7691, 4.2712, -0.022475, 2.02136, 0.5, 0.013, 4, 3.93851, 5, 0.0195394, -0.00309845, -1.85188e-08, 0.00415408, -0.000190493
0000, 26.8209, 5.18636, -0.000129285, 3.78755, 0.5, 0.013, 4, 4.09221, 5, 0.0345605, -0.00129875, 8.02375e-08, 0.000303069, -0.000111448
1111, 33.8962, 1.91805, 1.55719, 3.83691, 0.5, 0.013, 4, 4.06922, 5, 0.0699539, 0.0249288, -2.71893e-07, -0.000690891, 0.000328929
1110, 33.0304, 5.08913, 1.54134, 3.80585, 0.5, 0.013, 4, 3.94521, 5, 0.0482414, 0.00257047, -2.54288e-07, 0.00275271, 0.000181372
1101, 34.8662, 6.63809, 1.47235, 3.68696, 0.5, 0.013, 4, 3.95602, 5, 0.0735084, 0.0272085, -2.09323e-08, 0.000166787, -1.6101e-05
1100, 33.9862, 8.38475, 1.51154, 3.64628, 0.5, 0.013, 4, 3.95788, 5, 0.0659115, 0.00183489, -8.58565e-08, -0.00223993, -0.00264114

0111, 7.76889, 5.03377, -0.0180477, 4.04069, 0.5, 0.013, 4, 4.08781, 5, -0.0915706, -0.00702615, -5.46848e-08, -0.00267851, -0.000174352
0110, 11.4456, 3.65184, 0.0264082, 4.05723, 0.5, 0.013, 4, 4.07675, 5, -0.0561932, -0.0222932, 0, -0.000126235, 0.00538174
10011, 10.2577, 5.20458, 1.59949, 2.13238, 0.5, 0.013, 4, 3.95776, 5, -0.0627152, -0.0216881, 2.78762e-07, 0.0135805, -0.00594852
10010, 9.9357, 7.30552, 1.57552, 2.19551, 0.5, 0.013, 4, 4.08402, 5, -0.131652, -0.0219758, -2.07139e-07, -0.00176977, 0.00715715
10001, 11.0143, 8.81827, 1.6209, 2.11364, 0.5, 0.013, 4, 4.0685, 5, -0.0727093, -0.048199, 0, -0.00319534, -0.0122967
10000, 11.013, 10.9391, 1.57146, 2.04918, 0.5, 0.013, 4, 4.09656, 5, -0.0724934, 0.049902, 0, -0.00297706, 0.0285926
01011, 14.2894, 4.64465, 0.0264979, 1.93352, 0.5, 0.013, 4, 3.93821, 5, -0.0335464, -0.00713542, 5.23335e-08, -0.0163468, 0.000465312
00111, 17.1006, 3.57082, -0.0618556, 2.07356, 0.5, 0.013, 4, 3.98296, 5, -0.037572, -0.0153019, 8.66469e-11, -0.00245807, 0.000247598
00110, 19.1251, 3.44529, -0.0619202, 2.01533, 0.5, 0.013, 4, 3.99572, 5, -0.000765243, -0.0176016, 3.75677e-11, 0.00208358, -4.35823e-05
01010, 16.248, 4.62515, -0.00988997, 2.02262, 0.5, 0.013, 4, 3.90144, 5, -0.0115883, -0.00772878, 1.69856e-08, 0.0157686, -0.00041699
01001, 16.9806, 5.67723, 0.0237899, 2.0441, 0.5, 0.013, 4, 4.09536, 5, -0.0527285, -0.00253323, -1.23382e-08, 0.00453738, 0.000259343
10111, 18.343, 7.32478, 1.62798, 2.05203, 0.5, 0.013, 4, 3.98572, 5, -0.0289704, 0.0205245, 1.10262e-08, -4.28923e-05, 0.00131034
01000, 19.0404, 5.78259, 0.05064, 2.09869, 0.5, 0.013, 4, 3.98045, 5, -0.0271392, -0.000898633, -4.43426e-09, -0.00438933, -0.000314169
10101, 17.0557, 8.88432, 1.53255, 2.08175, 0.5, 0.013, 4, 3.92844, 5, -0.0340956, -0.0442599, -2.29415e-07, 0.00031316, 0.00106418
10110, 18.2662, 9.3646, 1.60878, 2.05045, 0.5, 0.013, 4, 3.92057, 5, -0.0295976, 0.0432478, 4.01947e-09, 4.12357e-05, -0.00131198
10100, 16.9998, 10.9248, 1.5882, 2.06858, 0.5, 0.013, 4, 3.90208, 5, -0.0415491, -0.0114788, -1.11183e-07, -0.000308739, -0.00111032
00011, 21.9481, 5.44163, -0.0878791, 2.04637, 0.5, 0.013, 4, 3.96211, 5, -0.021029, 0.00446831, -4.77861e-08, -0.0177032, 0.000636129
00101, 20.7123, 4.30283, -0.0667971, 2.1398, 0.5, 0.013, 4, 3.94929, 5, -0.0121889, -0.00267828, -3.37798e-08, 0.000748328, -7.11281e-06
00010, 23.9778, 5.33704, -0.0515998, 2.05434, 0.5, 0.013, 4, 4.06591, 5, -0.0150204, 0.00472538, 5.75514e-08, 0.0232649, -0.00122152
00100, 22.8475, 4.255, -0.0224756, 2.15711, 0.5, 0.013, 4, 3.93851, 5, 0.0155211, -0.00325911, -1.24009e-08, -0.000740427, 4.73517e-06
0000, 26.9985, 5.1782, -0.000124602, 4.04191, 0.5, 0.013, 4, 4.09221, 5, 0.0380146, -0.00220457, 8.96846e-08, -0.00106709, 3.39559e-05
11111, 34.2275, 1.11545, 1.51034, 2.00469, 0.5, 0.013, 4, 3.99916, 5, 0.0650525, 0.0235894, -5.29074e-08, -0.00119022, -0.0171378
11110, 34.2551, 3.14586, 1.55718, 2.08991, 0.5, 0.013, 4, 4.06922, 5, 0.0649779, 0.0110232, -1.78333e-08, -0.00158964, -0.0140146
11101, 33.225, 4.02533, 1.56485, 2.06086, 0.5, 0.013, 4, 4.09859, 5, 0.0418739, -0.0155503, 1.70218e-08, 0.000995249, 0.00365139
11100, 33.3254, 6.04535, 1.54134, 2.00059, 0.5, 0.013, 4, 3.94521, 5, 0.0616184, 0.0139427, 7.717e-07, -0.0131768, -0.010258
1101, 35.228, 6.77471, 1.47235, 3.93458, 0.5, 0.013, 4, 3.95602, 5, 0.0714873, 0.0274091, -6.67043e-11, -0.000159078, 1.57674e-05
1100, 34.3254, 8.38414, 1.51154, 3.89116, 0.5, 0.013, 4, 3.95788, 5, 0.0693942, -0.0012682, 5.70457e-07, 0.00507552, 0.00174752

01111, 6.26032, 5.01671, -0.0318732, 2.13366, 0.5, 0.013, 4, 4.01215, 5, -0.0946809, -0.00708374, -1.04873e-10, 0.00382983, -4.55738e-05
01101, 10.0465, 3.51062, 0.0105364, 2.18756, 0.5, 0.013, 4, 4.01884, 5, -0.0693617, -0.0207602, -2.33579e-08, -0.00314752, -0.000234645
01110, 8.41534, 4.97693, -0.018051, 2.1784, 0.5, 0.013, 4, 4.08781, 5, -0.0858189, -0.00720324, -3.11366e-08, 0.00616842, 0.000334396
10011, 9.98508, 5.14191, 1.5995, 2.27558, 0.5, 0.013, 4, 3.95776, 5, -0.0639804, -0.00869334, 1.55524e-07, -0.0109271, 0.00169669
10010, 9.28158, 7.18291, 1.57552, 2.34296, 0.5, 0.013, 4, 4.08402, 5, -0.129746, -0.0287852, 0, 0.00133454, -0.00198457
10001, 10.6369, 8.52425, 1.6209, 2.25559, 0.5, 0.013, 4, 4.0685, 5, -0.0762143, -0.0616874, 0, -4.13106e-05, -0.000158977
10000, 10.6383, 10.9092, 1.57146, 2.1868, 0.5, 0.013, 4, 4.09656, 5, -0.0755771, 0.00839631, 6.3236e-09, -2.98313e-05, -0.160898
01100, 12.1952, 3.59484, 0.0264077, 2.14214, 0.5, 0.013, 4, 4.07675, 5, -0.0432761, -0.0149271, -2.28779e-08, 0.00324977, 0.000353113
01011, 14.1084, 4.60952, 0.0264994, 2.06337, 0.5, 0.013, 4, 3.93821, 5, -0.0363535, -0.00698645, 2.86024e-08, 0.000833729, -1.2815e-05
00111, 16.933, 3.49346, -0.0618556, 2.21282, 0.5, 0.013, 4, 3.98296, 5, -0.0334659, -0.0154544, 1.27177e-10, 0.000739292, -4.44613e-05
00110, 19.0988, 3.35902, -0.0619202, 2.15068, 0.5, 0.013, 4, 3.99572, 5, -0.00539496, -0.01723, 9.67691e-11, -0.000775495, 4.84951e-05
01010, 16.2066, 4.586, -0.00988944, 2.15846, 0.5, 0.013, 4, 3.90144, 5, -0.00796088, -0.00786762, 1.08472e-08, -0.000724863, 9.72387e-06
01001, 16.7134, 5.66409, 0.0237888, 2.18137, 0.5, 0.013, 4, 4.09536, 5, -0.0539899, -0.00269955, -2.47082e-08, -0.000652796, -5.73059e-05
10111, 18.1983, 7.41687, 1.62798, 2.18985, 0.5, 0.013, 4, 3.98572, 5, -0.0289355, 0.0177368, 1.79042e-08, 5.8727e-06, -0.00060054
01000, 18.9078, 5.77828, 0.0506395, 2.23963, 0.5, 0.013, 4, 3.98045, 5, -0.0259664, -0.000806614, -1.0218e-08, 0.000625741, 5.46751e-05
10101, 16.8899, 8.67742, 1.53254, 2.22156, 0.5, 0.013, 4, 3.92844, 5, -0.0318009, -0.0413986, -3.29129e-07, 0.000728956, -0.000755159
10110, 18.1181, 9.59138, 1.60878, 2.18816, 0.5, 0.013, 4, 3.92057, 5, -0.0296343, 0.0460363, 7.55424e-09, -5.8995e-06, 0.000600977
10100, 16.7873, 10.8528, 1.58819, 2.2075, 0.5, 0.013, 4, 3.90208, 5, -0.0438427, -0.0143739, -2.1372e-07, -0.000730685, 0.000763147
00011, 21.825, 5.4648, -0.0878799, 2.1838, 0.5, 0.013, 4, 3.96211, 5, -0.0171223, 0.0044135, -6.10725e-09, -0.00167925, 5.60814e-05
00101, 20.6492, 4.28931, -0.0667991, 2.28351, 0.5, 0.013, 4, 3.94929, 5, -0.0130961, -0.00273463, -4.07909e-08, -0.000264171, -1.37209e-05
00100, 22.9272, 4.23883, -0.0224764, 2.30198, 0.5, 0.013, 4, 3.93851, 5, 0.016422, -0.00320556, -1.63018e-08, 0.000262574, 1.366e-05
00010, 24.005, 5.34979, -0.0515978, 2.1923, 0.5, 0.013, 4, 4.06591, 5, -0.00848701, 0.00426522, 1.07262e-07, -0.0019613, 0.000677411
00001, 26.1334, 5.16649, 0.0313026, 2.13224, 0.5, 0.013, 4, 3.98512, 5, 0.023547, -0.0050811, 2.54443e-07, -0.0123017, -0.000731174
00000, 28.2612, 5.17629, -0.000123315, 2.18112, 0.5, 0.013, 4, 4.09221, 5, 0.0437363, 0.000770733, 1.43556e-08, 0.0152342, 3.57681e-05
11101, 33.4373, 3.95697, 1.56485, 2.19926, 0.5, 0.013, 4, 4.09859, 5, 0.042739, -0.0105023, 3.09923e-08, -0.000161614, -0.00013924
11111, 34.5496, 1.07273, 1.51033, 2.13932, 0.5, 0.013, 4, 3.99916, 5, 0.0644283, -0.0145693, -1.13648e-07, 2.7244e-05, 0.00277863
11110, 34.5717, 3.23213, 1.55718, 2.23026, 0.5, 0.013, 4, 4.06922, 5, 0.0627206, 0.0170005, -4.81331e-08, -6.08482e-05, -0.00277059
11001, 34.6426, 7.42218, 1.55683, 2.03686, 0.5, 0.013, 4, 4.04866, 5, 0.0744616, -0.0134494, -4.55277e-09, 0.000621852, -0.00033584
11011, 35.4757, 5.78728, 1.42402, 2.14679, 0.5, 0.013, 4, 3.93203, 5, 0.0705404, 0.0147285, -3.97879e-08, -0.000241276, -0.00275451
11100, 33.63, 6.10245, 1.54136, 2.13495, 0.5, 0.013, 4, 3.94521, 5, 0.0689993, 0.0114276, 2.68069e-08, 0.000823477, 0.000471079
11010, 35.688, 7.86161, 1.47235, 2.05203, 0.5, 0.013, 4, 3.95602, 5, 0.0760384, 0.040118, 1.27539e-07, -8.92029e-05, 0.00296657
11000, 34.7216, 9.4835, 1.51155, 2.11562, 0.5, 0.013, 4, 3.95788, 5, 0.0594606, 0.00915398, -1.11157e-08, -0.000746848, 1.94542e-05

01111, 5.73877, 4.98174, -0.0318739, 2.27695, 0.5, 0.013, 4, 4.01215, 5, -0.10691, -0.00697677, -1.09105e-08, 0.00258364, -2.84836e-05
01100, 11.9855, 3.522, 0.0264063, 2.28601, 0.5, 0.013, 4, 4.07675, 5, -0.0414345, -0.0142726, -3.81994e-08, 0.000139087, 0.000107762
01101, 9.69305, 3.40289, 0.0105349, 2.33448, 0.5, 0.013, 4, 4.01884, 5, -0.0712113, -0.0214268, -4.67666e-08, -0.000144607, -0.000338529
01110, 8.02718, 4.94031, -0.018054, 2.3247, 0.5, 0.013, 4, 4.08781, 5, -0.0771031, -0.00740374, -5.98824e-08, -0.00232787, 3.28328e-05
10011, 9.66271, 5.11054, 1.59952, 2.42841, 0.5, 0.013, 4, 3.95776, 5, -0.062689, -0.00599967, 2.57067e-07, -0.00022275, 0.00024752
10010, 8.63941, 7.02921, 1.57552, 2.50031, 0.5, 0.013, 4, 4.08402, 5, -0.128003, -0.0313777, 0, 3.56513e-05, -5.30162e-05
10001, 10.2557, 8.21507, 1.6209, 2.40708, 0.5, 0.013, 4, 4.0685, 5, -0.0762651, -0.0618826, 0, -8.62922e-07, -3.32081e-06
10000, 10.2603, 10.8337, 1.57146, 2.33366, 0.5, 0.013, 4, 4.09656, 5, -0.0756122, -0.0147111, 2.43947e-09, -5.09679e-07, -0.00581934
01011, 13.9273, 4.57476, 0.026501, 2.20195, 0.5, 0.013, 4, 3.93821, 5, -0.0366277, -0.00689705, 3.44303e-08, -0.000154611, 2.36014e-05
00111, 16.7634, 3.41634, -0.0618556, 2.36143, 0.5, 0.013, 4, 3.98296, 5, -0.034395, -0.0153926, 2.55139e-10, -0.000262991, 1.70283e-05
00110, 19.0741, 3.27272, -0.0619202, 2.29511, 0.5, 0.013, 4, 3.99572, 5, -0.00445232, -0.0172905, 2.21263e-10, 0.000268706, -1.73568e-05
01010, 16.1663, 4.54649, -0.0098888, 2.30342, 0.5, 0.013, 4, 3.90144, 5, -0.00765167, -0.00795738, 1.49495e-08, 0.000151977, -2.33925e-05
01001, 16.4398, 5.65016, 0.0237875, 2.32787, 0.5, 0.013, 4, 4.09536, 5, -0.0552409, -0.00285567, -2.84069e-08, -0.000230833, -3.22982e-05
10111, 18.0536, 7.50299, 1.62798, 2.33691, 0.5, 0.013, 4, 3.98572, 5, -0.0289624, 0.0167375, 2.0291e-08, -7.60637e-06, -0.000175284
01000, 18.7817, 5.77466, 0.050639, 2.39005, 0.5, 0.013, 4, 3.98045, 5, -0.024724, -0.000652188, -1.33005e-08, 0.00023067, 3.22165e-05
10101, 16.7405, 8.47011, 1.53252, 2.37076, 0.5, 0.013, 4, 3.92844, 5, -0.027634, -0.0411016, -4.88372e-07, 0.00102697, 0.000321099
10110, 17.97, 9.82412, 1.60878, 2.33511, 0.5, 0.013, 4, 3.92057, 5, -0.0296075, 0.0470355, 9.72699e-09, 7.60839e-06, 0.000175231
10100, 16.5585, 10.7812, 1.58817, 2.35575, 0.5, 0.013, 4, 3.90208, 5, -0.0480146, -0.0146744, -3.78427e-07, -0.00102809, -0.00032274
00010, 23.9895, 5.37988, -0.0515901, 2.33954, 0.5, 0.013, 4, 4.06591, 5, -0.00277737, 0.00728168, 1.71968e-07, 0.00215755, 0.000133412
00011, 21.6721, 5.48873, -0.0878819, 2.33046, 0.5, 0.013, 4, 3.96211, 5, -0.0324831, 0.00473551, -4.36958e-08, -0.00048674, -5.93639e-05
00101, 20.5809, 4.27544, -0.0668012, 2.43686, 0.5, 0.013, 4, 3.94929, 5, -0.0141599, -0.0028141, -4.56667e-08, -0.000219288, -1.88069e-05
00100, 23.0121, 4.22299, -0.0224773, 2.45658, 0.5, 0.013, 4, 3.93851, 5, 0.0174847, -0.00312622, -1.99577e-08, 0.000219127, 1.87829e-05
00001, 26.2469, 5.12778, 0.0313174, 2.27544, 0.5, 0.013, 4, 3.98512, 5, 0.0243567, -0.00971371, 2.70026e-07, 1.06476e-05, -0.000423283
00000, 28.5235, 5.18294, -0.000124137, 2.3276, 0.5, 0.013, 4, 4.09221, 5, 0.0523467, 0.00211769, -4.9496e-08, -0.00172253, 0.000361048
11101, 33.6492, 3.90374, 1.56485, 2.34696, 0.5, 0.013, 4, 4.09859, 5, 0.042215, -0.00994873, 4.8047e-08, -0.000115493, 7.32319e-05
11111, 34.8771, 1.14008, 1.51031, 2.28299, 0.5, 0.013, 4, 3.99916, 5, 0.0662154, 0.0149527, -3.99281e-07, 0.000573396, 0.000712251
11110, 34.8799, 3.43326, 1.55718, 2.38004, 0.5, 0.013, 4, 4.06922, 5, 0.0609155, 0.0406462, -1.51374e-07, -0.000553402, 0.00350488
11001, 34.9993, 7.34687, 1.55682, 2.17365, 0.5, 0.013, 4, 4.04866, 5, 0.0645284, -0.0149603, -3.04336e-07, 0.00751145, -0.00377587
11011, 35.8468, 5.84912, 1.42401, 2.29097, 0.5, 0.013, 4, 3.93203, 5, 0.0854839, 0.0100138, -4.86834e-07, -0.00184418, 0.00233875
11100, 33.9793, 6.16171, 1.54136, 2.27833, 0.5, 0.013, 4, 3.94521, 5, 0.0688362, 0.0112365, 2.36769e-07, -0.00294367, -1.43192e-05
11000, 35.0137, 9.54306, 1.51155, 2.25771, 0.5, 0.013, 4, 3.95788, 5, 0.057573, 0.0153123, -7.99355e-08, -0.000262281, 0.00228408
11010, 36.0677, 8.06698, 1.47236, 2.18984, 0.5, 0.013, 4, 3.95602, 5, 0.073406, 0.0397173, -1.16083e-08, -0.00150413, -0.00120325

10010, 7.99959, 6.87204, 1.57552, 2.66822, 0.5, 0.013, 4, 4.08402, 5, -0.127952, -0.0314542, 0, 1.3819e-06, -2.055e-06
01110, 7.64062, 4.90321, -0.0180572, 2.48082, 0.5, 0.013, 4, 4.08781, 5, -0.0768859, -0.00744404, -6.44291e-08, 0.00028082, 9.80648e-06
01111, 5.20077, 4.94682, -0.0318746, 2.42987, 0.5, 0.013, 4, 4.01215, 5, -0.108919, -0.00698697, -1.61904e-08, -0.000100371, -5.05559e-06
01100, 11.7791, 3.45202, 0.0264039, 2.43953, 0.5, 0.013, 4, 4.07675, 5, -0.0408869, -0.0136724, -6.00363e-08, 9.40007e-05, 0.000132456
01101, 9.33619, 3.29281, 0.0105317, 2.49126, 0.5, 0.013, 4, 4.01884, 5, -0.0717647, -0.0223782, -8.05671e-08, -9.54933e-05, -0.000193612
10001, 9.87435, 7.90564, 1.6209, 2.56873, 0.5, 0.013, 4, 4.0685, 5, -0.0762662, -0.0618872, 0, -2.70933e-08, -1.04264e-07
10011, 9.35315, 5.08238, 1.59953, 2.5915, 0.5, 0.013, 4, 3.95776, 5, -0.0610365, -0.00554772, 2.53514e-07, -0.00014716, 5.54388e-05
10000, 9.88219, 10.7553, 1.57146, 2.49039, 0.5, 0.013, 4, 4.09656, 5, -0.0756128, -0.0161953, 2.26365e-09, -1.32817e-08, -0.000464705
01011, 13.7414, 4.54062, 0.0265029, 2.34983, 0.5, 0.013, 4, 3.93821, 5, -0.0376659, -0.00675279, 4.07499e-08, -0.000219118, 3.29982e-05
00111, 16.5886, 3.33956, -0.0618555, 2.52002, 0.5, 0.013, 4, 3.98296, 5, -0.0354819, -0.0153213, 4.02368e-10, -0.000226572, 1.49427e-05
00110, 19.0547, 3.18608, -0.0619202, 2.44925, 0.5, 0.013, 4, 3.99572, 5, -0.0033615, -0.0173621, 3.68625e-10, 0.000227341, -1.49929e-05
01010, 16.1307, 4.50636, -0.00988793, 2.45812, 0.5, 0.013, 4, 3.90144, 5, -0.00662115, -0.00810071, 1.9927e-08, 0.000217455, -3.27747e-05
01001, 16.1612, 5.6355, 0.0237859, 2.48421, 0.5, 0.013, 4, 4.09536, 5, -0.0562241, -0.00301857, -3.3129e-08, -0.000198789, -3.58072e-05
10111, 17.9086, 7.58433, 1.62798, 2.49386, 0.5, 0.013, 4, 3.98572, 5, -0.0290086, 0.0157551, 2.38562e-08, -1.14055e-05, -0.000201396
01000, 18.6604, 5.77178, 0.0506382, 2.55056, 0.5, 0.013, 4, 3.98045, 5, -0.0237397, -0.000489559, -1.73188e-08, 0.000199161, 3.5757e-05
10101, 16.6174, 8.26996, 1.53249, 2.52997, 0.5, 0.013, 4, 3.92844, 5, -0.0212141, -0.0383383, -7.28182e-07, 0.00151461, 0.000980203
10110, 17.822, 10.0617, 1.60878, 2.49193, 0.5, 0.013, 4, 3.92057, 5, -0.0295612, 0.0480179, 1.27912e-08, 1.14073e-05, 0.000201393
10100, 16.3033, 10.7025, 1.58815, 2.51396, 0.5, 0.013, 4, 3.90208, 5, -0.0544414, -0.0174461, -6.28702e-07, -0.00151599, -0.000982929
00010, 23.982, 5.42304, -0.0515789, 2.49666, 0.5, 0.013, 4, 4.06591, 5, -0.00061613, 0.0103158, 2.65315e-07, 0.000180265, 0.000639533
00011, 21.5079, 5.51141, -0.0878845, 2.48697, 0.5, 0.013, 4, 3.96211, 5, -0.0332578, 0.00428977, -6.00068e-08, 0.000427423, -0.000114173
00101, 20.5075, 4.26111, -0.0668036, 2.60052, 0.5, 0.013, 4, 3.94929, 5, -0.0152153, -0.00292478, -5.14624e-08, -0.000217138, -2.60014e-05
00100, 23.1022, 4.20762, -0.0224784, 2.62157, 0.5, 0.013, 4, 3.93851, 5, 0.0185399, -0.00301568, -2.46414e-08, 0.000217113, 2.59704e-05
00001, 26.3623, 5.06711, 0.0313315, 2.42826, 0.5, 0.013, 4, 3.98512, 5, 0.0227289, -0.015032, 2.70612e-07, -0.000188226, -0.00117835
00000, 28.7869, 5.1998, -0.000129299, 2.48392, 0.5, 0.013, 4, 4.09221, 5, 0.0525476, 0.00481912, -1.60206e-07, -0.000421561, 0.000651891
11101, 33.8591, 3.85505, 1.56485, 2.50458, 0.5, 0.013, 4, 4.09859, 5, 0.0421153, -0.00869663, 4.21105e-08, 6.5111e-05, 0.000392576
11111, 35.2158, 1.21658, 1.51029, 2.43632, 0.5, 0.013, 4, 3.99916, 5, 0.0694008, 0.0157972, -5.36785e-07, 0.000912297, 0.000245688
11110, 35.177, 3.66179, 1.55716, 2.53988, 0.5, 0.013, 4, 4.06922, 5, 0.0577695, 0.0462998, -2.80255e-07, -0.00089734, 0.00120791
11001, 35.3608, 7.26828, 1.55681, 2.31963, 0.5, 0.013, 4, 4.04866, 5, 0.0728223, -0.0161456, -3.44814e-07, -0.00159442, 0.00041191
11100, 34.3228, 6.21692, 1.54137, 2.43134, 0.5, 0.013, 4, 3.94521, 5, 0.0700853, 0.00996084, 4.04292e-08, 0.000127524, -0.000391492
11000, 35.2988, 9.61011, 1.51155, 2.40933, 0.5, 0.013, 4, 3.95788, 5, 0.0562903, 0.0127664, -1.14236e-07, -0.000290768, -0.000385484
11011, 36.2495, 5.90565, 1.42399, 2.44483, 0.5, 0.013, 4, 3.93203, 5, 0.0792618, 0.0115192, -3.10669e-07, 0.00046958, -0.00014305
11010, 36.4275, 8.27271, 1.47236, 2.33691, 0.5, 0.013, 4, 3.95602, 5, 0.0718308, 0.0420336, 3.8366e-08, 0.00118079, 0.000164011

10010, 7.36021, 6.73517, 1.57552, 2.84742, 0.5, 0.013, 4, 4.08402, 5, -0.127404, -0.00164959, 4.15007e-08, 0.000244473, 0.0133647
01110, 7.25617, 4.84358, -0.0180643, 2.64743, 0.5, 0.013, 4, 4.08781, 5, -0.0773375, -0.0398137, -2.63185e-07, -0.00241109, -0.0137554
01111, 4.65279, 4.91186, -0.0318755, 2.59306, 0.5, 0.013, 4, 4.01215, 5, -0.110558, -0.0069, -2.43246e-09, -0.000198883, 0.000220939
01100, 11.5764, 3.38555, 0.0264002, 2.60337, 0.5, 0.013, 4, 4.07675, 5, -0.0401807, -0.0128803, -8.84388e-08, 0.000123809, 0.000177041
01101, 8.97562, 3.17829, 0.0105267, 2.65857, 0.5, 0.013, 4, 4.01884, 5, -0.0724653, -0.0237808, -1.41647e-07, -9.74509e-05, -0.00278218
10001, 9.49525, 7.59974, 1.62091, 2.74125, 0.5, 0.013, 4, 4.0685, 5, -0.0658104, -0.0454731, 2.39587e-06, 0.0318684, 0.0490441
10011, 9.04873, 5.05197, 1.59955, 2.76554, 0.5, 0.013, 4, 3.95776, 5, -0.0698917, -0.021128, 2.62475e-06, -0.0292934, -0.0459577
10000, 9.50412, 10.6716, 1.57146, 2.65764, 0.5, 0.013, 4, 4.09656, 5, -0.0756128, -0.0172703, 2.22833e-09, -5.02332e-10, -0.000227197
01001, 15.8775, 5.61992, 0.0237841, 2.65105, 0.5, 0.013, 4, 4.09536, 5, -0.0572939, -0.00322272, -3.91492e-08, -0.000219499, -4.54785e-05
01011, 13.5505, 4.5073, 0.0265051, 2.50764, 0.5, 0.013, 4, 3.93821, 5, -0.0387022, -0.00656885, 4.8007e-08, -0.000213449, 4.18619e-05
00111, 16.4085, 3.26313, -0.0618555, 2.68926, 0.5, 0.013, 4, 3.98296, 5, -0.0365602, -0.0152493, 5.86865e-10, -0.000222654, 1.49624e-05
00110, 19.0406, 3.09909, -0.0619202, 2.61374, 0.5, 0.013, 4, 3.99572, 5, -0.00228243, -0.0174341, 5.54361e-10, 0.000222776, -1.4974e-05
01010, 16.1002, 4.46542, -0.00988678, 2.6232, 0.5, 0.013, 4, 3.90144, 5, -0.00558625, -0.00828368, 2.60662e-08, 0.000213174, -4.16362e-05
10111, 17.7634, 7.66043, 1.62798, 2.66134, 0.5, 0.013, 4, 3.98572, 5, -0.0290783, 0.0146731, 2.8288e-08, -1.69288e-05, -0.000223261
01000, 18.5443, 5.76983, 0.0506372, 2.72185, 0.5, 0.013, 4, 3.98045, 5, -0.0226704, -0.000285936, -2.25661e-08, 0.000219392, 4.53557e-05
10101, 16.531, 8.09664, 1.53245, 2.69988, 0.5, 0.013, 4, 3.92844, 5, -0.0133761, -0.0295626, -9.62811e-07, 0.00141217, 0.00271145
10110, 17.6744, 10.3044, 1.60878, 2.65929, 0.5, 0.013, 4, 3.92057, 5, -0.0294915, 0.0490999, 1.67346e-08, 1.69312e-05, 0.000223267
10100, 16.0114, 10.5969, 1.58811, 2.6828, 0.5, 0.013, 4, 3.90208, 5, -0.0622818, -0.0262442, -8.89282e-07, -0.00141093, -0.00271778
00010, 23.9877, 5.48049, -0.051565, 2.66433, 0.5, 0.013, 4, 4.06591, 5, 0.00336195, 0.0123532, 2.81053e-07, 0.000995048, 0.000168727
00011, 21.3471, 5.53131, -0.0878879, 2.65399, 0.5, 0.013, 4, 3.96211, 5, -0.0308517, 0.00366895, -7.18404e-08, 0.00066119, -0.000115522
00101, 20.4287, 4.24613, -0.0668064, 2.77517, 0.5, 0.013, 4, 3.94929, 5, -0.0163379, -0.00307875, -5.86492e-08, -0.000231028, -3.60926e-05
00100, 23.1976, 4.1929, -0.0224797, 2.79763, 0.5, 0.013, 4, 3.93851, 5, 0.0196623, -0.0028619, -3.07494e-08, 0.000230979, 3.60473e-05
00001, 26.4703, 4.97894, 0.0313421, 2.59134, 0.5, 0.013, 4, 3.98512, 5, 0.020442, -0.0199924, 1.4409e-07, -0.000486331, -0.000775191
00000, 29.0409, 5.23262, -0.000140477, 2.65074, 0.5, 0.013, 4, 4.09221, 5, 0.0484223, 0.0083795, -2.85957e-07, -0.00117188, 0.000728902
11101, 34.0702, 3.81502, 1.56486, 2.67279, 0.5, 0.013, 4, 4.09859, 5, 0.0424392, -0.00723889, 2.53817e-08, 0.000146395, 0.000338587
11111, 35.5758, 1.29824, 1.51026, 2.59994, 0.5, 0.013, 4, 3.99916, 5, 0.0750562, 0.0168691, -7.51014e-07, 0.00148794, 0.000223832
11110, 35.453, 3.89761, 1.55715, 2.71046, 0.5, 0.013, 4, 4.06922, 5, 0.0521724, 0.0468122, -5.00115e-07, -0.00147205, -0.000235613
11001, 35.7215, 7.18742, 1.55679, 2.47541, 0.5, 0.013, 4, 4.04866, 5, 0.0722975, -0.0161169, -2.79246e-07, 4.36437e-05, -5.65477e-05
11100, 34.6738, 6.2633, 1.54137, 2.59462, 0.5, 0.013, 4, 3.94521, 5, 0.0700249, 0.00850966, 2.48029e-08, -0.000142107, -0.000339378
11000, 35.5762, 9.67306, 1.51154, 2.57114, 0.5, 0.013, 4, 3.95788, 5, 0.0546396, 0.0124719, -1.75906e-07, -0.000378106, 8.90042e-05
11011, 36.6419, 5.96111, 1.42398, 2.60902, 0.5, 0.013, 4, 3.93203, 5, 0.0784127, 0.0106451, -2.0544e-07, 0.000389984, -0.000180232
11010, 36.7973, 8.48617, 1.47236, 2.49385, 0.5, 0.013, 4, 3.95602, 5, 0.0746137, 0.0432105, 7.13385e-08, -7.77206e-05, 0.000139281

10010, 6.72244, 6.68539, 1.57552, 3.03865, 0.5, 0.013, 4, 4.08402, 5, -0.127526, -0.00837642, 1.88166e-08, 2.17818e-05, 0.00120773
01110, 6.80926, 4.68268, -0.0180647, 2.82523, 0.5, 0.013, 4, 4.08781, 5, -0.0932254, -0.0346562, 1.19995e-07, 0.00306799, -0.00105869
01111, 4.04293, 4.88789, -0.0318717, 2.7672, 0.5, 0.013, 4, 4.01215, 5, -0.118218, -0.003986, 9.31083e-08, 0.0040994, 0.000166994
01100, 11.3591, 3.32129, 0.0263951, 2.77821, 0.5, 0.013, 4, 4.07675, 5, -0.0427087, -0.0112164, -2.34736e-07, 0.0036008, 0.00177361
01101, 8.6306, 2.94327, 0.0105148, 2.83712, 0.5, 0.013, 4, 4.01884, 5, -0.0697335, -0.0403104, -3.39606e-07, -0.00347269, -0.00572772
10001, 9.29155, 7.53589, 1.62098, 2.92534, 0.5, 0.013, 4, 4.0685, 5, -0.0428394, -0.0216554, 9.45124e-07, -0.00299631, -0.00611941
10011, 8.68765, 4.90003, 1.59965, 2.95127, 0.5, 0.013, 4, 3.95776, 5, -0.0691187, -0.0292369, 1.26629e-06, -0.00379728, 0.00945732
10000, 9.12606, 10.5824, 1.57146, 2.83613, 0.5, 0.013, 4, 4.09656, 5, -0.0756128, -0.0184319, 2.19478e-09, -2.43132e-11, -0.000240735
01001, 15.585, 5.60286, 0.0237815, 2.82909, 0.5, 0.013, 4, 4.09536, 5, -0.0668405, -0.00436206, -1.51106e-07, -0.0158634, -0.00177306
01011, 13.3543, 4.47503, 0.0265077, 2.67605, 0.5, 0.013, 4, 3.93821, 5, -0.0397912, -0.00632929, 5.69983e-08, -0.000223695, 5.46762e-05
10100, 15.6894, 10.4219, 1.58806, 2.86297, 0.5, 0.013, 4, 3.90208, 5, -0.064311, -0.0455732, -7.89879e-07, 0.00123561, -0.00483444
00111, 16.2229, 3.18708, -0.0618555, 2.86987, 0.5, 0.013, 4, 3.98296, 5, -0.0377095, -0.0151714, 8.21361e-10, -0.000237136, 1.62291e-05
00110, 19.032, 3.01173, -0.0619202, 2.78928, 0.5, 0.013, 4, 3.99572, 5, -0.00113216, -0.0175121, 7.91307e-10, 0.00023733, -1.62471e-05
10101, 16.4747, 7.99245, 1.5324, 2.88121, 0.5, 0.013, 4, 3.92844, 5, -0.011319, -0.0102698, -8.17853e-07, -0.0012242, 0.00482804
01010, 16.075, 4.42343, -0.00988529, 2.79937, 0.5, 0.013, 4, 3.90144, 5, -0.00449853, -0.0085219, 3.39328e-08, 0.000223453, -5.436e-05
10111, 17.6178, 7.73093, 1.62798, 2.84008, 0.5, 0.013, 4, 3.98572, 5, -0.0291814, 0.0135189, 3.37963e-08, -2.4731e-05, -0.000238199
01000, 18.414, 5.77399, 0.0506426, 2.90465, 0.5, 0.013, 4, 3.98045, 5, -0.0456577, 0.00746075, 4.4987e-07, -0.00148503, 0.00533533
10110, 17.5272, 10.5528, 1.60879, 2.83789, 0.5, 0.013, 4, 3.92057, 5, -0.0293884, 0.0502541, 2.17919e-08, 2.47345e-05, 0.000238206
00011, 21.2228, 5.54333, -0.0878893, 2.83223, 0.5, 0.013, 4, 3.96211, 5, -0.00165577, -0.00452738, -6.54365e-08, 0.00284946, -0.00571401
00101, 20.344, 4.23023, -0.0668095, 2.96155, 0.5, 0.013, 4, 3.94929, 5, -0.0175303, -0.00329208, -6.76218e-08, -0.000245166, -4.99543e-05
00100, 23.2989, 4.1791, -0.0224815, 2.98551, 0.5, 0.013, 4, 3.93851, 5, 0.0208544, -0.00264884, -3.87085e-08, 0.000245106, 4.98884e-05
00010, 24.0207, 5.54156, -0.0515534, 2.84327, 0.5, 0.013, 4, 4.06591, 5, 0.0161375, 0.0125624, 4.65029e-08, 0.014935, 0.00235923
00001, 26.567, 4.87289, 0.0313444, 2.76537, 0.5, 0.013, 4, 3.98512, 5, 0.0186387, -0.0220285, -1.6973e-09, 0.000673331, -0.000912793
00000, 29.2658, 5.28294, -0.000157266, 2.82876, 0.5, 0.013, 4, 4.09221, 5, 0.0413675, 0.0116192, -3.80577e-07, -0.00143833, 0.00057921
11101, 34.2821, 3.77966, 1.56486, 2.85229, 0.5, 0.013, 4, 4.09859, 5, 0.040947, -0.00878379, 1.365e-07, -0.000900531, -0.00116224
11111, 35.9913, 1.3853, 1.51019, 2.77455, 0.5, 0.013, 4, 3.99916, 5, 0.0948519, 0.0183124, -1.22844e-06, -0.00239434, -0.000354873
11110, 35.7717, 4.13096, 1.55705, 2.89249, 0.5, 0.013, 4, 4.06922, 5, 0.0656935, 0.066034, -1.94962e-06, 0.00103594, -0.0102787
11100, 34.9238, 6.37258, 1.54132, 2.76888, 0.5, 0.013, 4, 3.94521, 5, 0.038292, 0.0303135, -9.20791e-07, 0.00213008, -0.00203797
11000, 35.8448, 9.73521, 1.51153, 2.74382, 0.5, 0.013, 4, 3.95788, 5, 0.0527576, 0.012203, -2.36811e-07, -0.000398949, -9.39676e-05
11001, 36.085, 7.10716, 1.55678, 2.64166, 0.5, 0.013, 4, 4.04866, 5, 0.0730142, -0.0158308, -2.39255e-07, 0.000151236, 8.51871e-05
11011, 37.0364, 6.01219, 1.42397, 2.78424, 0.5, 0.013, 4, 3.93203, 5, 0.0791217, 0.00975632, -1.60304e-07, 6.15805e-05, -0.000187654
11010, 37.1706, 8.70424, 1.47236, 2.66134, 0.5, 0.013, 4, 3.95602, 5, 0.0750744, 0.0440864, 9.6567e-08, 0.000188885, 0.000197027

