1, 23.8783, 6.45567, 1.5708, 2, 0.5, 0.013, 4, 3.95839, 5, 0, 0, 0, 0, 0
0, 23.7014, 4.55602, 1.5708, 2, 0.5, 0.013, 4, 3.91358, 5, 0, 0, 0, 0, 0

1, 23.8969, 6.54398, 1.57559, 2.13432, 0.5, 0.013, 4, 3.95839, 5, 0.00298424, 0.0130112, 0.00083189, 9.0753e-05, 1.86162e-05
0, 23.6828, 4.46771, 1.57559, 2.13432, 0.5, 0.013, 4, 3.91358, 5, -0.00298424, -0.0130112, 0.00083189, -9.0753e-05, -1.86162e-05

1, 23.9132, 6.61001, 1.5803, 2.27766, 0.5, 0.013, 4, 3.95839, 5, 0.00356627, 0.0134405, 0.00105919, 0.000129147, 9.23703e-05
0, 23.6665, 4.40168, 1.5803, 2.27766, 0.5, 0.013, 4, 3.91358, 5, -0.00356627, -0.0134405, 0.00105919, -0.000129147, -9.23703e-05

1, 23.9327, 6.67824, 1.58623, 2.43062, 0.5, 0.013, 4, 3.95839, 5, 0.00425338, 0.0138253, 0.00131591, 0.000144915, 5.83105e-05
0, 23.647, 4.33345, 1.58623, 2.43062, 0.5, 0.013, 4, 3.91358, 5, -0.00425338, -0.0138253, 0.00131591, -0.000144915, -5.83105e-05

1, 23.9558, 6.7479, 1.59349, 2.59386, 0.5, 0.013, 4, 3.95839, 5, 0.00500232, 0.0139905, 0.00158993, 0.000152597, 4.21101e-06
0, 23.6239, 4.2638, 1.59349, 2.59386, 0.5, 0.013, 4, 3.91358, 5, -0.00500232, -0.0139905, 0.00158993, -0.000152597, -4.21101e-06

1, 23.9827, 6.81761, 1.60213, 2.76806, 0.5, 0.013, 4, 3.95839, 5, 0.00574844, 0.0138309, 0.00186255, 0.000141578, -7.15163e-05
0, 23.597, 4.19408, 1.60213, 2.76806, 0.5, 0.013, 4, 3.91358, 5, -0.00574844, -0.0138309, 0.00186255, -0.000141578, 7.15163e-05

0, 23.5666, 4.1262, 1.61206, 2.95396, 0.5, 0.013, 4, 3.91358, 5, -0.00636237, -0.0132484, 0.00209894, -9.71544e-05, 0.000162917
1, 24.0131, 6.8855, 1.61206, 2.95396, 0.5, 0.013, 4, 3.95839, 5, 0.00636237, 0.0132484, 0.00209894, 9.71543e-05, -0.000162917

0, 23.5339, 4.06237, 1.62297, 3.15235, 0.5, 0.013, 4, 3.91358, 5, -0.006643, -0.0122089, 0.00224873, -7.02682e-06, 0.000249489
1, 24.0458, 6.94932, 1.62297, 3.15235, 0.5, 0.013, 4, 3.95839, 5, 0.00664299, 0.0122089, 0.00224873, 7.02682e-06, -0.000249489

0, 23.5011, 4.0047, 1.63431, 3.36406, 0.5, 0.013, 4, 3.91358, 5, -0.00635993, -0.010819, 0.00225914, 0.000125743, 0.000296751
1, 24.0786, 7.00699, 1.63431, 3.36406, 0.5, 0.013, 4, 3.95839, 5, 0.00635993, 0.010819, 0.00225914, -0.000125743, -0.000296751

0, 23.4715, 3.95429, 1.64528, 3.58998, 0.5, 0.013, 4, 3.91358, 5, -0.00536578, -0.00936547, 0.00210253, 0.000268916, 0.000270226
1, 24.1082, 7.0574, 1.64528, 3.58998, 0.5, 0.013, 4, 3.95839, 5, 0.00536578, 0.00936547, 0.00210253, -0.000268916, -0.000270226

0, 23.4485, 3.91045, 1.65511, 3.83108, 0.5, 0.013, 4, 3.91358, 5, -0.00380705, -0.00827654, 0.00181794, 0.000315436, 0.000145705
1, 24.1312, 7.10125, 1.65511, 3.83108, 0.5, 0.013, 4, 3.95839, 5, 0.00380705, 0.00827654, 0.00181794, -0.000315436, -0.000145705

01, 23.5173, 2.94908, 1.65022, 2.0001, 0.5, 0.013, 4, 4.03044, 5, -0.000595422, -0.0210724, 0.00166589, 4.5641e-05, -0.000774499
00, 23.3395, 4.95306, 1.6646, 2.08827, 0.5, 0.013, 4, 3.91358, 5, -0.00267008, 0.00407978, 0.0017562, -4.1943e-05, 0.000711746
11, 24.2331, 6.21115, 1.70695, 2.0064, 0.5, 0.013, 4, 4.00921, 5, 0.00454114, -0.00398262, 0.000650804, 8.48648e-05, -0.00185592
10, 24.0562, 8.21571, 1.66139, 2.08198, 0.5, 0.013, 4, 3.95839, 5, 0.00351591, 0.0191878, 0.000706087, -7.89368e-05, 0.00172628

01, 23.5144, 2.83929, 1.65868, 2.13442, 0.5, 0.013, 4, 4.03044, 5, -0.000621693, -0.0225028, 0.0017251, -2.05718e-05, -0.000184606
00, 23.3261, 4.97753, 1.67353, 2.22852, 0.5, 0.013, 4, 3.91358, 5, -0.00264579, 0.00539681, 0.0018212, 1.89961e-05, 0.000170466
11, 24.2558, 6.1827, 1.71057, 2.14115, 0.5, 0.013, 4, 4.00921, 5, 0.00449534, -0.00640867, 0.00078263, -3.34426e-05, -0.000186298
10, 24.0737, 8.3196, 1.66514, 2.2218, 0.5, 0.013, 4, 3.95839, 5, 0.00355874, 0.0214472, 0.000788446, 3.12349e-05, 0.000174

01, 23.511, 2.72446, 1.66751, 2.27777, 0.5, 0.013, 4, 4.03044, 5, -0.000760255, -0.0234323, 0.00181045, -3.54355e-05, -0.000188406
00, 23.3131, 5.00666, 1.68285, 2.37819, 0.5, 0.013, 4, 3.91358, 5, -0.00251755, 0.00625688, 0.00190802, 3.28536e-05, 0.000174678
11, 24.2778, 6.14837, 1.71479, 2.28494, 0.5, 0.013, 4, 4.00921, 5, 0.00429356, -0.00732452, 0.000907993, -4.76902e-05, -0.000184426
10, 24.0919, 8.42897, 1.6693, 2.37101, 0.5, 0.013, 4, 3.95839, 5, 0.00374756, 0.0223042, 0.000881053, 4.46962e-05, 0.000172848

01, 23.5066, 2.60493, 1.67683, 2.43074, 0.5, 0.013, 4, 4.03044, 5, -0.000984159, -0.0243828, 0.00192552, -5.50664e-05, -0.000190913
00, 23.301, 5.04014, 1.69266, 2.5379, 0.5, 0.013, 4, 3.91358, 5, -0.00230957, 0.00713972, 0.00202163, 5.12294e-05, 0.00017761
11, 24.2986, 6.10943, 1.71969, 2.4384, 0.5, 0.013, 4, 4.00921, 5, 0.00401117, -0.00825387, 0.00105811, -6.61155e-05, -0.000186502
10, 24.1113, 8.54267, 1.67399, 2.53025, 0.5, 0.013, 4, 3.95839, 5, 0.00401264, 0.0231765, 0.000997653, 6.2147e-05, 0.000175308

01, 23.5009, 2.48064, 1.68682, 2.59399, 0.5, 0.013, 4, 4.03044, 5, -0.00132132, -0.0253289, 0.0020762, -8.0916e-05, -0.000185815
00, 23.2902, 5.07805, 1.70312, 2.70835, 0.5, 0.013, 4, 3.91358, 5, -0.0019954, 0.00802116, 0.00216732, 7.54995e-05, 0.000173376
11, 24.3178, 6.06584, 1.72542, 2.60216, 0.5, 0.013, 4, 4.00921, 5, 0.00362309, -0.00917808, 0.00123837, -9.01077e-05, -0.00018165
10, 24.1322, 8.66074, 1.67933, 2.70018, 0.5, 0.013, 4, 3.95839, 5, 0.00437792, 0.0240463, 0.00114327, 8.49127e-05, 0.000171177

01, 23.4932, 2.35173, 1.69767, 2.7682, 0.5, 0.013, 4, 4.03044, 5, -0.00180462, -0.0262183, 0.00226815, -0.000113465, -0.000166953
00, 23.2813, 5.12027, 1.71439, 2.89024, 0.5, 0.013, 4, 3.91358, 5, -0.00154383, 0.00885205, 0.00235003, 0.00010614, 0.000156174
11, 24.3347, 6.01774, 1.73213, 2.77692, 0.5, 0.013, 4, 4.00921, 5, 0.00310015, -0.01005, 0.00145354, -0.000119998, -0.000164471
10, 24.1553, 8.78306, 1.68548, 2.88152, 0.5, 0.013, 4, 3.95839, 5, 0.00487128, 0.0248689, 0.00132269, 0.000113327, 0.000155327

01, 23.4826, 2.2187, 1.70958, 2.95411, 0.5, 0.013, 4, 4.03044, 5, -0.00246393, -0.0269598, 0.00250399, -0.000150584, -0.000124792
00, 23.2751, 5.16635, 1.72668, 3.08434, 0.5, 0.013, 4, 3.91358, 5, -0.000926354, 0.00954646, 0.00257179, 0.000141175, 0.000116995
11, 24.3485, 5.96556, 1.74001, 2.96341, 0.5, 0.013, 4, 4.00921, 5, 0.00241611, -0.0107887, 0.00170553, -0.00015392, -0.00012676
10, 24.1812, 8.90922, 1.69262, 3.07504, 0.5, 0.013, 4, 3.95839, 5, 0.00551795, 0.0255672, 0.00153849, 0.00014564, 0.000119941

01, 23.4682, 2.08262, 1.72277, 3.1525, 0.5, 0.013, 4, 4.03044, 5, -0.00330452, -0.0274066, 0.00277737, -0.000183736, -4.69244e-05
00, 23.2723, 5.21528, 1.74017, 3.29148, 0.5, 0.013, 4, 3.91358, 5, -0.000137474, 0.0099657, 0.00282614, 0.000172593, 4.40784e-05
11, 24.3585, 5.91028, 1.74924, 3.16243, 0.5, 0.013, 4, 4.00921, 5, 0.00156558, -0.0112654, 0.00198854, -0.000184734, -5.77646e-05
10, 24.2107, 9.03832, 1.70092, 3.28156, 0.5, 0.013, 4, 3.95839, 5, 0.00632343, 0.0260186, 0.00178661, 0.000175089, 5.47486e-05

01, 23.4494, 1.94546, 1.73737, 3.36422, 0.5, 0.013, 4, 4.03044, 5, -0.00426163, -0.0273525, 0.00306266, -0.000192586, 7.62779e-05
00, 23.2739, 5.26523, 1.75496, 3.51253, 0.5, 0.013, 4, 3.91358, 5, 0.000762386, 0.00991478, 0.00308888, 0.000181218, -7.17753e-05
11, 24.364, 5.85364, 1.75992, 3.37482, 0.5, 0.013, 4, 4.00921, 5, 0.0006014, -0.0112983, 0.00228075, -0.000195527, 5.16339e-05
10, 24.2446, 9.16871, 1.71051, 3.50194, 0.5, 0.013, 4, 3.95839, 5, 0.00723797, 0.0260497, 0.00204865, 0.000185592, -4.90104e-05

01, 23.4258, 1.8103, 1.75332, 3.59016, 0.5, 0.013, 4, 4.03044, 5, -0.00513435, -0.0265805, 0.0033038, -0.000143839, 0.00023606
00, 23.2798, 5.3133, 1.77099, 3.74843, 0.5, 0.013, 4, 3.91358, 5, 0.00158421, 0.00918771, 0.00330811, 0.000135556, -0.000222466
11, 24.3646, 5.79838, 1.77198, 3.60147, 0.5, 0.013, 4, 4.00921, 5, -0.00030885, -0.0106875, 0.00253483, -0.000157704, 0.000196888
10, 24.283, 9.29779, 1.72136, 3.73713, 0.5, 0.013, 4, 3.95839, 5, 0.00810252, 0.0254695, 0.00228265, 0.000149888, -0.000187129

01, 23.373, 1.85981, 1.78501, 3.83127, 0.5, 0.013, 4, 4.03044, 5, -0.0179244, 0.0199032, 0.0088669, -0.00306251, 0.00181657
001, 23.5306, 4.42557, 1.78844, 1.98887, 0.5, 0.013, 4, 3.90183, 5, 0.0337715, -0.00353834, -0.0150842, 0.0127231, -0.00450656
000, 23.0466, 6.30739, 1.73924, 2.0113, 0.5, 0.013, 4, 3.91358, 5, -0.0265899, -0.00682938, -0.0276769, -0.00386696, 0.00455863
11, 24.3635, 5.75122, 1.7846, 3.84334, 0.5, 0.013, 4, 4.00921, 5, 0.00228061, -0.00442233, 0.00191208, -0.00127124, -0.00219131
101, 24.4724, 8.47811, 1.73077, 1.97198, 0.5, 0.013, 4, 3.90753, 5, 0.0022953, 0.00630351, -0.00703438, 0.00505905, -0.00153457
100, 24.1548, 10.433, 1.72794, 2.01613, 0.5, 0.013, 4, 3.95839, 5, 0.000222261, 0.010931, -0.00669055, -0.00128202, 0.00759961

011, 23.5873, 0.98984, 1.73769, 2.03115, 0.5, 0.013, 4, 4.01718, 5, 0.0520468, 0.00502837, -0.0458099, 0.0228901, 0.00535805
010, 23.0323, 2.8599, 1.77977, 2.05743, 0.5, 0.013, 4, 4.03044, 5, -0.0178985, -0.0570138, -0.0397286, -0.0176471, 0.0364213
001, 23.6734, 4.35931, 1.71523, 2.12244, 0.5, 0.013, 4, 3.90183, 5, 0.0115146, -0.0190862, -0.0160971, -0.00138203, 0.00142911
000, 22.9175, 6.22146, 1.59843, 2.14638, 0.5, 0.013, 4, 3.91358, 5, -0.021391, -0.0276479, -0.0275402, 0.00175663, -0.002252
111, 24.6347, 4.7751, 1.81653, 2.03959, 0.5, 0.013, 4, 3.93716, 5, 0.0264748, -0.00611689, -0.0106502, -0.00349436, -0.0047852
110, 24.1283, 6.71898, 1.78676, 2.06186, 0.5, 0.013, 4, 4.00921, 5, -0.00781653, 0.0051552, -0.0035603, -0.00237537, 0.00415517
101, 24.5457, 8.51108, 1.70824, 2.10441, 0.5, 0.013, 4, 3.90753, 5, 0.0224492, 0.00655467, -0.00322427, 0.00112722, -0.000104634
100, 24.142, 10.5477, 1.69301, 2.15153, 0.5, 0.013, 4, 3.95839, 5, -0.00465643, 0.0273548, -0.00742278, -0.000429881, -0.000660698

011, 23.8715, 1.07214, 1.47794, 2.16756, 0.5, 0.013, 4, 4.01718, 5, 0.0356662, 0.0117706, -0.0511699, -4.34859e-259, -0.00232551
010, 22.954, 2.51321, 1.5598, 2.1956, 0.5, 0.013, 4, 4.03044, 5, 0.00659459, -0.0961732, -0.0405672, 0.000425236, -0.00146656
001, 23.7152, 4.26543, 1.62344, 2.26498, 0.5, 0.013, 4, 3.90183, 5, 0.00791444, -0.0166543, -0.018778, -0.000401912, 0.00138612
000, 22.8191, 6.07364, 1.46266, 2.29053, 0.5, 0.013, 4, 3.91358, 5, -0.0194521, -0.0298079, -0.0271009, 2.96439e-323, -2.96439e-323
111, 24.7473, 4.73823, 1.76578, 2.17656, 0.5, 0.013, 4, 3.93716, 5, 0.0215206, -0.00501172, -0.0102632, -6.7463e-05, 0.00122262
110, 24.0822, 6.76298, 1.76696, 2.20034, 0.5, 0.013, 4, 4.00921, 5, -0.0082062, 0.0103912, -0.00455904, 0.000834702, 0.000304176
101, 24.6604, 8.53907, 1.69098, 2.24574, 0.5, 0.013, 4, 3.90753, 5, 0.0217536, 0.00455863, -0.00390261, -0.000811383, -0.000289299
100, 24.1158, 10.6716, 1.65427, 2.29603, 0.5, 0.013, 4, 3.95839, 5, -0.00537687, 0.0218646, -0.00796469, 6.80739e-05, -0.00111356

010, 23.0098, 2.0291, 1.35094, 2.34306, 0.5, 0.013, 4, 4.03044, 5, 0.0171984, -0.0948949, -0.0432821, 0.00256526, 0.0018724
001, 23.7331, 4.18522, 1.52487, 2.4171, 0.5, 0.013, 4, 3.90183, 5, -0.00212378, -0.0178675, -0.0210212, -0.00243123, -0.00177457
000, 22.7218, 5.9246, 1.32716, 2.44436, 0.5, 0.013, 4, 3.91358, 5, -0.0194521, -0.0298079, -0.0271009, 1.4822e-323, -1.4822e-323
011, 24.0498, 1.10736, 1.20992, 2.31313, 0.5, 0.013, 4, 4.01718, 5, 0.0356662, 0.00165924, -0.0557834, -2.47033e-323, -0.00246539
111, 24.8531, 4.72649, 1.71373, 2.32274, 0.5, 0.013, 4, 3.93716, 5, 0.020664, -5.6189e-05, -0.0104816, -0.00025469, 0.000788873
110, 24.0521, 6.8167, 1.74156, 2.34811, 0.5, 0.013, 4, 4.00921, 5, -0.00381312, 0.0107654, -0.0054964, 0.000857341, -0.000101191
101, 24.7586, 8.55997, 1.66936, 2.39657, 0.5, 0.013, 4, 3.90753, 5, 0.0175717, 0.00409708, -0.00466423, -0.000798014, 6.33749e-05
100, 24.0904, 10.769, 1.61413, 2.45023, 0.5, 0.013, 4, 3.95839, 5, -0.00464994, 0.0174529, -0.00804364, 0.000203814, -0.000686488

010, 23.119, 1.58435, 1.13064, 2.50041, 0.5, 0.013, 4, 4.03044, 5, 0.023723, -0.0854736, -0.0442674, 6.42285e-323, 6.42285e-323
001, 23.7005, 4.0677, 1.41506, 2.57943, 0.5, 0.013, 4, 3.90183, 5, -0.00831192, -0.0268046, -0.022313, -6.42285e-323, -6.42285e-323
000, 22.6245, 5.77557, 1.19165, 2.60852, 0.5, 0.013, 4, 3.91358, 5, -0.0194521, -0.0298079, -0.0271009, 9.88131e-324, -9.88131e-324
011, 24.2281, 1.08174, 0.923841, 2.46848, 0.5, 0.013, 4, 4.01718, 5, 0.0356662, -0.012404, -0.0582034, -1.4822e-323, -0.00305614
111, 24.953, 4.7345, 1.66151, 2.47873, 0.5, 0.013, 4, 3.93716, 5, 0.0192535, 0.00295833, -0.0103727, -0.000308234, 0.000454742
110, 24.0486, 6.87062, 1.71157, 2.50581, 0.5, 0.013, 4, 4.00921, 5, 0.00239938, 0.0106316, -0.00646665, 0.000915237, -0.000226586
101, 24.8645, 8.55028, 1.6365, 2.55752, 0.5, 0.013, 4, 3.90753, 5, 0.0194138, -0.000918828, -0.00739472, -0.00197023, 0.00177292
100, 24.0385, 10.6951, 1.5677, 2.61478, 0.5, 0.013, 4, 3.95839, 5, -0.0109164, -0.0172483, -0.00974592, 0.00132916, -0.000117617

001, 23.659, 3.93367, 1.3035, 2.75266, 0.5, 0.013, 4, 3.90183, 5, -0.00831192, -0.0268046, -0.022313, -4.44659e-323, -4.44659e-323
010, 23.1879, 1.19201, 0.904184, 2.66834, 0.5, 0.013, 4, 4.03044, 5, -0.00278637, -0.0647016, -0.0459631, -0.00439977, 0.00535815
000, 22.5273, 5.62653, 1.05615, 2.7837, 0.5, 0.013, 4, 3.91358, 5, -0.0194521, -0.0298079, -0.0271009, 9.88131e-324, -9.88131e-324
011, 24.4573, 0.982059, 0.639752, 2.63426, 0.5, 0.013, 4, 4.01718, 5, 0.0627369, -0.0262367, -0.0544891, 0.00449151, -0.00238934
111, 25.0443, 4.75466, 1.61051, 2.6452, 0.5, 0.013, 4, 3.93716, 5, 0.0170883, 0.00501911, -0.00996562, -0.000486271, 0.000309355
110, 24.0661, 6.91904, 1.67973, 2.67409, 0.5, 0.013, 4, 4.00921, 5, 0.0037166, 0.00864567, -0.00600112, -0.000143509, -0.000353275
101, 24.9403, 8.56434, 1.60345, 2.72928, 0.5, 0.013, 4, 3.90753, 5, 0.0118813, 0.00539985, -0.00551909, -0.000739495, 0.000495306
100, 24.0039, 10.6076, 1.52229, 2.79039, 0.5, 0.013, 4, 3.95839, 5, -0.00288889, -0.0177977, -0.00834654, 0.00129528, -0.000119296

001, 23.6174, 3.79965, 1.19193, 2.93753, 0.5, 0.013, 4, 3.90183, 5, -0.00831192, -0.0268046, -0.022313, -2.96439e-323, -2.96439e-323
010, 23.1805, 1.06049, 0.654847, 2.84754, 0.5, 0.013, 4, 4.03044, 5, -0.00243675, -0.0228187, -0.0480708, -0.00216235, -0.00125252
000, 22.43, 5.47749, 0.920642, 2.97065, 0.5, 0.013, 4, 3.91358, 5, -0.0194521, -0.0298079, -0.0271009, 9.88131e-324, -9.88131e-324
100, 23.9924, 10.5169, 1.48058, 2.97779, 0.5, 0.013, 4, 3.95839, 5, -0.00226114, -0.0184998, -0.00846433, 3.95253e-323, -0.000145717
011, 24.7642, 0.819525, 0.367044, 2.81117, 0.5, 0.013, 4, 4.01718, 5, 0.0623793, -0.0398625, -0.0539715, 0.00220577, -0.00279081
111, 25.1282, 4.78072, 1.56103, 2.82285, 0.5, 0.013, 4, 3.93716, 5, 0.0167394, 0.00522754, -0.00989, -4.94066e-323, 4.94066e-323
110, 24.0816, 6.96111, 1.65066, 2.85368, 0.5, 0.013, 4, 4.00921, 5, 0.0027466, 0.00842053, -0.00578554, -3.58358e-05, 2.04386e-05
101, 25.0011, 8.59246, 1.57772, 2.91257, 0.5, 0.013, 4, 3.90753, 5, 0.0125029, 0.00561414, -0.00501766, 3.47324e-05, -1.98093e-05

001, 23.5759, 3.66563, 1.08037, 3.13481, 0.5, 0.013, 4, 3.90183, 5, -0.00831192, -0.0268046, -0.022313, -2.47033e-323, -2.47033e-323
010, 23.1406, 0.951235, 0.447437, 3.03878, 0.5, 0.013, 4, 4.03044, 5, -0.0116542, -0.0125402, -0.0352815, -1.4614e-05, 0.00556225
000, 22.3328, 5.32845, 0.785138, 3.17016, 0.5, 0.013, 4, 3.91358, 5, -0.0194521, -0.0298079, -0.0271009, 9.88131e-324, -9.88131e-324
100, 23.9811, 10.4227, 1.4376, 3.17778, 0.5, 0.013, 4, 3.95839, 5, -0.00226114, -0.0191874, -0.00872769, 2.96439e-323, -0.000128547
011, 25.1044, 0.587173, 0.101748, 2.99997, 0.5, 0.013, 4, 4.01718, 5, 0.0717793, -0.0521173, -0.0525028, 1.48975e-05, -0.00186228
111, 25.2119, 4.80685, 1.51158, 3.01243, 0.5, 0.013, 4, 3.93716, 5, 0.0167394, 0.00522754, -0.00989, -3.45846e-323, 3.45846e-323
110, 24.0952, 7.00349, 1.62157, 3.04533, 0.5, 0.013, 4, 4.00921, 5, 0.00272527, 0.00853077, -0.00585525, 9.25022e-06, 2.18766e-05
101, 25.0638, 8.62027, 1.55285, 3.10818, 0.5, 0.013, 4, 3.90753, 5, 0.0125236, 0.00550723, -0.00493761, -8.97447e-06, -2.12244e-05

001, 23.5343, 3.5316, 0.968803, 3.34534, 0.5, 0.013, 4, 3.90183, 5, -0.00831192, -0.0268046, -0.022313, -1.97626e-323, -1.97626e-323
010, 23.0905, 0.944544, 0.293681, 3.24286, 0.5, 0.013, 4, 4.03044, 5, -0.00819882, 0.0101876, -0.0260646, 0.0012045, 0.00328792
000, 22.228, 5.1792, 0.650557, 3.38307, 0.5, 0.013, 4, 3.91358, 5, -0.0252644, -0.0299423, -0.0263981, -0.00184885, -1.67925e-05
100, 23.9698, 10.3252, 1.39331, 3.39119, 0.5, 0.013, 4, 3.95839, 5, -0.00226114, -0.0197771, -0.00898991, 2.47033e-323, -0.000106488
011, 25.455, 0.441632, -0.0380466, 3.20145, 0.5, 0.013, 4, 4.01718, 5, 0.0682579, -0.00562565, -0.00660182, -0.00122716, 0.000840465
111, 25.2956, 4.83299, 1.46213, 3.21474, 0.5, 0.013, 4, 3.93716, 5, 0.0167394, 0.00522754, -0.00989, -2.96439e-323, 2.96439e-323
110, 24.1159, 7.04659, 1.59382, 3.24986, 0.5, 0.013, 4, 4.00921, 5, 0.00780972, 0.00874525, -0.00454123, 0.00123954, 2.11033e-05
101, 25.1272, 8.64758, 1.52851, 3.31692, 0.5, 0.013, 4, 3.90753, 5, 0.0135669, 0.00543734, -0.00465885, 0.000697967, -3.22054e-06

001, 23.4879, 3.39832, 0.858056, 3.57001, 0.5, 0.013, 4, 3.90183, 5, -0.0134473, -0.0259892, -0.0214407, -0.00253644, 0.000451158
010, 23.025, 1.00057, 0.171825, 3.46065, 0.5, 0.013, 4, 4.03044, 5, -0.0228824, 0.00662552, -0.024256, -0.00476136, -0.00375282
000, 22.0942, 5.02725, 0.51887, 3.61027, 0.5, 0.013, 4, 3.91358, 5, -0.02671, -0.030666, -0.0264353, 4.98892e-05, -0.000107217
100, 23.9203, 10.2345, 1.33521, 3.61894, 0.5, 0.013, 4, 3.95839, 5, -0.0173653, -0.019336, -0.0140131, -0.000706186, -0.000782937
011, 25.8212, 0.433928, -0.0558683, 3.41645, 0.5, 0.013, 4, 4.01718, 5, 0.0832126, 0.00497754, -0.00247542, 0.00484845, 0.00373111
111, 25.3843, 4.85835, 1.41322, 3.43064, 0.5, 0.013, 4, 3.93716, 5, 0.0221707, 0.00436511, -0.00929836, 0.00268187, -0.000477025
110, 24.1865, 7.02639, 1.56581, 3.46811, 0.5, 0.013, 4, 4.00921, 5, 0.0176279, -0.0100906, -0.00698383, -0.000679197, 0.002779
101, 25.2114, 8.67458, 1.50872, 3.53968, 0.5, 0.013, 4, 3.90753, 5, 0.021099, 0.00528942, -0.00304727, 0.00133701, -8.42944e-05

001, 23.4009, 3.27263, 0.754254, 3.80977, 0.5, 0.013, 4, 3.90183, 5, -0.0197976, -0.0244831, -0.0203375, -0.000621181, 0.000217968
010, 22.861, 0.949556, 0.0362609, 3.69306, 0.5, 0.013, 4, 4.03044, 5, -0.0353345, -0.0349198, -0.0319181, 0.00483044, -0.011978
000, 21.9604, 4.87175, 0.386052, 3.85273, 0.5, 0.013, 4, 3.91358, 5, -0.0265763, -0.0316214, -0.0267292, 0.000314085, -0.000184659
100, 23.8494, 10.1359, 1.2696, 3.86199, 0.5, 0.013, 4, 3.95839, 5, -0.00816533, -0.0195011, -0.0116389, 0.00276313, 4.28316e-05
011, 26.2878, 0.527617, -0.0818077, 3.6459, 0.5, 0.013, 4, 4.01718, 5, 0.0958911, 0.0349155, -0.0106845, -0.00491654, 0.00522423
111, 25.5161, 4.87568, 1.3697, 3.66104, 0.5, 0.013, 4, 3.93716, 5, 0.0288816, 0.00277361, -0.00825129, 0.000655899, -0.000230151
110, 24.2549, 7.0213, 1.53382, 3.70103, 0.5, 0.013, 4, 4.00921, 5, 0.0087128, 0.00687685, -0.00537295, -0.00201959, 0.00199512
101, 25.3201, 8.70007, 1.4946, 3.7774, 0.5, 0.013, 4, 3.90753, 5, 0.0201465, 0.00498486, -0.00302609, -0.00120583, -4.67513e-06

0011, 22.6609, 2.54952, 0.575933, 2.00503, 0.5, 0.013, 4, 4.08639, 5, -0.00283631, -0.024201, -0.0426128, 0.00137356, 0.000916549
010, 22.8058, 0.694235, -0.139822, 3.94108, 0.5, 0.013, 4, 4.03044, 5, 0.00709211, -0.0186559, -0.0293874, 5.92879e-323, 0.107356
0001, 20.9436, 4.46868, 0.190849, 2.00451, 0.5, 0.013, 4, 3.97574, 5, -0.0360384, -0.0148062, -0.0289402, 0.00406872, 0.00140115
0000, 22.7899, 5.19927, 0.247823, 2.10697, 0.5, 0.013, 4, 3.91358, 5, -0.0225125, 0.00495769, -0.0285452, -2.62878e-05, -2.21031e-05
1001, 23.4467, 9.16151, 1.2028, 2.06033, 0.5, 0.013, 4, 3.97356, 5, -0.0337119, -0.0188152, 0.000210549, -0.00322573, -0.00355825
0010, 24.1435, 3.87256, 0.592374, 2.06059, 0.5, 0.013, 4, 3.90183, 5, -0.00229721, -0.00351449, -0.0381022, -0.00437087, 0.0023862
011, 26.6436, 0.700793, -0.162855, 3.89075, 0.5, 0.013, 4, 4.01718, 5, 0.052716, 0.0295323, -0.0177609, -4.94066e-323, -8.14606e-05
1011, 25.2721, 7.79706, 1.39225, 1.98502, 0.5, 0.013, 4, 4.09888, 5, -0.00672259, -0.00477342, -0.0259073, 0.00172526, -0.00142019
111, 25.6292, 4.89429, 1.32512, 3.90691, 0.5, 0.013, 4, 3.93716, 5, 0.0203648, 0.00268214, -0.00899232, 0.00111982, -0.00118749
110, 24.3305, 7.07492, 1.51571, 3.94959, 0.5, 0.013, 4, 4.00921, 5, 0.0121693, 0.00911842, -0.00438742, -0.00185165, -0.000289222
1000, 24.1433, 11.0077, 1.23085, 2.06102, 0.5, 0.013, 4, 3.95839, 5, 0.00554352, -0.0105153, -0.00730771, 0.00322364, -0.000908076
1010, 25.4367, 9.77287, 1.43387, 2.04607, 0.5, 0.013, 4, 3.90753, 5, -0.00937821, 0.0157888, -0.0222437, -0.000282748, 0.000830735

0101, 21.8166, 0.74534, -0.61553, 2.12657, 0.5, 0.013, 4, 3.98584, 5, 0.0111714, 0.0586501, -0.126195, 4.44659e-323, 0.00645595
0011, 22.6572, 2.43594, 0.362421, 2.13969, 0.5, 0.013, 4, 4.08639, 5, 0.00174664, -0.018768, -0.0421997, 4.94066e-323, 4.94066e-323
0100, 23.802, 0.731082, -0.614773, 2.0792, 0.5, 0.013, 4, 4.03044, 5, 0.0109181, 0.0663063, -0.134066, -3.95253e-323, 0.000533146
0001, 20.8021, 4.41281, 0.0477004, 2.13913, 0.5, 0.013, 4, 3.97574, 5, -0.022713, -0.00755432, -0.0280647, 0.00150265, 0.00137737
0000, 22.6742, 5.22038, 0.106619, 2.24847, 0.5, 0.013, 4, 3.91358, 5, -0.0245973, 0.00188886, -0.0278182, -0.000530063, -0.0011252
1001, 23.252, 9.07232, 1.21048, 2.1987, 0.5, 0.013, 4, 3.97356, 5, -0.0423268, -0.0119951, 0.00293773, -0.000729247, 0.00332907
0111, 25.8402, 0.74024, -0.503378, 2.12352, 0.5, 0.013, 4, 3.91737, 5, 0.0565044, 0.0316358, -0.101211, 4.44659e-323, 0.0551257
1111, 25.5642, 3.99297, 1.24465, 2.05008, 0.5, 0.013, 4, 3.90563, 5, 0.0196489, -0.000902212, -0.0159933, 0.000369652, 0.000434235
0010, 24.0314, 3.85486, 0.415387, 2.19898, 0.5, 0.013, 4, 3.90183, 5, -0.0139506, -0.0103681, -0.0369182, -1.8547e-05, 0.00019857
0110, 27.8117, 0.704558, -0.495012, 2.02854, 0.5, 0.013, 4, 4.01718, 5, 0.0560262, 0.0567937, -0.112455, -5.43472e-323, 0.000716754
1101, 24.3007, 5.99505, 1.51704, 2.15359, 0.5, 0.013, 4, 3.9372, 5, 0.00414223, -0.00469259, -0.0145689, -0.000563444, -0.000324295
1011, 25.3157, 7.77278, 1.28646, 2.11834, 0.5, 0.013, 4, 4.09888, 5, -0.00476299, -0.000432933, -0.0236719, -0.000997033, 0.000804449
1110, 25.9204, 5.99601, 1.24821, 2.11922, 0.5, 0.013, 4, 3.93716, 5, 0.00379089, 0.0209818, -0.0165453, -0.000326947, -0.00062013
1100, 24.2984, 8.05938, 1.41792, 2.06125, 0.5, 0.013, 4, 4.00921, 5, -0.00754017, 0.0160577, -0.0199126, 0.0007263, -5.37288e-05
1000, 24.1971, 10.9488, 1.1958, 2.19944, 0.5, 0.013, 4, 3.95839, 5, 0.014153, -0.0125542, -0.00613525, 0.000728801, -0.000238163
1010, 25.3865, 9.83752, 1.3219, 2.18348, 0.5, 0.013, 4, 3.90753, 5, -0.0105128, 0.0115809, -0.0225335, -4.70946e-05, -0.000534652

0010, 23.957, 3.80716, 0.231634, 2.34666, 0.5, 0.013, 4, 3.90183, 5, -0.016216, -0.00852189, -0.0365357, -0.000616108, 0.000456695
0101, 21.815, 0.985378, -1.27188, 2.26938, 0.5, 0.013, 4, 3.98584, 5, -0.02483, 0.0222463, -0.134315, 0.00166266, 0.0020268
0011, 22.7214, 2.43356, 0.1338, 2.28339, 0.5, 0.013, 4, 4.08639, 5, 0.0331787, 0.0501355, -0.052683, -0.00775612, 0.0162816
0100, 23.858, 1.03183, -1.34738, 2.21884, 0.5, 0.013, 4, 4.03044, 5, 0.0153095, 0.0382039, -0.163075, 0.0064353, -0.0157427
0001, 20.696, 4.38285, -0.0908933, 2.28279, 0.5, 0.013, 4, 3.97574, 5, -0.0209693, -0.00573183, -0.0276596, 2.96439e-323, 2.96439e-323
0000, 22.544, 5.22289, -0.0312918, 2.39947, 0.5, 0.013, 4, 3.91358, 5, -0.0288805, 3.84959e-05, -0.0276545, -0.000989939, -4.70496e-05
1001, 23.04, 9.05661, 1.23011, 2.34637, 0.5, 0.013, 4, 3.97356, 5, -0.0407983, 0.00553807, 0.00452093, 0.00123051, 0.0031568
0111, 26.1227, 0.996417, -1.01072, 2.26613, 0.5, 0.013, 4, 3.91737, 5, 0.0565044, 0.0501972, -0.107328, 1.97626e-323, -0.00261
1111, 25.6702, 3.99656, 1.1688, 2.18776, 0.5, 0.013, 4, 3.90563, 5, 0.0227758, 0.00255985, -0.014016, 0.000522921, 0.000704835
1101, 24.2912, 5.94813, 1.45074, 2.29822, 0.5, 0.013, 4, 3.9372, 5, -0.00680873, -0.0156223, -0.0109101, 0.000411399, -0.000651394
1011, 25.3173, 7.81059, 1.17196, 2.2606, 0.5, 0.013, 4, 4.09888, 5, 0.00738871, 0.017273, -0.0217881, 0.000504319, 0.00190894
1110, 25.937, 6.08888, 1.16551, 2.26154, 0.5, 0.013, 4, 3.93716, 5, 0.00327352, 0.0157536, -0.0163606, 0.00016534, -0.00115112
1100, 24.2387, 8.10955, 1.32447, 2.19968, 0.5, 0.013, 4, 4.00921, 5, -0.0222278, -0.000161239, -0.0165457, -0.00169945, -0.00179362
1000, 24.2683, 10.8836, 1.17038, 2.34715, 0.5, 0.013, 4, 3.95839, 5, 0.0126254, -0.0134209, -0.00426571, -0.00122979, -0.000105761
1010, 25.3594, 9.90736, 1.21367, 2.33012, 0.5, 0.013, 4, 3.90753, 5, 0.00472223, 0.020278, -0.0199289, 0.00169485, 0.000493831
0110, 28.0919, 0.97998, -1.08759, 2.16477, 0.5, 0.013, 4, 4.01718, 5, 0.0560262, 0.0492411, -0.127209, -3.95253e-323, -0.00450888

0010, 23.8693, 3.76963, 0.0497016, 2.50426, 0.5, 0.013, 4, 3.90183, 5, -0.0185404, -0.00716194, -0.0364371, -0.000151672, -0.000399388
0101, 21.7693, 1.09493, -2.06452, 2.42179, 0.5, 0.013, 4, 3.98584, 5, 0.00706456, -0.00655425, -0.175219, 0.00242477, -0.0468335
0011, 22.818, 2.61015, -0.132191, 2.43674, 0.5, 0.013, 4, 4.08639, 5, 0.00550433, -0.00540389, -0.0463071, -0.00239955, -0.0200901
0100, 23.9258, 1.03039, -2.23583, 2.36785, 0.5, 0.013, 4, 4.03044, 5, 0.0112294, -0.05974, -0.183653, -2.96439e-323, -0.0239249
0001, 20.5912, 4.35419, -0.229191, 2.4361, 0.5, 0.013, 4, 3.97574, 5, -0.0209693, -0.00573183, -0.0276596, 1.4822e-323, 1.4822e-323
0000, 22.3949, 5.22332, -0.170139, 2.56062, 0.5, 0.013, 4, 3.91358, 5, -0.0299727, 0.000184038, -0.0278653, 6.70714e-05, 3.56997e-05
1001, 22.8554, 9.11648, 1.25195, 2.50394, 0.5, 0.013, 4, 3.97356, 5, -0.0325982, 0.0168976, 0.00395398, 0.00181089, 0.00137814
0111, 26.4052, 1.18622, -1.5918, 2.41832, 0.5, 0.013, 4, 3.91737, 5, 0.0565044, 0.0188297, -0.125108, 1.97626e-323, -0.0107472
1111, 25.79, 4.01127, 1.10524, 2.33469, 0.5, 0.013, 4, 3.90563, 5, 0.0249986, 0.00285437, -0.0118577, 0.000170941, 0.000450129
1101, 24.2588, 5.87107, 1.39863, 2.45257, 0.5, 0.013, 4, 3.9372, 5, -0.00672739, -0.0144689, -0.010156, -0.000192867, 0.000443596
1011, 25.3548, 7.90982, 1.06261, 2.41242, 0.5, 0.013, 4, 4.09888, 5, 0.00716134, 0.0212794, -0.0222103, -0.000287472, 0.000398639
1110, 25.9549, 6.16043, 1.08469, 2.41343, 0.5, 0.013, 4, 3.93716, 5, 0.00365567, 0.0140261, -0.016123, 1.97626e-323, -1.97626e-323
1100, 24.1237, 8.09213, 1.24316, 2.34741, 0.5, 0.013, 4, 4.00921, 5, -0.02226, -0.00649794, -0.0160198, 0.000567671, -0.0011222
1000, 24.3121, 10.8156, 1.14972, 2.50478, 0.5, 0.013, 4, 3.95839, 5, 0.00442987, -0.0137145, -0.00432148, -0.00180988, -1.83202e-05
1010, 25.3894, 10.0103, 1.11489, 2.48661, 0.5, 0.013, 4, 3.90753, 5, 0.00603382, 0.0209267, -0.0198603, -0.00012335, 0.000167461
0110, 28.372, 1.12614, -1.78003, 2.31015, 0.5, 0.013, 4, 4.01718, 5, 0.0560262, -0.000441018, -0.148352, -1.97626e-323, -0.0155748

0010, 23.7783, 3.7272, -0.13495, 2.67244, 0.5, 0.013, 4, 3.90183, 5, -0.0172201, -0.00997925, -0.0374528, 0.000638467, -0.000621399
0101, 21.7594, 0.713239, -2.89353, 2.58444, 0.5, 0.013, 4, 3.98584, 5, -0.0633384, -0.0815253, -0.149559, -0.0231994, -0.00988663
0011, 22.8418, 2.55538, -0.358448, 2.60039, 0.5, 0.013, 4, 4.08639, 5, 0.00474196, -0.0111393, -0.0452175, -4.44659e-323, -4.44659e-323
0001, 20.4863, 4.32553, -0.36749, 2.59971, 0.5, 0.013, 4, 3.97574, 5, -0.0209693, -0.00573183, -0.0276596, 9.88131e-324, 9.88131e-324
0000, 22.2469, 5.22459, -0.309825, 2.73259, 0.5, 0.013, 4, 3.91358, 5, -0.0289588, 0.000316994, -0.0279825, 0.000357163, 2.21528e-05
1001, 22.7141, 9.212, 1.26823, 2.67211, 0.5, 0.013, 4, 3.97356, 5, -0.02429, 0.0202197, 0.00252831, 0.00134375, 7.61792e-05
0100, 24.0328, 0.509005, -3.12652, 2.52687, 0.5, 0.013, 4, 4.03044, 5, 0.085102, -0.130711, -0.17326, 0.0240741, 0.0013178
0111, 26.6878, 1.11762, -2.23963, 2.58073, 0.5, 0.013, 4, 3.91737, 5, 0.0565044, -0.0487147, -0.130361, 9.88131e-324, -0.013536
1111, 25.913, 4.03299, 1.04564, 2.49148, 0.5, 0.013, 4, 3.90563, 5, 0.0235162, 0.00602086, -0.0121795, -0.000715931, 0.000696793
1101, 24.2256, 5.80069, 1.34735, 2.61728, 0.5, 0.013, 4, 3.9372, 5, -0.00598846, -0.0141133, -0.0106504, 0.000342929, 7.69167e-05
1110, 25.9732, 6.23056, 1.00408, 2.57551, 0.5, 0.013, 4, 3.93716, 5, 0.00365567, 0.0140261, -0.016123, 9.88131e-324, -9.88131e-324
1011, 25.385, 8.01937, 0.949069, 2.57444, 0.5, 0.013, 4, 4.09888, 5, 0.00454845, 0.0221102, -0.0232396, -0.0007453, -0.000103388
1100, 24.0178, 8.05082, 1.16325, 2.50506, 0.5, 0.013, 4, 4.00921, 5, -0.0204679, -0.00917209, -0.0161707, 0.000316103, -0.000257394
1000, 24.3125, 10.7471, 1.12486, 2.673, 0.5, 0.013, 4, 3.95839, 5, -0.00387377, -0.0136179, -0.00574977, -0.00134303, 4.99264e-05
1010, 25.4175, 10.1176, 1.01434, 2.65361, 0.5, 0.013, 4, 3.90753, 5, 0.00510673, 0.0220775, -0.0204055, -0.000287707, 0.000234272
0110, 28.6521, 0.920818, -2.52929, 2.4653, 0.5, 0.013, 4, 4.01718, 5, 0.0560262, -0.0785318, -0.147282, -1.4822e-323, -0.0123106

