1, 23.5, 5.75, 1.5708, 2, 0.5, 0.013, 4, 3.9261, 5, 0, 0, 0, 0, 0
0, 22, 6, 0, 2, 0.5, 0.013, 4, 3.90625, 5, 0, 0, 0, 0, 0

1, 23.5328, 5.75, 1.5708, 2.13432, 0.5, 0.013, 4, 3.9261, 5, 0.00754433, -4.31405e-09, -1.03756e-07, -0.000951892, -1.79546e-10
0, 21.9672, 6, 5.27091e-13, 2.13432, 0.5, 0.013, 4, 3.90625, 5, -0.00754433, 4.31405e-09, 1.64312e-13, 0.000951892, 1.79546e-10

1, 23.5685, 5.75, 1.5708, 2.27766, 0.5, 0.013, 4, 3.9261, 5, 0.00733526, -8.08342e-09, -1.08606e-07, 0.00029305, -1.11608e-09
0, 21.9315, 6, 1.77504e-12, 2.27766, 0.5, 0.013, 4, 3.90625, 5, -0.00733526, 8.08342e-09, 3.41781e-13, -0.00029305, 1.11608e-09

1, 23.6067, 5.75, 1.57079, 2.43062, 0.5, 0.013, 4, 3.9261, 5, 0.00790252, -1.2735e-08, -9.91762e-08, 8.17982e-05, -9.07997e-10
0, 21.8933, 6, 3.85397e-12, 2.43062, 0.5, 0.013, 4, 3.90625, 5, -0.00790252, 1.2735e-08, 4.95497e-13, -8.17982e-05, 9.07997e-10

1, 23.6475, 5.75, 1.57079, 2.59386, 0.5, 0.013, 4, 3.9261, 5, 0.00841943, -1.75892e-08, -9.32465e-08, 0.000107077, -1.00329e-09
0, 21.8525, 6, 6.74973e-12, 2.59386, 0.5, 0.013, 4, 3.90625, 5, -0.00841943, 1.75892e-08, 6.62121e-13, -0.000107077, 1.00329e-09

1, 23.691, 5.75, 1.57079, 2.76806, 0.5, 0.013, 4, 3.9261, 5, 0.00898706, -2.28113e-08, -8.76128e-08, 0.000118255, -1.08276e-09
0, 21.809, 6, 1.04811e-11, 2.76806, 0.5, 0.013, 4, 3.90625, 5, -0.00898706, 2.28113e-08, 8.3019e-13, -0.000118255, 1.08276e-09

1, 23.7374, 5.75, 1.57079, 2.95396, 0.5, 0.013, 4, 3.9261, 5, 0.00959113, -2.83927e-08, -8.22303e-08, 0.000124993, -1.15479e-09
0, 21.7626, 6, 1.50499e-11, 2.95396, 0.5, 0.013, 4, 3.90625, 5, -0.00959113, 2.83927e-08, 9.975e-13, -0.000124993, 1.15479e-09

1, 23.787, 5.75, 1.57079, 3.15235, 0.5, 0.013, 4, 3.9261, 5, 0.0102354, -3.43598e-08, -7.71914e-08, 0.000133128, -1.23391e-09
0, 21.713, 6, 2.04537e-11, 3.15235, 0.5, 0.013, 4, 3.90625, 5, -0.0102354, 3.43598e-08, 1.16383e-12, -0.000133128, 1.23391e-09

1, 23.8399, 5.75, 1.57079, 3.36406, 0.5, 0.013, 4, 3.9261, 5, 0.010923, -4.07395e-08, -7.2468e-08, 0.000142045, -1.31905e-09
0, 21.6601, 6, 2.66849e-11, 3.36406, 0.5, 0.013, 4, 3.90625, 5, -0.010923, 4.07395e-08, 1.32824e-12, -0.000142045, 1.31905e-09

1, 23.8963, 5.75, 1.57079, 3.58998, 0.5, 0.013, 4, 3.9261, 5, 0.0116568, -4.75594e-08, -6.80377e-08, 0.000151585, -1.40999e-09
0, 21.6037, 6, 3.37316e-11, 3.58998, 0.5, 0.013, 4, 3.90625, 5, -0.0116568, 4.75594e-08, 1.48998e-12, -0.000151585, 1.40999e-09

1, 23.9565, 5.75, 1.57079, 3.83108, 0.5, 0.013, 4, 3.9261, 5, 0.0124398, -5.48492e-08, -6.38822e-08, 0.000161765, -1.50703e-09
0, 21.5435, 6, 4.15792e-11, 3.83108, 0.5, 0.013, 4, 3.90625, 5, -0.0124398, 5.48492e-08, 1.64846e-12, -0.000161765, 1.50703e-09

01, 20.3791, 5.99953, -0.0339843, 2.09631, 0.5, 0.013, 4, 4.02238, 5, -0.0222565, -0.000179725, -1.71899e-08, 0.000559279, 6.50559e-06
00, 22.4208, 6.00049, -2.40352e-08, 1.99206, 0.5, 0.013, 4, 3.90625, 5, 0.00963641, 0.000186067, -6.30904e-09, -0.000619116, -1.37818e-05
11, 24.0061, 4.71881, 1.59194, 2.04936, 0.5, 0.013, 4, 4.0562, 5, 0.00745133, -0.0135288, 3.94313e-09, -4.73142e-05, 0.00981865
10, 24.007, 6.7618, 1.57079, 2.03901, 0.5, 0.013, 4, 3.9261, 5, 0.00779215, 0.0135321, 1.42954e-09, -0.000264471, -0.00992138

01, 20.2788, 5.99878, -0.0339843, 2.2371, 0.5, 0.013, 4, 4.02238, 5, -0.020255, -0.00016707, -1.76152e-08, -0.000868906, -2.62503e-05
00, 22.4577, 6.00124, -5.08471e-08, 2.12584, 0.5, 0.013, 4, 3.90625, 5, 0.0076396, 0.000167643, -7.26477e-09, 0.000952035, 2.81856e-05
11, 24.0426, 4.65097, 1.59194, 2.187, 0.5, 0.013, 4, 4.0562, 5, 0.00723393, -0.0142502, 1.75077e-08, 2.49376e-06, 0.000903813
10, 24.0455, 6.82964, 1.57079, 2.17595, 0.5, 0.013, 4, 3.9261, 5, 0.00768927, 0.0142506, 7.39831e-09, -5.68096e-06, -0.000914283

01, 20.1694, 5.99766, -0.0339845, 2.38734, 0.5, 0.013, 4, 4.02238, 5, -0.0319359, -0.000501338, -4.61169e-08, -0.00197843, -4.0951e-05
00, 22.4931, 5.99955, -3.61099e-07, 2.26861, 0.5, 0.013, 4, 3.90625, 5, 0.00648129, -0.00286273, -1.08687e-07, 0.00454382, 0.000750651
11, 24.0786, 4.57907, 1.59194, 2.33387, 0.5, 0.013, 4, 4.0562, 5, 0.00718593, -0.0124144, 1.89066e-08, -4.32553e-05, 0.0016623
10, 24.0951, 6.90428, 1.57079, 2.32208, 0.5, 0.013, 4, 3.9261, 5, 0.0210018, 0.0157079, 3.61257e-07, -0.00257338, -0.00230119

01, 20.0336, 5.99595, -0.0339846, 2.54767, 0.5, 0.013, 4, 4.02238, 5, -0.0280061, -0.00030957, -3.09609e-08, -0.00120527, -1.48183e-06
00, 22.5143, 5.98793, -8.60645e-07, 2.42097, 0.5, 0.013, 4, 3.90625, 5, 0.00493428, -0.00248036, -1.46609e-07, -0.00133204, -0.000734843
11, 24.1126, 4.50959, 1.59194, 2.49061, 0.5, 0.013, 4, 4.0562, 5, 0.00640551, -0.0140534, 5.37693e-08, -0.000142406, 0.00029187
10, 24.1875, 6.98701, 1.57079, 2.47803, 0.5, 0.013, 4, 3.9261, 5, 0.0190267, 0.016836, 5.41988e-07, 0.00264294, 0.000418381

01, 19.8906, 5.99467, -0.0339847, 2.71877, 0.5, 0.013, 4, 4.02238, 5, -0.0291201, -0.000191229, -2.35679e-08, -7.70849e-05, 3.15502e-05
00, 22.5383, 5.97386, -1.45656e-06, 2.58356, 0.5, 0.013, 4, 3.90625, 5, 0.00521489, -0.00301616, -1.22382e-07, -0.000222245, -0.000157561
11, 24.1422, 4.4386, 1.59194, 2.65788, 0.5, 0.013, 4, 4.0562, 5, 0.00540028, -0.0143428, 9.33172e-08, -0.000232658, -9.87473e-05
10, 24.2884, 7.07332, 1.5708, 2.64445, 0.5, 0.013, 4, 3.9261, 5, 0.0208269, 0.0175443, 4.85884e-07, 0.000512519, 0.00022193

01, 19.7359, 5.99413, -0.0339849, 2.90136, 0.5, 0.013, 4, 4.02238, 5, -0.0395646, -7.13794e-05, -3.28925e-08, 0.00127487, -5.43624e-05
00, 22.5607, 5.9691, -9.65603e-07, 2.75707, 0.5, 0.013, 4, 3.90625, 5, 0.00483377, 0.0086568, -1.55654e-07, -0.00303344, -0.00730883
11, 24.1789, 4.35874, 1.59194, 2.83638, 0.5, 0.013, 4, 4.0562, 5, 0.0175457, -0.0204428, -6.07552e-08, -0.00441737, 0.00917251
10, 24.3957, 7.15883, 1.5708, 2.82205, 0.5, 0.013, 4, 3.9261, 5, 0.0197741, 0.0121229, 7.67495e-07, 0.00588226, -0.00229014

01, 19.555, 5.99263, -0.0339851, 3.09622, 0.5, 0.013, 4, 4.02238, 5, -0.0361633, -0.000608442, -4.74264e-08, 0.00150019, -9.54239e-05
00, 22.5694, 5.99687, -2.79756e-07, 2.94223, 0.5, 0.013, 4, 3.90625, 5, 0.00242223, 0.00755962, 2.00081e-07, -0.000447453, 0.000122192
11, 24.2469, 4.25849, 1.59194, 3.02687, 0.5, 0.013, 4, 4.0562, 5, 0.014005, -0.0210081, -1.46531e-07, -0.000738659, -0.00043662
10, 24.5114, 7.2331, 1.5708, 3.01158, 0.5, 0.013, 4, 3.9261, 5, 0.0220347, 0.0141284, 4.44472e-07, -0.000390693, 0.000380868

01, 19.3681, 5.98703, -0.0339855, 3.30415, 0.5, 0.013, 4, 4.02238, 5, -0.0381807, -0.00169331, -1.00179e-07, -0.000654294, -0.000291609
00, 22.5815, 6.03494, 5.21953e-07, 3.13983, 0.5, 0.013, 4, 3.90625, 5, 0.00281453, 0.00902626, 2.2866e-07, -0.000322428, 0.00139349
11, 24.3101, 4.15137, 1.59194, 3.23015, 0.5, 0.013, 4, 4.0562, 5, 0.012199, -0.0217914, -1.62825e-07, 0.000450237, -0.000781189
10, 24.6347, 7.30795, 1.5708, 3.21384, 0.5, 0.013, 4, 3.9261, 5, 0.0254972, 0.0145128, 5.97135e-07, 0.000520315, -0.000286872

01, 19.176, 5.97507, -0.0339861, 3.52606, 0.5, 0.013, 4, 4.02238, 5, -0.0385369, -0.00317067, -1.4165e-07, 0.000165538, -0.000316046
00, 22.5978, 6.0857, 1.29442e-06, 3.3507, 0.5, 0.013, 4, 3.90625, 5, 0.0038959, 0.0114205, 1.62333e-07, 0.000280069, 0.000797203
11, 24.3649, 4.04097, 1.59194, 3.44709, 0.5, 0.013, 4, 4.0562, 5, 0.00966874, -0.0221626, -2.09891e-08, -0.000426178, -0.000285751
10, 24.7673, 7.37981, 1.57081, 3.42967, 0.5, 0.013, 4, 3.9261, 5, 0.027294, 0.0139663, 5.92021e-07, -2.84356e-05, -0.000183996

01, 18.9857, 5.95489, -0.0339869, 3.76286, 0.5, 0.013, 4, 4.02238, 5, -0.03749, -0.00496066, -1.99223e-07, -1.4679e-05, -0.000464309
00, 22.6203, 6.15017, 1.92993e-06, 3.57573, 0.5, 0.013, 4, 3.90625, 5, 0.00504057, 0.0141498, 7.61559e-08, 0.000119534, 0.000367606
11, 24.4061, 3.93069, 1.59194, 3.67859, 0.5, 0.013, 4, 4.0562, 5, 0.00660559, -0.0216599, 8.69287e-08, -0.000670775, 0.0004633
10, 24.9054, 7.44608, 1.57081, 3.66001, 0.5, 0.013, 4, 3.9261, 5, 0.0281394, 0.012526, 6.28176e-07, 0.000571128, -0.000369388

01, 18.7995, 5.9242, -0.033988, 4.01557, 0.5, 0.013, 4, 4.02238, 5, -0.0367175, -0.00734945, -2.60816e-07, 0.000223938, -0.000517382
00, 22.6457, 6.2265, 2.13551e-06, 3.81587, 0.5, 0.013, 4, 3.90625, 5, 0.00491528, 0.016338, -4.48048e-09, -0.000200845, 0.000453609
11, 24.4331, 3.82887, 1.59194, 3.92564, 0.5, 0.013, 4, 4.0562, 5, 0.00436727, -0.018887, 1.14074e-07, -0.000270231, 0.000730638
10, 25.0507, 7.50253, 1.57081, 3.90581, 0.5, 0.013, 4, 3.9261, 5, 0.0297077, 0.00995195, 5.79425e-07, 0.000238673, -0.000666129

011, 17.4816, 5.9222, -0.0730139, 2.18773, 0.5, 0.013, 4, 4.07715, 5, -0.0539088, -0.00810183, 0, 0.0147335, 0.000124338
010, 19.6337, 5.87131, -0.033989, 2.09753, 0.5, 0.013, 4, 4.02238, 5, -0.0086845, -0.004465, 0, -0.00437826, 0.00489691
001, 21.5869, 6.32681, 0.0585841, 2.00797, 0.5, 0.013, 4, 4.01075, 5, 0.00028883, 0.0220185, 0, -0.00224963, -0.00538237
000, 23.6377, 6.45671, 1.06153e-05, 2.06417, 0.5, 0.013, 4, 3.90625, 5, 0.00162691, 0.0162884, 0, 0.00237157, -0.0177829
111, 24.4999, 2.61333, 1.56712, 2.06498, 0.5, 0.013, 4, 3.98879, 5, 0.010428, -0.040932, 0, -0.000580111, 0.0212071
110, 24.4938, 4.79582, 1.59194, 2.1243, 0.5, 0.013, 4, 4.0562, 5, 0.0143797, -0.0131804, 0, -0.00413604, -0.0042162
101, 25.3656, 6.52558, 1.60464, 2.07534, 0.5, 0.013, 4, 4.00412, 5, 0.0398619, -0.00384934, -7.50352e-08, -0.0077161, 0.002478
100, 25.12, 8.58086, 1.57081, 2.09278, 0.5, 0.013, 4, 3.9261, 5, 0.00655822, 0.0144399, -8.77214e-08, -0.000237543, -0.00279557

011, 17.2657, 5.88186, -0.073014, 2.33466, 0.5, 0.013, 4, 4.07715, 5, -0.0475861, -0.00831732, -6.69357e-08, -0.00455941, -0.000190529
010, 19.5464, 5.84776, -0.0339903, 2.23839, 0.5, 0.013, 4, 4.02238, 5, -0.0150488, -0.00718523, -2.42557e-07, 0.00914426, 0.00277552
001, 21.5521, 6.43413, 0.058583, 2.14283, 0.5, 0.013, 4, 4.01075, 5, -0.00995543, 0.0246894, -1.49514e-07, 0.00286229, -0.00247888
000, 23.7216, 6.46834, 1.04399e-05, 2.2028, 0.5, 0.013, 4, 3.90625, 5, 0.0249343, -0.0018758, -3.30215e-10, -0.00713366, -0.000607767
111, 24.5495, 2.48908, 1.56712, 2.20366, 0.5, 0.013, 4, 3.98879, 5, 0.00958955, -0.0429593, 7.47685e-09, -9.53346e-05, -0.00879657
110, 24.5479, 4.71931, 1.59194, 2.26697, 0.5, 0.013, 4, 4.0562, 5, 0.0100214, 0.00552767, 3.88223e-08, 3.61714e-05, 0.00927237
101, 25.5389, 6.5045, 1.60464, 2.21472, 0.5, 0.013, 4, 4.00412, 5, 0.0338062, -0.00348632, -1.55023e-07, 3.46761e-05, 0.000802189
100, 25.1454, 8.65337, 1.57081, 2.23333, 0.5, 0.013, 4, 3.9261, 5, 0.00417779, 0.013699, -1.69074e-07, -0.000126006, -0.000799916

011, 17.043, 5.84045, -0.0730141, 2.49145, 0.5, 0.013, 4, 4.07715, 5, -0.0435063, -0.00832143, -2.90223e-08, 0.000577403, -4.87422e-06
010, 19.4774, 5.8222, -0.0339915, 2.38872, 0.5, 0.013, 4, 4.02238, 5, -0.0121619, -0.00396324, -2.55748e-07, -0.000950315, -0.000835061
001, 21.5102, 6.55099, 0.0585824, 2.28674, 0.5, 0.013, 4, 4.01075, 5, -0.00931323, 0.0230955, -1.26314e-07, 0.000558851, 0.00129769
000, 23.8161, 6.45337, 1.05991e-05, 2.35073, 0.5, 0.013, 4, 3.90625, 5, 0.0171682, -0.0038907, 6.28544e-08, -0.000122603, -0.000363072
111, 24.5978, 2.32149, 1.56712, 2.35166, 0.5, 0.013, 4, 3.98879, 5, 0.0096521, -0.0323771, 2.88624e-09, 3.13992e-05, 0.00324492
110, 24.5974, 4.70463, 1.59194, 2.41922, 0.5, 0.013, 4, 4.0562, 5, 0.0098917, -0.0038614, 1.13076e-08, -3.12922e-05, -0.00311888
101, 25.7103, 6.49331, 1.60464, 2.36346, 0.5, 0.013, 4, 4.00412, 5, 0.0346597, -0.000847524, -1.89245e-07, 9.48852e-05, 0.000618463
100, 25.1635, 8.71562, 1.57081, 2.38332, 0.5, 0.013, 4, 3.9261, 5, 0.00321592, 0.0110587, -1.99898e-07, -9.732e-05, -0.000617789

011, 16.8281, 5.79849, -0.0730143, 2.65877, 0.5, 0.013, 4, 4.07715, 5, -0.0427264, -0.00848729, -3.17649e-08, 0.000516968, 5.86194e-07
010, 19.4234, 5.80816, -0.0339922, 2.54915, 0.5, 0.013, 4, 4.02238, 5, -0.00926964, -0.00127698, -2.93619e-08, 0.000769928, 0.00168175
001, 21.4572, 6.665, 0.0585824, 2.44031, 0.5, 0.013, 4, 4.01075, 5, -0.0111604, 0.0217421, 1.18788e-07, -0.00141494, -0.00152562
000, 23.8982, 6.46503, 1.27345e-05, 2.50861, 0.5, 0.013, 4, 3.90625, 5, 0.0152222, 0.00461446, 2.27792e-07, 0.000137653, -0.00414236
111, 24.6456, 2.13451, 1.56712, 2.50959, 0.5, 0.013, 4, 3.98879, 5, 0.00952734, -0.0376518, 1.3283e-08, -0.000136168, -0.00684954
110, 24.6481, 4.67548, 1.59194, 2.58169, 0.5, 0.013, 4, 4.0562, 5, 0.0102069, -0.0083375, 4.13471e-08, 8.97502e-06, 0.0102604
101, 25.8836, 6.49757, 1.60464, 2.52218, 0.5, 0.013, 4, 4.00412, 5, 0.0344212, 0.00264937, -1.66114e-07, -0.000208811, 0.00075433
100, 25.1796, 8.76242, 1.57081, 2.54338, 0.5, 0.013, 4, 3.9261, 5, 0.00344691, 0.00756488, -1.72015e-07, 0.000207416, -0.00075389

011, 16.6175, 5.75567, -0.0730145, 2.83733, 0.5, 0.013, 4, 4.07715, 5, -0.0422297, -0.00872926, -4.48005e-08, -8.01982e-05, -7.64018e-05
010, 19.3805, 5.81005, -0.0339924, 2.72035, 0.5, 0.013, 4, 4.02238, 5, -0.00780042, 0.0014377, -3.78007e-08, 0.000188398, 0.000240036
001, 21.3907, 6.76945, 0.058583, 2.6042, 0.5, 0.013, 4, 4.01075, 5, -0.014037, 0.0205115, 1.51575e-07, 0.000349836, -0.000125458
000, 23.979, 6.50887, 1.58922e-05, 2.67708, 0.5, 0.013, 4, 3.90625, 5, 0.0163256, 0.00896619, 4.95163e-07, -0.000420754, -0.00142178
111, 24.6925, 1.92165, 1.56712, 2.67813, 0.5, 0.013, 4, 3.98879, 5, 0.00929531, -0.0437201, 1.50522e-08, -8.62156e-06, 0.000902712
110, 24.6992, 4.63404, 1.59194, 2.75507, 0.5, 0.013, 4, 4.0562, 5, 0.0102541, -0.00785642, 4.39533e-08, 4.21187e-06, 0.000479995
101, 26.0515, 6.52029, 1.60464, 2.69157, 0.5, 0.013, 4, 4.00412, 5, 0.0324025, 0.00641151, -7.37691e-08, -0.000611428, 0.000716608
100, 25.201, 8.79078, 1.57081, 2.71419, 0.5, 0.013, 4, 3.9261, 5, 0.00545769, 0.00380316, -7.53194e-08, 0.000609651, -0.000716951

011, 16.4056, 5.71101, -0.0730147, 3.02788, 0.5, 0.013, 4, 4.07715, 5, -0.0427113, -0.00918548, -6.1694e-08, -0.00011548, -0.00010621
010, 19.3429, 5.8192, -0.0339926, 2.90304, 0.5, 0.013, 4, 4.02238, 5, -0.00713741, 0.00216228, -5.46873e-08, 0.000120932, 0.000116105
001, 21.3185, 6.87387, 0.058584, 2.7791, 0.5, 0.013, 4, 4.01075, 5, -0.0149659, 0.0214302, 1.99978e-07, -7.35204e-05, 0.000198338
111, 24.7385, 1.69801, 1.56712, 2.85799, 0.5, 0.013, 4, 3.98879, 5, 0.00905896, -0.0462078, 2.43068e-08, -4.70814e-05, -0.000199889
000, 24.0622, 6.55875, 1.89908e-05, 2.85687, 0.5, 0.013, 4, 3.90625, 5, 0.017103, 0.0107718, 6.27233e-07, 7.3992e-05, 0.000278947
110, 24.751, 4.59218, 1.59194, 2.9401, 0.5, 0.013, 4, 4.0562, 5, 0.0104801, -0.00829575, 6.00003e-08, 4.69887e-05, -0.000272127
101, 26.2053, 6.55987, 1.60464, 2.87233, 0.5, 0.013, 4, 4.00412, 5, 0.0295193, 0.00888961, 0, -0.000209496, 0.000153509
100, 25.2365, 8.80226, 1.57081, 2.89647, 0.5, 0.013, 4, 3.9261, 5, 0.00834148, 0.00131668, 0, 0.000212665, -0.000156424

011, 16.1907, 5.66367, -0.0730151, 3.23123, 0.5, 0.013, 4, 4.07715, 5, -0.0432556, -0.00978046, -8.1571e-08, -0.000103267, -0.000132333
010, 19.3085, 5.8315, -0.033993, 3.09801, 0.5, 0.013, 4, 4.02238, 5, -0.00658385, 0.00277692, -7.479e-08, 0.00010312, 0.000133638
001, 21.2416, 6.98418, 0.0585852, 2.96574, 0.5, 0.013, 4, 4.01075, 5, -0.0203135, 0.0247864, 1.32003e-06, -0.0309834, 0.0141186
111, 24.7805, 1.53113, 1.56712, 3.04993, 0.5, 0.013, 4, 3.98879, 5, 0.00262006, 0.0333955, 7.74975e-07, -0.00930252, -0.30067
000, 24.1497, 6.63241, 2.5926e-05, 3.04874, 0.5, 0.013, 4, 3.90625, 5, 0.0222653, 0.0903611, 1.10156e-05, 0.0298172, 0.179349
110, 24.8065, 4.59242, 1.59194, 3.13755, 0.5, 0.013, 4, 4.0562, 5, 0.0167115, 0.0539308, 1.53918e-06, 0.00902843, -0.000512581
101, 26.3516, 6.60525, 1.60464, 3.06524, 0.5, 0.013, 4, 4.00412, 5, 0.0291551, 0.00915644, 0, -1.53278e-05, 1.12315e-05
100, 25.2795, 8.80789, 1.57081, 3.091, 0.5, 0.013, 4, 3.9261, 5, 0.00871495, 0.00104198, 0, 1.60776e-05, -1.18257e-05

011, 15.9734, 5.61305, -0.0730156, 3.44824, 0.5, 0.013, 4, 4.07715, 5, -0.0436479, -0.010485, -1.02344e-07, -6.11165e-05, -0.000151892
010, 19.2766, 5.8471, -0.0339934, 3.30607, 0.5, 0.013, 4, 4.02238, 5, -0.00619562, 0.0034855, -9.62051e-08, 6.01943e-05, 0.000152537
001, 21.0998, 7.12004, 0.0585871, 3.16491, 0.5, 0.013, 4, 4.01075, 5, -0.0344101, 0.0237198, 1.93096e-07, 0.000692084, -0.00128521
111, 24.7287, 1.62723, 1.56713, 3.25477, 0.5, 0.013, 4, 3.98879, 5, -0.0283494, 0.0210432, 1.48981e-06, -0.00582115, 0.150115
000, 24.2929, 7.04439, 2.8379e-05, 3.25349, 0.5, 0.013, 4, 3.90625, 5, 0.0351879, 0.0863759, 2.18324e-06, -5.57484e-05, 0.0108097
110, 24.9543, 4.88143, 1.59195, 3.34827, 0.5, 0.013, 4, 4.0562, 5, 0.0472927, 0.0600938, 1.7547e-06, 0.0058602, 0.00115002
101, 26.4973, 6.6511, 1.60464, 3.27109, 0.5, 0.013, 4, 4.00412, 5, 0.0291263, 0.00917752, 0, -1.42655e-06, 1.04531e-06
100, 25.3319, 9.21241, 1.57081, 3.29858, 0.5, 0.013, 4, 3.9261, 5, 0.0097044, 0.0845701, 0, -0.000411637, -0.0359151

011, 15.7547, 5.55871, -0.0730161, 3.67982, 0.5, 0.013, 4, 4.07715, 5, -0.0437729, -0.0112587, -1.21615e-07, 7.58986e-06, -0.000157863
010, 19.2461, 5.86646, -0.0339939, 3.5281, 0.5, 0.013, 4, 4.02238, 5, -0.00607835, 0.00426095, -1.16573e-07, -9.38057e-06, 0.000158092
001, 20.9864, 7.21832, 0.0585874, 3.37747, 0.5, 0.013, 4, 4.01075, 5, -0.0320991, 0.0175861, 1.33866e-07, -0.0210356, -0.000565062
111, 24.5724, 1.73663, 1.56713, 3.47335, 0.5, 0.013, 4, 3.98879, 5, -0.0299528, 0.0225784, 2.50411e-07, 0.0124029, 0.000280312
000, 24.4006, 7.29139, 2.84793e-05, 3.47199, 0.5, 0.013, 4, 3.90625, 5, 0.0194106, 0.02601, 6.89875e-07, 0.0261454, 0.00351471
110, 25.2067, 5.01019, 1.59196, 3.57314, 0.5, 0.013, 4, 4.0562, 5, 0.049549, 0.00405807, 2.81841e-07, -0.0119248, -0.0191507
101, 26.6574, 6.69748, 1.60464, 3.49078, 0.5, 0.013, 4, 4.00412, 5, 0.0434294, 0.0096639, 0, -0.00564915, -0.000191106
100, 25.3776, 9.55758, 1.57081, 3.52011, 0.5, 0.013, 4, 3.9261, 5, 0.00886755, 0.0468816, 0, -4.85369e-05, -0.0180459

011, 15.5363, 5.50049, -0.0730168, 3.92695, 0.5, 0.013, 4, 4.07715, 5, -0.0435056, -0.0120101, -1.35306e-07, 0.000102029, -0.000137699
010, 19.2152, 5.88968, -0.0339945, 3.76504, 0.5, 0.013, 4, 4.02238, 5, -0.00635742, 0.00501144, -1.31782e-07, -0.000104848, 0.000137076
001, 20.8432, 7.30321, 0.0585876, 3.60429, 0.5, 0.013, 4, 4.01075, 5, -0.0303148, 0.0169264, 3.04633e-08, 0.00632981, -2.2202e-05
111, 24.4793, 1.85327, 1.56714, 3.70662, 0.5, 0.013, 4, 3.98879, 5, -0.00603219, 0.0240925, -4.47978e-09, 0.00583462, 0.000312786
000, 24.4929, 7.34872, 2.8474e-05, 3.70516, 0.5, 0.013, 4, 3.90625, 5, 0.0206577, 0.00299414, -2.01458e-07, -0.00712473, -0.00611234
110, 25.399, 4.94406, 1.59196, 3.8131, 0.5, 0.013, 4, 4.0562, 5, 0.0260741, -0.0231064, 3.77171e-09, -0.00578252, -0.000615258
101, 26.8638, 6.74544, 1.60464, 3.72522, 0.5, 0.013, 4, 4.00412, 5, 0.0408344, 0.00957634, -1.93417e-07, 0.0010656, 3.60942e-05
100, 25.4216, 9.72412, 1.57081, 3.75652, 0.5, 0.013, 4, 3.9261, 5, 0.00876237, 0.0213007, 1.94238e-11, -6.76009e-06, -0.00159782

0111, 14.1942, 5.53502, -0.0645585, 2.04461, 0.5, 0.013, 4, 4.04288, 5, -0.0863729, -0.00633102, 0, 0.0417038, -0.00589968
0110, 16.3854, 5.09646, -0.0730275, 2.14608, 0.5, 0.013, 4, 4.07715, 5, -0.0374033, -0.0569046, 0, 0.000595626, 0.0429382
010, 19.3336, 6.05519, -0.034003, 4.0179, 0.5, 0.013, 4, 4.02238, 5, 0.0439208, 0.0524326, 0, -0.0186419, -0.0167021
0001, 23.5929, 7.30657, -0.00174846, 2.00944, 0.5, 0.013, 4, 4.08944, 5, -0.00533166, -0.0217742, 0, 0.021976, 0.0228095
001, 20.6126, 7.40345, 0.0585899, 3.84636, 0.5, 0.013, 4, 4.01075, 5, -0.112749, 0.0300903, 0, 0.0382386, -0.00467477
1101, 25.5079, 3.85482, 1.53919, 1.9971, 0.5, 0.013, 4, 3.95088, 5, 0.022595, -0.12955, -3.17865e-06, 0.0535611, -1.03408
111, 24.4909, 1.97773, 1.56714, 3.95555, 0.5, 0.013, 4, 3.98879, 5, 0.00524047, 0.0257107, 1.79242e-07, -0.000646339, 6.75581e-05
0000, 25.649, 7.38343, 2.5491e-05, 1.94456, 0.5, 0.013, 4, 3.90625, 5, 0.188096, 0.206674, 1.88192e-05, -0.190246, -1.45483
1100, 25.4636, 5.83857, 1.59196, 2.07209, 0.5, 0.013, 4, 4.0562, 5, 0.00826694, -0.230663, -1.23002e-06, -0.0504071, 1.25611
101, 27.0727, 6.79348, 1.60463, 3.9754, 0.5, 0.013, 4, 4.00412, 5, 0.0382441, 0.0094887, 0, -0.00302301, -0.000102337
1001, 25.4661, 8.83521, 1.51495, 2.00552, 0.5, 0.013, 4, 3.96201, 5, 0.00947006, 0.106123, -2.73275e-06, 0.00292299, 0.938889
1000, 25.4646, 10.8272, 1.57081, 2.00329, 0.5, 0.013, 4, 3.9261, 5, 0.0080366, 0.0356315, -1.32558e-07, -0.00291509, 0.094412

0111, 13.9338, 5.47911, -0.0645585, 2.18192, 0.5, 0.013, 4, 4.04288, 5, -0.0433503, -0.0124173, 0, 0.00040785, -5.76969e-05
0011, 19.1788, 7.47812, 0.11179, 2.08123, 0.5, 0.013, 4, 4.00246, 5, -0.0599793, 0.0260478, 0, 0.012506, -0.000516063
0101, 18.4179, 6.28446, 0.00775457, 2.13672, 0.5, 0.013, 4, 4.00832, 5, 0.0101684, 0.0357727, 2.13598e-08, 0.00489813, -0.000434698
0110, 16.201, 5.001, -0.0730275, 2.29021, 0.5, 0.013, 4, 4.07715, 5, -0.0367319, -0.00850239, 0, 8.68085e-06, 0.000625795
0100, 20.5576, 6.20799, -0.0340029, 2.15101, 0.5, 0.013, 4, 4.02238, 5, 0.0383492, 0.0338617, 8.47202e-09, -0.00516178, 0.000135188
0001, 23.4181, 7.23515, -0.00174805, 2.14439, 0.5, 0.013, 4, 4.08944, 5, 0.0169033, -0.00273866, 0, -9.10104e-06, 0.00346697
0010, 21.2267, 7.59707, 0.0585911, 2.02345, 0.5, 0.013, 4, 4.01075, 5, -0.042164, 0.0267401, 0, -0.00546596, -0.00097809
1111, 24.5118, 1.10702, 1.6043, 2.11911, 0.5, 0.013, 4, 4.01476, 5, 0.00719283, 0.0247688, 0, 0.000209302, 0.00139761
1101, 25.5908, 3.33221, 1.53919, 2.13123, 0.5, 0.013, 4, 3.95088, 5, 0.0120608, -0.0420162, 0, -0.000197191, 0.00278145
1110, 24.5393, 3.35205, 1.56714, 2.1021, 0.5, 0.013, 4, 3.98879, 5, 0.00758256, -0.00955709, 0, -0.000166938, -0.00809577
1011, 27.2797, 5.9105, 1.62921, 2.08308, 0.5, 0.013, 4, 4.00817, 5, 0.0343425, 0.00933556, 0, -2.82716e-05, 1.89525e-05
0000, 25.6263, 7.24475, 2.8658e-05, 2.07516, 0.5, 0.013, 4, 3.90625, 5, 0.0107319, -0.0249844, -3.72108e-07, -0.00162097, 0.0395078
1100, 25.5059, 5.65108, 1.59196, 2.21124, 0.5, 0.013, 4, 4.0562, 5, 0.0115427, -0.0406476, 1.00863e-07, 0.000169681, -0.0803914
1010, 27.7933, 7.93392, 1.60465, 2.1593, 0.5, 0.013, 4, 4.00412, 5, 0.0442611, 0.00971872, 0, -0.00891629, -0.000324982
1001, 25.5416, 8.80389, 1.51494, 2.14021, 0.5, 0.013, 4, 3.96201, 5, 0.0196087, -0.0658497, -4.87875e-07, -0.00527964, 0.119496
1000, 25.4766, 10.9311, 1.57081, 2.13783, 0.5, 0.013, 4, 3.9261, 5, -0.0021216, -0.0118096, -1.76498e-07, 0.0052933, -0.0696127

0111, 13.7144, 5.41852, -0.0645582, 2.32846, 0.5, 0.013, 4, 4.04288, 5, -0.0612353, -0.00528298, 6.58e-07, -0.0285038, 0.0112103
0011, 18.8718, 7.60463, 0.11179, 2.221, 0.5, 0.013, 4, 4.00246, 5, -0.0609831, 0.0251614, 4.09293e-08, 0.00157379, 4.49207e-05
0101, 18.4672, 6.46302, 0.00775476, 2.28022, 0.5, 0.013, 4, 4.00832, 5, 0.00913788, 0.0357827, 4.12078e-08, 0.000261315, 5.14437e-06
0110, 16.0216, 4.95986, -0.0730272, 2.44401, 0.5, 0.013, 4, 4.07715, 5, -0.0196084, -0.0144269, 6.32003e-07, 0.027108, -0.0106443
0100, 20.7494, 6.3763, -0.0340028, 2.29547, 0.5, 0.013, 4, 4.02238, 5, 0.0390082, 0.0335193, 1.90394e-08, -0.000259642, -9.84707e-06
0001, 23.4712, 7.2418, -0.00174778, 2.28841, 0.5, 0.013, 4, 4.08944, 5, 0.00509114, 0.00310042, 0, 0.00915617, -0.00145207
0010, 21.0545, 7.72839, 0.0585911, 2.15934, 0.5, 0.013, 4, 4.01075, 5, -0.033347, 0.0260861, 1.6837e-08, -0.00157074, -6.17525e-05
1111, 24.5434, 1.12968, 1.6043, 2.26142, 0.5, 0.013, 4, 4.01476, 5, 0.00494606, 0.00309019, 1.64993e-06, 0.00145383, 1.07054
1101, 25.6586, 3.04623, 1.53919, 2.27436, 0.5, 0.013, 4, 3.95088, 5, 0.0169451, -0.0891305, -4.19332e-07, 0.00310653, -0.0254061
1110, 24.5817, 3.37774, 1.56714, 2.24327, 0.5, 0.013, 4, 3.98879, 5, 0.00988992, 0.0279919, 2.18052e-08, -0.00148382, -0.0283116
1011, 27.4382, 5.93913, 1.62921, 2.22298, 0.5, 0.013, 4, 4.00817, 5, 0.0290099, 0.00203593, 0, 0.00433684, 0.00598754
0000, 25.7055, 7.01748, 2.8281e-05, 2.21452, 0.5, 0.013, 4, 3.90625, 5, 0.0207005, -0.0372218, -8.35193e-07, -0.00964505, 0.0182817
1100, 25.5562, 5.34823, 1.59196, 2.35975, 0.5, 0.013, 4, 4.0562, 5, 0.00675007, -0.0601872, -1.77563e-07, -0.00299445, 0.0195554
1010, 27.9877, 7.99857, 1.60465, 2.30432, 0.5, 0.013, 4, 4.00412, 5, 0.0394306, 0.0167071, 0, -0.00421979, -0.0056427
1001, 25.7064, 8.64769, 1.51494, 2.28394, 0.5, 0.013, 4, 3.96201, 5, 0.0516107, -0.0139358, -1.44332e-06, -0.0105011, 0.0506762
1000, 25.3992, 10.8593, 1.5708, 2.2814, 0.5, 0.013, 4, 3.9261, 5, -0.0341407, -0.0148308, -1.0553e-06, 0.0105356, -0.000132692

0110, 15.9014, 4.89618, -0.0730265, 2.60815, 0.5, 0.013, 4, 4.07715, 5, -0.0222883, -0.0135474, 1.18293e-07, -0.00260425, 0.0010245
0111, 13.4356, 5.3817, -0.0645575, 2.48483, 0.5, 0.013, 4, 4.04288, 5, -0.0574593, -0.00656301, 1.23439e-07, 0.00294219, -0.00116163
0011, 18.5631, 7.73059, 0.11179, 2.37016, 0.5, 0.013, 4, 4.00246, 5, -0.0622668, 0.0252424, 5.47796e-08, 9.6964e-05, 2.77262e-05
0101, 18.5112, 6.6424, 0.00775499, 2.43336, 0.5, 0.013, 4, 4.00832, 5, 0.00829165, 0.0359902, 5.07877e-08, -0.000270464, 5.47585e-05
0100, 20.9461, 6.54341, -0.0340027, 2.44963, 0.5, 0.013, 4, 4.02238, 5, 0.0398495, 0.0333065, 2.6652e-08, 0.000269703, -5.47732e-05
0001, 23.4847, 7.26726, -0.00174689, 2.44209, 0.5, 0.013, 4, 4.08944, 5, -0.00118766, 0.00741904, 2.93808e-07, -0.00315458, 0.001519
0010, 20.892, 7.85859, 0.0585913, 2.30436, 0.5, 0.013, 4, 4.01075, 5, -0.0319524, 0.0259874, 2.53648e-08, -0.000110608, -2.82997e-05
1111, 24.5589, 1.20622, 1.6043, 2.4133, 0.5, 0.013, 4, 4.01476, 5, 0.00100773, 0.015683, 5.09297e-07, -0.00149815, 0.000225263
1101, 25.7346, 2.70482, 1.53919, 2.4271, 0.5, 0.013, 4, 3.95088, 5, 0.0143833, -0.0580672, -6.79501e-08, -0.00069517, 0.00529848
1110, 24.6285, 3.59591, 1.56714, 2.39393, 0.5, 0.013, 4, 3.98879, 5, -0.00333988, 0.0516606, 2.9052e-07, 0.0137958, 0.0162282
1011, 27.576, 5.94384, 1.62921, 2.37227, 0.5, 0.013, 4, 4.00817, 5, 0.0266367, 0.000681636, 3.82951e-07, -0.001803, -0.00161035
0000, 25.8216, 6.92017, 2.66757e-05, 2.36325, 0.5, 0.013, 4, 3.90625, 5, 0.0271963, -0.00824008, -1.49658e-07, 0.00323247, 0.00251572
1100, 25.6093, 5.16587, 1.59196, 2.51823, 0.5, 0.013, 4, 4.0562, 5, 0.0254716, -0.0257305, -2.16345e-08, -0.0100214, -0.000672882
1001, 25.9231, 8.63454, 1.51493, 2.43733, 0.5, 0.013, 4, 3.96201, 5, 0.0372392, 0.00914902, -1.06155e-06, -0.0007045, -0.00193942
1000, 25.2699, 10.7827, 1.5708, 2.43462, 0.5, 0.013, 4, 3.9261, 5, -0.0197402, -0.0158248, -9.71262e-07, 0.000702118, -0.000209819
1010, 28.1912, 8.08735, 1.60466, 2.45907, 0.5, 0.013, 4, 4.00412, 5, 0.041571, 0.0180094, 3.69942e-07, 0.00171958, 0.00152556

0110, 15.7834, 4.83045, -0.0730258, 2.78331, 0.5, 0.013, 4, 4.07715, 5, -0.0235219, -0.0133178, 1.6993e-07, 0.000486771, -0.000278062
0111, 13.1556, 5.34657, -0.0645567, 2.65171, 0.5, 0.013, 4, 4.04288, 5, -0.0560404, -0.00686483, 1.7758e-07, -0.000529143, 0.000297202
0011, 18.2491, 7.87116, 0.11179, 2.52934, 0.5, 0.013, 4, 4.00246, 5, -0.0632157, 0.0269516, 7.38321e-08, -0.000322019, -0.000826829
0101, 18.5486, 6.80938, 0.00775586, 2.59678, 0.5, 0.013, 4, 4.00832, 5, -0.00395514, 0.0356394, 4.6786e-07, -0.0680745, 0.00726798
0100, 21.1373, 6.69835, -0.0340055, 2.61415, 0.5, 0.013, 4, 4.02238, 5, 0.00026166, -0.012742, -4.51101e-06, 0.00603662, -0.0614386
0001, 23.4829, 7.32327, -0.00174787, 2.6061, 0.5, 0.013, 4, 4.08944, 5, 0.0316143, 0.0627312, -3.46911e-06, 0.0404015, 0.0660299
0010, 20.7342, 7.98794, 0.0585914, 2.45912, 0.5, 0.013, 4, 4.01075, 5, -0.0310735, 0.0256724, 4.23799e-08, 0.000377168, -8.75477e-05
1111, 24.5631, 1.28722, 1.6043, 2.57537, 0.5, 0.013, 4, 4.01476, 5, -0.000430237, 0.0167304, 4.19257e-07, -0.000319237, 0.000213644
1101, 25.8037, 2.43308, 1.53919, 2.5901, 0.5, 0.013, 4, 3.95088, 5, 0.0135148, -0.0520214, -7.89441e-08, 9.78504e-05, -0.000583131
1110, 24.6746, 3.83549, 1.56714, 2.5547, 0.5, 0.013, 4, 3.98879, 5, 0.0146966, 0.0479874, 2.82212e-07, 0.000689632, -0.00363298
1011, 27.7268, 5.94257, 1.62921, 2.53159, 0.5, 0.013, 4, 4.00817, 5, 0.0406832, -0.00903427, -5.18651e-07, 0.00612909, 0.00305975
0000, 25.9437, 6.89865, 2.71144e-05, 2.52196, 0.5, 0.013, 4, 3.90625, 5, 0.025206, -0.00336687, 8.70312e-07, 0.0192477, 0.000658475
1100, 25.6824, 5.06022, 1.59196, 2.68735, 0.5, 0.013, 4, 4.0562, 5, 0.010771, -0.0204518, -2.58169e-08, -0.000514808, -0.00488304
1001, 26.0739, 8.69773, 1.51493, 2.60102, 0.5, 0.013, 4, 3.96201, 5, 0.0233523, 0.015305, -3.39419e-07, -0.00318601, -0.00188489
1000, 25.2066, 10.701, 1.57079, 2.59812, 0.5, 0.013, 4, 3.9261, 5, -0.00585065, -0.0168878, -3.31368e-07, 0.00318729, -0.000219446
1010, 28.4037, 8.17733, 1.60466, 2.62422, 0.5, 0.013, 4, 4.00412, 5, 0.049017, 0.0230164, 3.48531e-07, -0.00320207, -0.00306794

0110, 15.6697, 4.7612, -0.0730249, 2.97024, 0.5, 0.013, 4, 4.07715, 5, -0.0222587, -0.0142825, 1.91534e-07, 0.00025918, -0.000216418
0111, 12.8713, 5.31498, -0.0645558, 2.8298, 0.5, 0.013, 4, 4.04288, 5, -0.0573367, -0.00588138, 2.00312e-07, -0.00026308, 0.000219202
0101, 18.5207, 6.98541, 0.00775714, 2.77118, 0.5, 0.013, 4, 4.00832, 5, 0.00577225, 0.0360866, 3.059e-07, 0.00908421, -0.00491254
0011, 17.9298, 8.01603, 0.11179, 2.6992, 0.5, 0.013, 4, 4.00246, 5, -0.0645027, 0.0281276, -3.98884e-08, -0.000593293, 0.00375251
0100, 21.2685, 6.71457, -0.0340085, 2.78971, 0.5, 0.013, 4, 4.02238, 5, 0.0253214, 0.00823202, 2.44216e-08, 0.00101225, 0.0141591
0001, 23.5536, 7.5497, -0.00174864, 2.78113, 0.5, 0.013, 4, 4.08944, 5, 0.0128568, 0.0390101, 2.57134e-07, -0.00269642, -0.0168129
0010, 20.5808, 8.11506, 0.0585917, 2.62427, 0.5, 0.013, 4, 4.01075, 5, -0.0299277, 0.0251257, 6.35798e-08, 0.000177141, -0.00010914
1111, 24.548, 1.37365, 1.60431, 2.74833, 0.5, 0.013, 4, 4.01476, 5, -0.00636142, 0.0178531, 7.52157e-07, -0.0022844, 0.000236078
1101, 25.8728, 2.16524, 1.53919, 2.76405, 0.5, 0.013, 4, 3.95088, 5, 0.0140005, -0.0539815, -1.1104e-07, 0.000310848, -0.0019068
1110, 24.7587, 4.0737, 1.56714, 2.72627, 0.5, 0.013, 4, 3.98879, 5, 0.0124659, 0.0479011, 5.74221e-07, 0.000363965, 0.00335013
1011, 27.931, 5.91587, 1.62921, 2.70161, 0.5, 0.013, 4, 4.00817, 5, 0.0382586, -0.00208481, 1.98712e-07, -0.00552035, 0.00303137
0000, 26.0451, 6.89636, 2.84781e-05, 2.69133, 0.5, 0.013, 4, 3.90625, 5, 0.0150991, 0.000457344, -1.0239e-07, 0.000323234, 0.00329121
1100, 25.7365, 4.9668, 1.59196, 2.86783, 0.5, 0.013, 4, 4.0562, 5, 0.0178443, -0.0174272, 3.41089e-07, 0.00175711, 0.00137397
1001, 26.1586, 8.78176, 1.51493, 2.7757, 0.5, 0.013, 4, 3.96201, 5, 0.0110745, 0.0185464, -6.68128e-09, -0.00140723, 0.000748309
1000, 25.2095, 10.6137, 1.57079, 2.77261, 0.5, 0.013, 4, 3.9261, 5, 0.00642663, -0.0180217, -1.86306e-12, 0.0014057, -0.000234282
1010, 28.6371, 8.27951, 1.60466, 2.80046, 0.5, 0.013, 4, 4.00412, 5, 0.0450464, 0.0185248, 2.63335e-07, -0.0019079, -0.00176873

0110, 15.5599, 4.68776, -0.0730239, 3.16972, 0.5, 0.013, 4, 4.07715, 5, -0.0216311, -0.0151598, 2.09568e-07, 5.30415e-05, -0.000161771
0111, 12.5833, 5.2876, -0.0645547, 3.01985, 0.5, 0.013, 4, 4.04288, 5, -0.0579546, -0.00500301, 2.19217e-07, -4.67218e-05, 0.0001599
0101, 18.5442, 7.16568, 0.00775898, 2.95729, 0.5, 0.013, 4, 4.00832, 5, 0.00612851, 0.0373623, 3.09062e-07, -0.00088236, 0.00203748
0011, 17.6056, 8.16829, 0.11179, 2.88048, 0.5, 0.013, 4, 4.00246, 5, -0.0651845, 0.0305263, 1.20736e-07, -0.000515068, -0.00103003
0100, 21.4369, 6.77173, -0.0340099, 2.97707, 0.5, 0.013, 4, 4.02238, 5, 0.0374851, 0.0156366, 7.16593e-09, 0.0025358, 0.00197851
0001, 23.61, 7.71422, -0.00174878, 2.9679, 0.5, 0.013, 4, 4.08944, 5, 0.0105262, 0.0264817, 2.96251e-07, -0.00192079, -0.00106904
0010, 20.4316, 8.23908, 0.0585921, 2.80051, 0.5, 0.013, 4, 4.01075, 5, -0.0294512, 0.024418, 9.5376e-08, 0.000676767, -0.00021877
1111, 24.4982, 1.46588, 1.60431, 2.93291, 0.5, 0.013, 4, 4.01476, 5, -0.0138239, 0.0190532, 9.91886e-07, -0.00263124, 0.000250694
1101, 25.9441, 1.88642, 1.53919, 2.94968, 0.5, 0.013, 4, 3.95088, 5, 0.0143142, -0.0565597, -9.48151e-08, -6.36139e-05, 0.000156752
1110, 24.8456, 4.30466, 1.56714, 2.90937, 0.5, 0.013, 4, 3.98879, 5, 0.0192261, 0.043459, 6.5176e-07, 0.000738814, 0.0010838
0000, 26.113, 6.90421, 2.89237e-05, 2.87208, 0.5, 0.013, 4, 3.90625, 5, 0.0115022, 0.0014455, 1.90478e-07, 0.000787355, -0.00158677
1100, 25.8196, 4.87871, 1.59196, 3.06043, 0.5, 0.013, 4, 4.0562, 5, 0.0185933, -0.0179373, 3.75695e-07, 0.00189545, -0.000751508
1001, 26.2098, 8.88218, 1.51493, 2.96211, 0.5, 0.013, 4, 3.96201, 5, 0.0100371, 0.0221106, -4.01656e-08, -2.17602e-05, 0.00022309
1000, 25.2457, 10.5206, 1.57079, 2.95882, 0.5, 0.013, 4, 3.9261, 5, 0.00745778, -0.0192321, -4.65929e-08, 2.12258e-05, -0.000250008
1011, 28.101, 5.91337, 1.62921, 2.88305, 0.5, 0.013, 4, 4.00817, 5, 0.0316476, 0.0010004, -1.70151e-08, 0.00182362, 0.00203973
1010, 28.8632, 8.3689, 1.60466, 2.98854, 0.5, 0.013, 4, 4.00412, 5, 0.0452168, 0.0169938, 2.24223e-07, -0.00226393, -0.00176449

0110, 15.4531, 4.60931, -0.0730228, 3.38259, 0.5, 0.013, 4, 4.07715, 5, -0.0210988, -0.0162496, 2.39617e-07, 7.9121e-05, -0.000234919
0111, 12.2921, 5.26525, -0.0645536, 3.22265, 0.5, 0.013, 4, 4.04288, 5, -0.0584811, -0.00390812, 2.50586e-07, -7.75663e-05, 0.000235976
0101, 18.5776, 7.33907, 0.00775921, 3.1559, 0.5, 0.013, 4, 4.00832, 5, 0.00637017, 0.0336644, -9.17862e-08, -0.000287327, -0.000917034
0011, 17.2748, 8.31758, 0.111791, 3.07393, 0.5, 0.013, 4, 4.00246, 5, -0.0674339, 0.0284361, 1.56394e-07, -0.00063071, -0.000254537
0100, 21.6362, 6.86778, -0.0340096, 3.177, 0.5, 0.013, 4, 4.02238, 5, 0.0417023, 0.0190978, 1.14083e-07, 0.000599346, -0.000204073
0001, 23.6549, 7.83309, -0.00174734, 3.16722, 0.5, 0.013, 4, 4.08944, 5, 0.0101034, 0.0215901, 3.27735e-08, 0.00176354, -0.00307199
0010, 20.2884, 8.38381, 0.0585914, 2.98859, 0.5, 0.013, 4, 4.01075, 5, -0.0273597, 0.0325442, -1.64427e-07, 0.000567071, 0.00172335
1111, 24.4016, 1.56429, 1.60432, 3.12988, 0.5, 0.013, 4, 4.01476, 5, -0.0519996, 0.0204195, 4.57568e-06, -0.0337988, 0.000230542
1101, 26.0165, 1.58911, 1.53919, 3.14778, 0.5, 0.013, 4, 3.95088, 5, 0.0145376, -0.0647988, -8.3673e-08, -0.000505603, -0.00322906
1110, 24.8995, 4.50821, 1.56716, 3.10476, 0.5, 0.013, 4, 3.98879, 5, -0.0172025, 0.079827, 4.14347e-06, 0.0736806, 0.0505744
0000, 26.1697, 6.91615, 2.95829e-05, 3.06496, 0.5, 0.013, 4, 3.90625, 5, 0.0100613, 0.00493536, -9.78401e-08, -0.00056051, 0.00385697
1100, 25.9779, 4.78933, 1.59196, 3.26597, 0.5, 0.013, 4, 4.0562, 5, 0.0898874, -0.0150753, 2.48513e-09, -0.0347406, -0.00206046
1001, 26.2621, 8.99212, 1.51492, 3.16104, 0.5, 0.013, 4, 3.96201, 5, 0.0106017, 0.0240872, -4.4471e-08, -4.83291e-05, 0.00369568
1000, 25.2809, 10.4213, 1.57079, 3.15753, 0.5, 0.013, 4, 3.9261, 5, 0.00689183, -0.0205237, -6.07572e-08, 4.8327e-05, -0.000266803
1011, 28.2607, 5.92879, 1.62921, 3.07667, 0.5, 0.013, 4, 4.00817, 5, 0.0314615, 0.00482129, 1.762e-07, -0.00119394, 0.000566438
1010, 29.0832, 8.4456, 1.60466, 3.18925, 0.5, 0.013, 4, 4.00412, 5, 0.0430926, 0.0139663, 2.71287e-07, -0.000294762, -0.000497736

0111, 11.9989, 5.24888, -0.0645522, 3.43909, 0.5, 0.013, 4, 4.04288, 5, -0.0587329, -0.00261541, 2.84101e-07, -1.30658e-05, 0.000278136
0110, 15.3485, 4.5249, -0.0730215, 3.60976, 0.5, 0.013, 4, 4.07715, 5, -0.020838, -0.0175363, 2.71825e-07, 1.51855e-05, -0.00027678
0101, 18.6103, 7.51475, 0.00775945, 3.36785, 0.5, 0.013, 4, 4.00832, 5, 0.00613695, 0.0358781, 5.20198e-09, -0.000695008, -0.000461394
0011, 16.9364, 8.45777, 0.111792, 3.28037, 0.5, 0.013, 4, 4.00246, 5, -0.0683021, 0.0278893, 1.51161e-07, -0.000341625, -8.45206e-06
0100, 21.8456, 6.97527, -0.0340083, 3.39037, 0.5, 0.013, 4, 4.02238, 5, 0.0425449, 0.0231392, 3.46546e-07, 0.000803077, -0.000289136
0001, 23.5901, 8.23891, -0.00173277, 3.37993, 0.5, 0.013, 4, 4.08944, 5, -0.00645897, 0.062824, 2.63649e-07, 0.00838045, -0.0220342
0010, 20.1531, 8.5443, 0.0585913, 3.18931, 0.5, 0.013, 4, 4.01075, 5, -0.0264522, 0.0325708, -2.9142e-08, 0.000267863, 0.00135155
1111, 24.2586, 1.66935, 1.60432, 3.34008, 0.5, 0.013, 4, 4.01476, 5, -0.0185325, 0.0216982, -4.14296e-09, 0.0110356, 0.000290003
1101, 26.0124, 1.68126, 1.53919, 3.35918, 0.5, 0.013, 4, 3.95088, 5, -0.00904345, 0.0237204, 5.60297e-07, -0.000195059, -0.0615274
1110, 24.9514, 4.68932, 1.56716, 3.31327, 0.5, 0.013, 4, 3.98879, 5, 0.024404, 0.0149375, 0, -0.0072735, -0.0146194
0000, 26.2648, 7.30207, 3.856e-05, 3.2708, 0.5, 0.013, 4, 3.90625, 5, 0.0162345, 0.0759421, 2.49489e-07, -0.00177764, -0.0295986
1100, 26.2651, 5.06381, 1.59196, 3.4853, 0.5, 0.013, 4, 4.0562, 5, 0.0423708, 0.0397884, 6.97333e-07, -0.00373265, 0.00469791
1001, 26.3255, 9.48793, 1.51492, 3.37334, 0.5, 0.013, 4, 3.96201, 5, 0.0120504, 0.0827426, 3.22789e-08, -0.00017846, -0.0277403
1000, 25.3049, 10.3152, 1.57079, 3.36959, 0.5, 0.013, 4, 3.9261, 5, 0.00544288, -0.021902, -9.24584e-08, 0.000179018, -0.000284749
1011, 28.4541, 5.94626, 1.62921, 3.2833, 0.5, 0.013, 4, 4.00817, 5, 0.0383384, 0.00519948, 0, -0.00173503, 0.00185132
1010, 29.3326, 8.52237, 1.60467, 3.40343, 0.5, 0.013, 4, 4.00412, 5, 0.0459053, 0.0134801, 0, -0.00497485, -0.00174466

0111, 11.7055, 5.23936, -0.0645507, 3.67005, 0.5, 0.013, 4, 4.04288, 5, -0.0585002, -0.00117912, 3.18038e-07, 0.000109017, 0.000295801
0110, 15.244, 4.43368, -0.0730201, 3.85219, 0.5, 0.013, 4, 4.07715, 5, -0.0210546, -0.0189679, 3.04547e-07, -0.000105051, -0.000295082
0101, 18.6402, 7.69837, 0.00776071, 3.59403, 0.5, 0.013, 4, 4.00832, 5, 0.00717589, 0.0407868, 3.41426e-07, 0.00028547, 0.00215795
0010, 19.9635, 8.75664, 0.0585974, 3.4035, 0.5, 0.013, 4, 4.01075, 5, -0.0650633, 0.0602898, 0, 0.00696928, -0.0141748
0011, 16.5178, 8.61119, 0.111794, 3.50068, 0.5, 0.013, 4, 4.00246, 5, -0.104402, 0.0324254, 0, 0.0229209, -0.00274819
0100, 22.0598, 7.08941, -0.0340066, 3.61806, 0.5, 0.013, 4, 4.02238, 5, 0.0414416, 0.0232123, 3.19933e-07, -0.000424731, -6.26693e-05
0001, 23.3331, 8.31574, -0.00172624, 3.60693, 0.5, 0.013, 4, 4.08944, 5, -0.0234228, 0.00398083, 5.3045e-06, -0.0277857, 0.0684496
1111, 24.159, 1.78145, 1.60433, 3.5644, 0.5, 0.013, 4, 4.01476, 5, -0.0569525, 0.023152, -3.19437e-09, 0.0247841, 2.04291e-05
1101, 25.8954, 1.79168, 1.53919, 3.58478, 0.5, 0.013, 4, 3.95088, 5, -0.0121022, 0.0234334, 6.82604e-06, -0.087829, 0.000766173
1110, 25.0248, 4.76041, 1.56716, 3.53579, 0.5, 0.013, 4, 3.98879, 5, 0.00682986, 0.0495483, 0, 0.000184277, -0.026744
0000, 26.3994, 7.47704, 5.86807e-05, 3.49047, 0.5, 0.013, 4, 3.90625, 5, 0.0105025, 0.0181105, 6.29688e-06, 0.0444617, 0.00238293
1100, 26.5981, 5.13408, 1.59198, 3.71937, 0.5, 0.013, 4, 4.0562, 5, 0.0988727, 0.00257091, 7.46876e-06, 0.0606315, 0.00966757
1001, 26.5318, 9.8533, 1.51493, 3.59989, 0.5, 0.013, 4, 3.96201, 5, 0.0284424, 0.0584185, 0, -0.00755259, -0.0160638
1000, 25.4475, 10.2021, 1.5708, 3.59588, 0.5, 0.013, 4, 3.9261, 5, 0.048325, -0.0233738, 2.57527e-12, -0.0149079, -0.000302473
1011, 28.6842, 5.95574, 1.62921, 3.5038, 0.5, 0.013, 4, 4.00817, 5, 0.0722004, -0.00715617, 3.22649e-08, -0.0153148, 0.00651523
1010, 29.5642, 8.58222, 1.60467, 3.63201, 0.5, 0.013, 4, 4.00412, 5, 0.0483751, 0.0114086, 3.15528e-08, -0.00505275, -0.000793924

0111, 11.4011, 5.24998, -0.0645471, 3.91653, 0.5, 0.013, 4, 4.04288, 5, -0.0806953, 0.0215394, 0, 0.0127851, -0.0114645
01101, 14.118, 4.37882, -0.1295, 2.06283, 0.5, 0.013, 4, 4.09805, 5, -0.0538918, -0.0662925, -3.59944e-07, -0.0471128, 0.0438152
01100, 16.1589, 4.26345, -0.0730189, 2.04807, 0.5, 0.013, 4, 4.07715, 5, 0.056316, -0.0162302, -1.9221e-07, -0.0101991, 0.00786969
0101, 18.6788, 7.90909, 0.00776364, 3.8354, 0.5, 0.013, 4, 4.00832, 5, 0.00721521, 0.0413681, 2.87315e-07, 0.00263889, 0.000343309
0010, 19.7359, 8.98372, 0.0585993, 3.63207, 0.5, 0.013, 4, 4.01075, 5, -0.0343433, 0.0379121, 2.5655e-07, 0.0102121, -0.00293617
0011, 16.0687, 8.76995, 0.111795, 3.73578, 0.5, 0.013, 4, 4.00246, 5, -0.0822231, 0.034409, 1.97768e-07, -0.00383792, -0.00246607
0100, 22.2647, 7.20108, -0.0340047, 3.86105, 0.5, 0.013, 4, 4.02238, 5, 0.041877, 0.0201406, 2.37255e-07, -0.00285632, 0.00194404
0001, 23.212, 8.3859, -0.00172177, 3.84916, 0.5, 0.013, 4, 4.08944, 5, -0.0103175, 0.00375742, 6.06164e-08, 0.00800526, -0.00386338
1111, 24.0303, 1.90107, 1.60433, 3.80378, 0.5, 0.013, 4, 4.01476, 5, -0.0143711, 0.0247104, -8.03886e-10, 0.00776697, 0.000325377
1101, 25.9326, 1.91202, 1.53919, 3.82553, 0.5, 0.013, 4, 3.95088, 5, 0.0105232, 0.0248532, -5.65595e-08, 0.000497964, 0.000323307
1110, 24.981, 4.86758, 1.56716, 3.77325, 0.5, 0.013, 4, 3.98879, 5, 0.00943301, -0.00111971, 0, -0.000733526, -0.00653091
0000, 26.4988, 7.51638, 6.4837e-05, 3.72488, 0.5, 0.013, 4, 3.90625, 5, 0.0131965, -0.00841986, 7.34783e-07, -0.00942279, 0.027589
1100, 26.9271, 5.04016, 1.59198, 3.96916, 0.5, 0.013, 4, 4.0562, 5, 0.0343868, -0.0144714, 4.28277e-08, -0.00762822, -0.0219572
1001, 26.6852, 10.0262, 1.51493, 3.84165, 0.5, 0.013, 4, 3.96201, 5, 0.0283375, 0.0219115, 0, -0.0068765, -0.00210122
1000, 25.5946, 10.0813, 1.5708, 3.83738, 0.5, 0.013, 4, 3.9261, 5, 0.0183468, -0.0249411, 2.78609e-07, 0.000213129, -0.000320331
1011, 28.9189, 5.95684, 1.62921, 3.73911, 0.5, 0.013, 4, 4.00817, 5, 0.0435917, 0.00477816, -6.01495e-07, 0.00444374, 0.000170427
1010, 29.8111, 8.63595, 1.60467, 3.87593, 0.5, 0.013, 4, 4.00412, 5, 0.0403766, 0.00982496, 0, -0.00228179, -0.000210558

01111, 9.95047, 5.34945, -0.0113917, 2.14106, 0.5, 0.013, 4, 4.08906, 5, -0.0697792, -0.000604516, 1.01384e-07, -0.014624, 0.00102132
01110, 12.0298, 5.21361, -0.0645471, 2.0385, 0.5, 0.013, 4, 4.04288, 5, -0.038889, -0.00325242, 3.82226e-08, 0.0165981, -0.0019417
01101, 13.9357, 4.22412, -0.1295, 2.20137, 0.5, 0.013, 4, 4.09805, 5, -0.0344698, -0.0220884, -5.06232e-08, 0.00557854, 0.000780831
0011, 15.6653, 8.95289, 0.111797, 3.98667, 0.5, 0.013, 4, 4.00246, 5, -0.0793559, 0.041598, 2.07339e-07, -0.00768743, -0.00484908
01100, 16.1142, 4.22048, -0.0730192, 2.18562, 0.5, 0.013, 4, 4.07715, 5, -0.0231607, -0.00633278, -3.92611e-08, -0.00617859, -0.000242118
01011, 17.6585, 8.10996, -0.0176437, 2.05841, 0.5, 0.013, 4, 4.03021, 5, -0.0178872, 0.042546, -1.6512e-06, -0.00129429, -0.0221641
01010, 19.7339, 8.107, 0.00776695, 2.03457, 0.5, 0.013, 4, 4.00832, 5, 0.0449621, 0.0149192, 0, 0.0090775, -0.010002
0010, 19.5779, 9.17949, 0.0586009, 3.876, 0.5, 0.013, 4, 4.01075, 5, -0.0248786, 0.038364, -1.30262e-06, 0.0117851, 0.0130506
11110, 23.9806, 3.08865, 1.60433, 2.05324, 0.5, 0.013, 4, 4.01476, 5, 0.00270098, 0.0471763, 1.16681e-11, 0.00120227, -0.0128679
01001, 21.4227, 7.29985, -0.0517832, 2.06833, 0.5, 0.013, 4, 4.09246, 5, 0.0288035, 0.0117299, 0, 0.00917402, 0.00800754
01000, 23.491, 7.28134, -0.0340039, 2.05202, 0.5, 0.013, 4, 4.02238, 5, 0.00393139, 0.0254506, -1.55037e-06, -0.24258, -0.024135
00011, 22.0989, 8.40437, -0.0200481, 2.06026, 0.5, 0.013, 4, 3.91092, 5, -0.0108879, 0.00256337, -6.37887e-08, -0.045656, -0.000906182
11101, 25.0194, 3.87423, 1.55405, 1.97945, 0.5, 0.013, 4, 4.00837, 5, 0.00786038, -0.0531728, -1.03619e-07, 0.000204471, -0.113119
11111, 24.0486, 1.06197, 1.60441, 2.00599, 0.5, 0.013, 4, 4.09031, 5, 0.00412759, 0.0044138, 3.42593e-11, 0.000275692, 0.0141362
11011, 25.9554, 1.01505, 1.54943, 2.02368, 0.5, 0.013, 4, 3.93483, 5, 0.00918067, 0.0164925, 1.26333e-07, -0.00463458, -0.157181
11001, 27.0704, 3.80615, 1.5988, 2.14452, 0.5, 0.013, 4, 4.02861, 5, 0.0204106, -0.0300419, 3.62904e-09, -0.000108454, -0.0051933
11010, 26.0241, 3.04103, 1.53919, 2.05878, 0.5, 0.013, 4, 3.95088, 5, 0.0138382, 0.0252619, 6.25907e-08, 0.00454187, 0.100834
00001, 25.5007, 7.39725, 0.0349357, 2.02131, 0.5, 0.013, 4, 4.0686, 5, 0.0379781, -0.0117594, -1.26172e-05, 0.23858, 0.0760303
11100, 25.027, 5.87477, 1.56716, 2.0472, 0.5, 0.013, 4, 3.98879, 5, 0.0100313, -0.0488736, -3.88471e-07, 0.0058234, -0.0696207
00000, 27.4931, 7.45763, 7.06239e-05, 1.95373, 0.5, 0.013, 4, 3.90625, 5, 0.0400386, -0.0438049, -1.9367e-06, -0.0194445, 0.136995
11000, 27.0269, 5.92167, 1.59198, 2.09121, 0.5, 0.013, 4, 4.0562, 5, 0.0205159, -0.016584, 7.8659e-08, -0.00032409, -0.0756628
00010, 24.1454, 8.40087, -0.00171839, 2.04741, 0.5, 0.013, 4, 4.08944, 5, 0.0063361, 0.00270221, -2.22396e-08, 0.0560592, -8.06617e-05
10011, 26.8273, 8.94307, 1.49571, 2.03821, 0.5, 0.013, 4, 3.9288, 5, 0.0300865, 0.0005149, -1.45735e-06, 0.0123427, -0.105957
10001, 25.7291, 8.91785, 1.51516, 2.05429, 0.5, 0.013, 4, 4.04163, 5, 0.019622, -0.0474873, -5.19294e-07, -0.00445106, 0.169955
10010, 26.7627, 10.97, 1.51493, 2.06145, 0.5, 0.013, 4, 3.96201, 5, -0.0277482, 0.00485068, -8.83817e-07, -0.0154279, 0.0942554
10000, 25.706, 10.9743, 1.5708, 2.0408, 0.5, 0.013, 4, 3.9261, 5, 0.0182212, -0.0249446, 0, 0.00220433, 0.0326863
10101, 30.0773, 7.63347, 1.57301, 2.07993, 0.5, 0.013, 4, 3.9144, 5, 0.05503, -0.00126144, -1.40892e-07, 0.00243764, -0.0159444
1011, 29.129, 5.98788, 1.62921, 3.99023, 0.5, 0.013, 4, 4.00817, 5, 0.0372327, 0.00784201, 0, -0.000983968, 0.000557894
10100, 29.9241, 9.68788, 1.60467, 2.05631, 0.5, 0.013, 4, 4.00412, 5, 0.0101825, 0.0196568, -1.07522e-07, -0.00525838, 0.0161597

01110, 11.8298, 5.19636, -0.064547, 2.1754, 0.5, 0.013, 4, 4.04288, 5, -0.0396729, -0.00359568, 2.39769e-08, 0.0020659, -0.000235932
01111, 9.60922, 5.34411, -0.0113915, 2.28485, 0.5, 0.013, 4, 4.08906, 5, -0.0684268, -0.00110454, 5.65247e-08, -0.00190343, 0.000210205
01101, 13.7276, 4.10664, -0.129502, 2.34921, 0.5, 0.013, 4, 4.09805, 5, -0.0406176, -0.0242012, -2.02486e-07, 0.00209388, 2.97953e-05
00111, 14.2006, 9.01853, 0.172528, 2.1536, 0.5, 0.013, 4, 3.95381, 5, -0.0812809, 0.035589, 0, 0.00028391, -2.9742e-05
01100, 16.0318, 4.19837, -0.0730201, 2.3324, 0.5, 0.013, 4, 4.07715, 5, -0.0176387, -0.00357765, -1.72077e-07, -0.00211985, -2.37384e-05
00101, 18.395, 9.34113, 0.0527091, 2.06596, 0.5, 0.013, 4, 4.04953, 5, -0.0442602, 0.0429194, 1.02787e-07, 0.0403307, 0.000795827
00110, 16.3212, 9.27202, 0.111799, 2.10082, 0.5, 0.013, 4, 4.00246, 5, -0.0717586, 0.0480722, 1.0704e-06, -0.0141809, 0.0110155
01011, 17.5693, 8.33202, -0.0176442, 2.19665, 0.5, 0.013, 4, 4.03021, 5, -0.0170027, 0.0543254, 8.86253e-07, 0.00117377, -0.00700505
01010, 19.9001, 8.24019, 0.00777024, 2.17121, 0.5, 0.013, 4, 4.00832, 5, -0.0327129, -0.00212816, -6.06204e-07, -0.003089, -0.0091803
11110, 23.9986, 3.28653, 1.60433, 2.19114, 0.5, 0.013, 4, 4.01476, 5, 0.00372907, 0.0405015, 1.9471e-10, -0.000103393, 0.00336984
01001, 21.4128, 7.26657, -0.051781, 2.20724, 0.5, 0.013, 4, 4.09246, 5, -0.00966657, 0.00105343, -7.23333e-07, -0.0190281, 0.00241579
01000, 23.5771, 7.4368, -0.0340056, 2.18983, 0.5, 0.013, 4, 4.02238, 5, 0.0180846, 0.0206403, 7.90638e-08, -0.00934422, 0.0436027
00100, 20.4608, 9.44582, 0.058599, 2.07034, 0.5, 0.013, 4, 4.01075, 5, -0.0104777, 0.0349564, 0, -0.0277299, -0.00290984
00011, 22.0578, 8.41969, -0.0200492, 2.19862, 0.5, 0.013, 4, 3.91092, 5, 0.0352249, 0.0164708, -1.11826e-06, -0.155479, -0.00308094
11101, 25.0581, 3.44146, 1.55405, 2.11239, 0.5, 0.013, 4, 4.00837, 5, 0.00791517, -0.0805451, -5.87626e-08, 0.000269283, -0.00085313
11111, 24.0709, 1.12503, 1.60441, 2.14071, 0.5, 0.013, 4, 4.09031, 5, 0.00462571, 0.0117142, 2.49076e-10, 0.000121255, -0.0034864
11011, 25.9927, 1.07963, 1.54943, 2.15958, 0.5, 0.013, 4, 3.93483, 5, 0.00621753, 0.0140315, 1.08353e-07, -0.000543067, 0.000179241
11001, 27.1756, 3.46014, 1.5988, 2.28854, 0.5, 0.013, 4, 4.02861, 5, 0.0210804, -0.0576483, -1.88562e-08, 0.000463668, -0.0043853
11010, 26.1021, 3.24628, 1.53919, 2.19704, 0.5, 0.013, 4, 3.95088, 5, 0.016849, 0.0393362, 1.29245e-07, 0.000541283, -0.00195928
00001, 25.7074, 7.18313, 0.0349086, 2.15706, 0.5, 0.013, 4, 4.0686, 5, 0.0343039, -0.0463369, -3.2003e-06, 0.0150474, 0.00436078
11100, 25.0616, 5.58251, 1.56716, 2.18469, 0.5, 0.013, 4, 3.98879, 5, 0.0026746, -0.0524121, 1.96286e-07, -0.00174598, 0.00167973
00000, 27.816, 7.30736, 8.07793e-05, 2.08494, 0.5, 0.013, 4, 3.90625, 5, 0.0594519, -0.0235814, 2.7744e-06, 0.0161596, -0.0218395
11000, 27.102, 5.714, 1.59198, 2.23166, 0.5, 0.013, 4, 4.0562, 5, 0.0114034, -0.0381862, 2.50358e-07, 0.000423128, 0.0209313
00010, 24.2312, 8.43378, -0.00172065, 2.18492, 0.5, 0.013, 4, 4.08944, 5, 0.0527894, 0.0367806, -2.99333e-07, 0.164437, -0.022638
10011, 26.9735, 8.81973, 1.49569, 2.17509, 0.5, 0.013, 4, 3.9288, 5, 0.0327985, -0.0112842, -3.89054e-06, 0.00362459, 0.00666835
10001, 25.8645, 8.77725, 1.51515, 2.19226, 0.5, 0.013, 4, 4.04163, 5, 0.0328387, -0.0256885, -6.95469e-07, -0.00123345, 0.00606717
10010, 26.6318, 10.901, 1.51493, 2.19989, 0.5, 0.013, 4, 3.96201, 5, -0.0332658, -0.0142777, -1.02957e-06, -0.00965615, -0.000192093
10000, 25.6028, 10.9111, 1.57079, 2.17786, 0.5, 0.013, 4, 3.9261, 5, -0.0247104, -0.0141568, -1.48123e-06, 0.00374024, -0.00018001
10111, 29.375, 4.90619, 1.61016, 2.16368, 0.5, 0.013, 4, 3.97957, 5, 0.0357677, -0.0047947, 3.28386e-08, -0.000233475, 0.00284597
10101, 30.3699, 7.64184, 1.57301, 2.21961, 0.5, 0.013, 4, 3.9144, 5, 0.070603, 0.00776706, 1.85703e-07, -0.00961785, 0.00246258
10110, 29.371, 7.03049, 1.6292, 2.09452, 0.5, 0.013, 4, 4.00817, 5, 0.0607232, 0.0232778, -8.86919e-07, 0.0102661, -0.00246364
10100, 29.9617, 9.77169, 1.60467, 2.1944, 0.5, 0.013, 4, 4.00412, 5, 0.00759336, 0.0113455, 0, 0.000814089, -0.00298572

01110, 11.634, 5.17784, -0.0645469, 2.3215, 0.5, 0.013, 4, 4.04288, 5, -0.0387741, -0.00380696, 2.6724e-08, 0.000306117, -5.97713e-05
01111, 9.26452, 5.33909, -0.0113912, 2.4383, 0.5, 0.013, 4, 4.08906, 5, -0.0693272, -0.000904581, 5.64653e-08, -0.000293126, 5.79625e-05
01101, 13.5242, 3.97949, -0.129503, 2.50698, 0.5, 0.013, 4, 4.09805, 5, -0.039875, -0.0264883, -2.91942e-07, 0.000983109, -0.000194231
01100, 15.944, 4.18668, -0.0730213, 2.48904, 0.5, 0.013, 4, 4.07715, 5, -0.0183865, -0.00127536, -2.61768e-07, -0.000990949, 0.00019179
00110, 15.9882, 9.51398, 0.111802, 2.24191, 0.5, 0.013, 4, 4.00246, 5, -0.0674215, 0.048093, 4.78382e-07, -0.00473799, -0.00155678
00111, 13.7448, 9.19042, 0.172528, 2.29823, 0.5, 0.013, 4, 3.95381, 5, -0.0951336, 0.0336576, 1.61695e-08, -0.00102916, -0.000268985
00101, 18.2009, 9.58527, 0.0527094, 2.20471, 0.5, 0.013, 4, 4.04953, 5, -0.0368389, 0.0518783, 1.76586e-07, 0.00621739, 0.00126694
01011, 17.4867, 8.59545, -0.0176436, 2.34417, 0.5, 0.013, 4, 4.03021, 5, -0.016031, 0.0524804, -3.50343e-08, -0.000132435, 0.00103753
01010, 19.7961, 8.23831, 0.00776911, 2.31703, 0.5, 0.013, 4, 4.00832, 5, -0.0415272, -0.0095207, -5.56271e-07, 0.00857179, -0.00162948
01001, 21.4257, 7.25548, -0.0517806, 2.35548, 0.5, 0.013, 4, 4.09246, 5, 0.0190138, -0.00276019, 1.80218e-07, 0.00353492, 0.00125106
01000, 23.6977, 7.56319, -0.0340029, 2.3369, 0.5, 0.013, 4, 4.02238, 5, 0.0379164, 0.0238466, -2.77415e-07, 0.00540259, -0.00393414
00100, 20.4008, 9.6097, 0.0585992, 2.20938, 0.5, 0.013, 4, 4.01075, 5, -0.00978058, 0.0312544, 1.10447e-07, -0.000203658, -0.000581981
00011, 22.0559, 8.57703, -0.020051, 2.34628, 0.5, 0.013, 4, 3.91092, 5, -0.0271656, 0.0368823, -1.18866e-06, 0.00331527, -0.0031891
11110, 24.0173, 3.48998, 1.60433, 2.33829, 0.5, 0.013, 4, 4.01476, 5, 0.00372466, 0.0410699, 3.86439e-10, -1.8247e-05, 0.000595008
11101, 25.1046, 3.01695, 1.55405, 2.25425, 0.5, 0.013, 4, 4.00837, 5, 0.012228, -0.110688, -2.33334e-07, 0.000598224, 0.018324
11111, 24.0941, 1.18277, 1.60441, 2.28448, 0.5, 0.013, 4, 4.09031, 5, 0.00464522, 0.0111739, 4.34174e-10, 1.90516e-05, -0.000612853
11011, 26.0115, 1.15213, 1.54944, 2.30462, 0.5, 0.013, 4, 3.93483, 5, 0.000874853, 0.0149767, 3.27988e-07, -0.00126553, 0.000193875
11001, 27.2839, 3.1815, 1.5988, 2.44224, 0.5, 0.013, 4, 4.02861, 5, 0.0246561, -0.0803617, -3.94267e-07, 0.00821652, -0.0912213
11010, 26.1986, 3.45605, 1.53919, 2.34459, 0.5, 0.013, 4, 3.95088, 5, 0.022164, 0.0422965, 3.49773e-07, 0.001264, -0.00096681
00001, 25.835, 6.96914, 0.0348852, 2.30193, 0.5, 0.013, 4, 4.0686, 5, -0.0178494, -0.0594195, -4.7378e-07, -0.0801608, -0.0603831
11100, 25.044, 5.29912, 1.56716, 2.33141, 0.5, 0.013, 4, 3.98879, 5, -0.0173607, -0.0890018, 2.07507e-07, 0.00605706, 0.0455045
11000, 27.1621, 5.5743, 1.59198, 2.38153, 0.5, 0.013, 4, 4.0562, 5, 0.0493087, -0.0583462, -5.39342e-06, 0.0711477, 0.0280938
00010, 24.3846, 8.55832, -0.00172289, 2.33165, 0.5, 0.013, 4, 4.08944, 5, 0.00440375, 0.0261112, -5.32575e-07, -0.0180205, 0.00365402
10011, 27.1929, 8.79727, 1.49567, 2.32117, 0.5, 0.013, 4, 3.9288, 5, 0.0703043, 0.000253861, -5.44797e-06, 0.00999832, 0.00602903
10001, 26.0439, 8.62286, 1.51517, 2.33949, 0.5, 0.013, 4, 4.04163, 5, 0.0153099, -0.0390096, 4.52018e-06, -0.0192206, 0.0408155
10010, 26.5809, 10.8273, 1.51493, 2.34763, 0.5, 0.013, 4, 3.96201, 5, 0.021403, -0.0152296, 5.52054e-07, 0.00606961, -7.98091e-05
10000, 25.5224, 10.838, 1.57079, 2.32412, 0.5, 0.013, 4, 3.9261, 5, 0.0115462, -0.0151066, -8.4321e-12, 0.0068657, -0.000196386
00000, 28.0841, 7.20666, 9.0169e-05, 2.22497, 0.5, 0.013, 4, 3.90625, 5, 0.0476686, -0.033978, 3.56712e-06, -0.0117313, -0.0284172
10111, 29.5498, 4.89199, 1.61016, 2.30899, 0.5, 0.013, 4, 3.97957, 5, 0.0342077, -0.00192877, 9.67291e-08, -0.000371621, -0.000102503
10101, 30.7022, 7.6934, 1.57302, 2.36868, 0.5, 0.013, 4, 3.9144, 5, 0.0646318, 0.0110333, 6.96159e-07, 0.0063228, 0.000426225
10110, 29.6978, 7.13796, 1.6292, 2.23519, 0.5, 0.013, 4, 4.00817, 5, 0.0638665, 0.0204442, -3.3996e-07, -0.0114881, -0.000556075
10100, 30.0033, 9.81487, 1.60467, 2.34178, 0.5, 0.013, 4, 4.00412, 5, 0.0085475, 0.00784616, 0, 1.40181e-05, -5.14121e-05

01110, 11.4429, 5.15812, -0.0645467, 2.47741, 0.5, 0.013, 4, 4.04288, 5, -0.0377037, -0.00407928, 3.37235e-08, 0.000163411, -5.38941e-05
01111, 8.91509, 5.33524, -0.0113909, 2.60206, 0.5, 0.013, 4, 4.08906, 5, -0.0703913, -0.000634325, 6.42649e-08, -0.000166351, 5.39824e-05
01101, 13.3319, 3.84263, -0.129505, 2.67535, 0.5, 0.013, 4, 4.09805, 5, -0.0368597, -0.0281635, -3.37074e-07, 0.000651736, -0.000301037
01100, 15.8449, 4.18472, -0.0730228, 2.6562, 0.5, 0.013, 4, 4.07715, 5, -0.0214074, 0.000398316, -3.13278e-07, -0.000651882, 0.000300922
00110, 15.6552, 9.75203, 0.111804, 2.39247, 0.5, 0.013, 4, 4.00246, 5, -0.0593593, 0.0430594, -1.43024e-08, 0.0127114, -0.00521231
00111, 13.2679, 9.35682, 0.172528, 2.45258, 0.5, 0.013, 4, 3.95381, 5, -0.0948443, 0.0330187, -4.0447e-09, 0.00600591, 0.00104441
00101, 18.0195, 9.93811, 0.052703, 2.35278, 0.5, 0.013, 4, 4.04953, 5, -0.0309475, 0.138298, -5.81367e-10, -0.0059843, -0.0691393
01011, 17.3938, 8.79064, -0.0176414, 2.50161, 0.5, 0.013, 4, 4.03021, 5, -0.0404296, -0.00561483, 2.2068e-06, -0.0391087, 0.0934835
01010, 19.6543, 8.16519, 0.00776739, 2.47264, 0.5, 0.013, 4, 4.00832, 5, 0.0058483, -0.0266522, 2.80308e-06, 0.0289993, -0.0131399
11110, 23.9907, 3.69474, 1.60433, 2.49533, 0.5, 0.013, 4, 4.01476, 5, -0.00514383, 0.0419303, -7.05003e-09, 0.00573783, 0.000639147
01001, 21.5529, 7.2264, -0.0517788, 2.51367, 0.5, 0.013, 4, 4.09246, 5, 0.0321045, -0.0137317, 1.77175e-06, 0.0129651, -0.0244123
01000, 23.9077, 7.67875, -0.0340037, 2.49384, 0.5, 0.013, 4, 4.02238, 5, 0.0427293, 0.021384, -3.24608e-08, -0.00127215, -0.00077615
00100, 20.3458, 9.75856, 0.0586, 2.35776, 0.5, 0.013, 4, 4.01075, 5, -0.0220821, 0.0297261, 0, -0.0133303, 0.00155958
00011, 21.9111, 8.78254, -0.0200577, 2.50385, 0.5, 0.013, 4, 3.91092, 5, -0.0325356, 0.0458144, -1.51403e-06, 0.00163452, 0.00798975
11101, 25.117, 2.48747, 1.55404, 2.40565, 0.5, 0.013, 4, 4.00837, 5, 0.0200473, -0.103724, -3.93138e-07, -0.00167031, 0.0141042
11111, 24.0851, 1.23299, 1.60441, 2.43791, 0.5, 0.013, 4, 4.09031, 5, -0.00373093, 0.00889695, -7.05501e-09, 0.006003, 0.000325754
11011, 26.1049, 1.2295, 1.54943, 2.4594, 0.5, 0.013, 4, 3.93483, 5, 0.00477851, 0.0159824, 3.28191e-07, -0.00351145, 0.000195487
11001, 27.3998, 2.80786, 1.5988, 2.60626, 0.5, 0.013, 4, 4.02861, 5, 0.0207558, -0.0652685, 3.41504e-08, -0.000640913, 0.0107358
11010, 26.3243, 3.68582, 1.5392, 2.50205, 0.5, 0.013, 4, 3.95088, 5, 0.0256877, 0.0446646, 3.44001e-07, -0.00150941, -0.0124922
00001, 25.8061, 6.66926, 0.0348514, 2.45652, 0.5, 0.013, 4, 4.0686, 5, -0.00464675, -0.0576149, -5.92494e-06, -0.00193284, 0.0100162
11100, 24.9863, 4.9159, 1.56716, 2.48799, 0.5, 0.013, 4, 3.98879, 5, -0.0106011, -0.0763182, 5.1533e-08, -0.00260214, -0.00474816
11000, 27.3816, 5.37762, 1.59198, 2.54147, 0.5, 0.013, 4, 4.0562, 5, 0.0459668, -0.0284878, -8.7921e-07, 0.00122441, -0.00153931
00010, 24.3942, 8.68324, -0.00172478, 2.48824, 0.5, 0.013, 4, 4.08944, 5, -0.00263803, 0.0236498, -3.34612e-07, 0.00577625, -0.00159572
10011, 27.5296, 8.8441, 1.49566, 2.47705, 0.5, 0.013, 4, 3.9288, 5, 0.0643969, 0.0160635, -1.5106e-06, -0.00392613, 0.0069338
10001, 26.1158, 8.41433, 1.51518, 2.4966, 0.5, 0.013, 4, 4.04163, 5, 0.0123111, -0.0362527, 1.52898e-06, 0.00214014, -0.00117379
10010, 26.7231, 10.7486, 1.51493, 2.5053, 0.5, 0.013, 4, 3.96201, 5, 0.0360439, -0.0162616, 1.47576e-06, -0.00224413, -0.00020885
10000, 25.6136, 10.7599, 1.57079, 2.48021, 0.5, 0.013, 4, 3.9261, 5, 0.0204001, -0.0161211, -8.63692e-12, 0.000174407, -0.000209576
00000, 28.2692, 7.12107, 9.78219e-05, 2.37439, 0.5, 0.013, 4, 3.90625, 5, 0.0259386, -0.00588046, 1.6491e-06, -0.00246924, -0.00496302
10111, 29.7145, 4.87295, 1.61017, 2.46406, 0.5, 0.013, 4, 3.97957, 5, 0.0320135, -0.004855, 1.3968e-07, 0.000304679, 0.00163844
10101, 30.9935, 7.74698, 1.57302, 2.52776, 0.5, 0.013, 4, 3.9144, 5, 0.0542541, 0.0105017, 0, -0.000368926, -1.99562e-05
10110, 29.9507, 7.24565, 1.6292, 2.3853, 0.5, 0.013, 4, 4.00817, 5, 0.0449865, 0.0221867, 1.48927e-07, -0.00383351, -0.00194734
10100, 30.0461, 9.85385, 1.60467, 2.49905, 0.5, 0.013, 4, 4.00412, 5, 0.0085658, 0.00777905, 0, 3.73321e-07, -1.36918e-06

01110, 11.257, 5.13693, -0.0645465, 2.64379, 0.5, 0.013, 4, 4.04288, 5, -0.0366485, -0.00441122, 4.31702e-08, 0.000223316, -7.54041e-05
01111, 8.56053, 5.33286, -0.0113906, 2.77681, 0.5, 0.013, 4, 4.08906, 5, -0.0714449, -0.000304167, 7.47272e-08, -0.000222575, 7.49299e-05
01101, 13.1582, 3.70005, -0.129506, 2.85502, 0.5, 0.013, 4, 4.09805, 5, -0.0324197, -0.0285601, -2.9274e-07, 0.00103173, 0.000146396
01100, 15.7273, 4.18847, -0.0730243, 2.83459, 0.5, 0.013, 4, 4.07715, 5, -0.025853, 0.000789163, -2.79327e-07, -0.0010329, -0.000148212
00110, 15.3594, 9.92756, 0.111803, 2.55315, 0.5, 0.013, 4, 4.00246, 5, -0.0568989, 0.0320486, -1.37712e-07, 0.0128178, 0.00185753
00111, 12.8107, 9.52463, 0.172528, 2.61729, 0.5, 0.013, 4, 3.95381, 5, -0.092498, 0.0333773, -5.16282e-09, -0.0068092, -0.00117958
00101, 17.8428, 10.3337, 0.052704, 2.51079, 0.5, 0.013, 4, 4.04953, 5, -0.0363755, 0.0609724, 1.70234e-07, -0.00253195, -0.00339721
01011, 17.2588, 9.03895, -0.0176411, 2.66961, 0.5, 0.013, 4, 4.03021, 5, -0.0196174, 0.0676045, 0, 0.000764038, 0.00180837
01010, 19.6808, 8.08858, 0.00776556, 2.6387, 0.5, 0.013, 4, 4.00832, 5, 0.017941, -0.00879276, -2.20497e-07, 0.00917189, 0.00412828
11110, 23.8135, 5.50722, 1.60433, 2.66291, 0.5, 0.013, 4, 4.01476, 5, -0.033737, 0.402092, 0, 0.0227518, -0.225342
01001, 21.7388, 7.13817, -0.0517758, 2.68248, 0.5, 0.013, 4, 4.09246, 5, 0.0386841, -0.0149323, 3.69353e-07, 0.000394917, 0.00407468
00100, 20.2342, 9.94954, 0.0586045, 2.51611, 0.5, 0.013, 4, 4.01075, 5, -0.0222535, 0.0374307, 7.1704e-07, -0.00323169, 0.00105465
00011, 21.7688, 8.97478, -0.0200608, 2.67201, 0.5, 0.013, 4, 3.91092, 5, -0.029571, 0.0342471, -1.43666e-07, -0.00540424, -0.00648292
11101, 25.1989, 1.98828, 1.55405, 2.56721, 0.5, 0.013, 4, 4.00837, 5, 0.0169372, -0.096948, -7.37076e-07, 0.00694799, 0.00758488
11111, 24.1622, 1.46979, 1.60441, 2.60163, 0.5, 0.013, 4, 4.09031, 5, -0.00507278, -0.00622439, 0, 0.0057135, 0.0202932
11011, 26.2034, 1.31207, 1.54943, 2.62457, 0.5, 0.013, 4, 3.93483, 5, 0.0413893, 0.0170664, 4.54532e-07, -0.0280957, 0.000189632
11001, 27.4965, 2.53514, 1.5988, 2.78129, 0.5, 0.013, 4, 4.02861, 5, 0.0182651, -0.0486637, 9.91296e-08, -0.000325467, 0.00167749
11010, 26.4724, 3.92513, 1.5392, 2.67009, 0.5, 0.013, 4, 3.95088, 5, 0.0359877, 0.0633434, 4.71042e-07, -0.0050431, -0.019896
01000, 24.1078, 7.77853, -0.0340033, 2.66133, 0.5, 0.013, 4, 4.02238, 5, 0.0373725, 0.0187552, 9.60311e-08, -0.00184491, 0.0034506
00001, 25.8058, 6.39285, 0.0348188, 2.6215, 0.5, 0.013, 4, 4.0686, 5, 0.00266453, -0.0494138, -6.64112e-06, 0.00260675, 0.0191689
11100, 24.9359, 4.5514, 1.56716, 2.65508, 0.5, 0.013, 4, 3.98879, 5, -0.0177967, -0.0677418, -4.26622e-07, -0.00188226, -0.0163786
11000, 27.5868, 5.2692, 1.59197, 2.71216, 0.5, 0.013, 4, 4.0562, 5, 0.0379422, -0.0162129, -2.9129e-07, -0.00190255, 0.00247792
00010, 24.412, 8.79248, -0.00172686, 2.65535, 0.5, 0.013, 4, 4.08944, 5, 0.00393046, 0.0212122, -1.56427e-07, -0.00336008, -0.00486592
10011, 27.8028, 8.93541, 1.49566, 2.64341, 0.5, 0.013, 4, 3.9288, 5, 0.0455184, 0.0201764, -3.18942e-07, -0.00246337, 0.000623916
10001, 26.2028, 8.22626, 1.51518, 2.66427, 0.5, 0.013, 4, 4.04163, 5, 0.0184417, -0.0361418, 2.21011e-07, 0.000105808, 0.0137078
10010, 26.9154, 10.6646, 1.51494, 2.67355, 0.5, 0.013, 4, 3.96201, 5, 0.0403949, -0.0173513, 1.7293e-06, -0.00449859, -0.000209467
10000, 25.6479, 10.6766, 1.57078, 2.64678, 0.5, 0.013, 4, 3.9261, 5, -0.000235152, -0.0172036, -2.45565e-07, 0.00828081, -0.000216699
00000, 28.3618, 7.12204, 0.000102809, 2.53385, 0.5, 0.013, 4, 3.90625, 5, 0.0132925, 0.00282169, 8.07403e-07, -0.00112832, -0.00083805
10111, 29.8624, 4.82398, 1.61017, 2.62955, 0.5, 0.013, 4, 3.97957, 5, 0.0192235, -0.0346006, 0, 0.0102525, 0.0263822
10101, 31.2627, 7.79938, 1.57302, 2.69752, 0.5, 0.013, 4, 3.9144, 5, 0.0537134, 0.0104724, 0, -1.51426e-05, -8.19105e-07
10110, 30.1686, 7.33481, 1.6292, 2.5455, 0.5, 0.013, 4, 4.00817, 5, 0.0521889, 0.0130219, 2.52067e-08, -0.0104307, -0.0117
10100, 30.0903, 9.93661, 1.60467, 2.66688, 0.5, 0.013, 4, 4.00412, 5, 0.00963609, 0.0459829, 1.3459e-08, -0.000676075, -0.0146908

01110, 11.0765, 5.11387, -0.0645463, 2.82134, 0.5, 0.013, 4, 4.04288, 5, -0.0355472, -0.00483162, 5.50694e-08, 0.0002229, -9.44907e-05
01111, 8.20057, 5.33234, -0.0113902, 2.9633, 0.5, 0.013, 4, 4.08906, 5, -0.0725452, 0.000113823, 8.72652e-08, -0.000222796, 9.39378e-05
01101, 13.0094, 3.56132, -0.129507, 3.04676, 0.5, 0.013, 4, 4.09805, 5, -0.0270522, -0.0264026, -1.50854e-07, 0.0010726, 0.000767326
01100, 15.5847, 4.18831, -0.0730254, 3.02496, 0.5, 0.013, 4, 4.07715, 5, -0.0312235, -0.00137942, -1.46986e-07, -0.00107263, -0.000770069
00110, 15.0487, 10.1588, 0.111806, 2.72461, 0.5, 0.013, 4, 4.00246, 5, -0.0610841, 0.0424675, 1.36063e-07, 0.00155402, -0.00117837
00111, 12.3356, 9.68877, 0.172528, 2.79307, 0.5, 0.013, 4, 3.95381, 5, -0.0957748, 0.0324152, -2.2064e-08, 0.00106227, 0.000120243
00101, 17.6768, 10.6497, 0.0527048, 2.67941, 0.5, 0.013, 4, 4.04953, 5, -0.0302151, 0.0646089, -3.60567e-08, 0.00301079, -0.00399508
01011, 17.1908, 9.30858, -0.0176377, 2.8489, 0.5, 0.013, 4, 4.03021, 5, -0.0136534, 0.0570216, 3.50449e-07, -0.000288712, 0.00157997
01010, 19.8505, 8.11178, 0.00776683, 2.81591, 0.5, 0.013, 4, 4.00832, 5, 0.0467739, 0.0130664, 0, 0.00440481, -0.00460024
11110, 23.8009, 5.85203, 1.60432, 2.84175, 0.5, 0.013, 4, 4.01476, 5, -0.0515824, -0.0571641, -2.87666e-06, -0.0168735, 0.0443422
01001, 21.8527, 7.06908, -0.0517754, 2.86264, 0.5, 0.013, 4, 4.09246, 5, 0.000882442, -0.0119544, -4.99272e-08, 0.019606, 0.0165336
00100, 20.1217, 10.1026, 0.0586074, 2.68509, 0.5, 0.013, 4, 4.01075, 5, -0.0248892, 0.0258298, 1.97888e-07, -0.00523274, 0.000317826
00011, 21.5296, 9.10489, -0.0200597, 2.85146, 0.5, 0.013, 4, 3.91092, 5, -0.0639396, 0.0183514, 9.02633e-07, -0.0202679, 0.00696342
11101, 25.3025, 1.52743, 1.55404, 2.73962, 0.5, 0.013, 4, 4.00837, 5, 0.00642738, -0.114064, -8.09389e-06, -0.0481909, -0.016368
11111, 24.1684, 1.55075, 1.60441, 2.77636, 0.5, 0.013, 4, 4.09031, 5, 0.0036502, 0.0247579, 0, 0.000270963, 0.000962407
11011, 26.2905, 1.40018, 1.54943, 2.80083, 0.5, 0.013, 4, 3.93483, 5, 0.040535, 0.0181755, 5.3196e-06, 0.0590825, 0.00016012
11001, 27.6093, 2.29361, 1.5988, 2.96808, 0.5, 0.013, 4, 4.02861, 5, 0.027288, -0.047763, -4.86075e-07, 0.00426213, 0.000435014
11010, 26.613, 4.17658, 1.5392, 2.84941, 0.5, 0.013, 4, 3.95088, 5, 0.0238304, 0.0480415, 1.61009e-07, -0.00312415, 0.00230837
01000, 24.2929, 7.79573, -0.0339906, 2.84006, 0.5, 0.013, 4, 4.02238, 5, 0.0393551, -0.0361041, 2.4039e-06, -0.00764073, -0.00189821
00001, 25.8499, 6.09082, 0.0347806, 2.79756, 0.5, 0.013, 4, 4.0686, 5, 0.0162877, -0.0800558, -7.81577e-06, 0.00809394, 0.0199749
11100, 24.8201, 4.16475, 1.56715, 2.83339, 0.5, 0.013, 4, 3.98879, 5, 0.020097, -0.0843122, -4.27125e-06, -0.0123602, 0.0199826
11000, 27.7671, 5.19954, 1.59197, 2.8943, 0.5, 0.013, 4, 4.0562, 5, 0.0380227, -0.0132268, 8.85794e-08, -0.00608698, -7.86351e-05
00010, 24.3247, 8.81675, -0.00178417, 2.83368, 0.5, 0.013, 4, 4.08944, 5, -0.0274074, -0.0246845, -2.76968e-06, 0.0623215, 0.0177068
10001, 26.3368, 8.01437, 1.51518, 2.8432, 0.5, 0.013, 4, 4.04163, 5, 0.0321988, -0.0587297, -3.52105e-06, 0.0354333, -0.0150458
10010, 27.1273, 10.5749, 1.51495, 2.85311, 0.5, 0.013, 4, 3.96201, 5, 0.0370552, -0.0185211, 8.95992e-08, -0.0297873, -0.000209868
10000, 25.7399, 10.5878, 1.57078, 2.82453, 0.5, 0.013, 4, 3.9261, 5, 0.015491, -0.0183943, -3.64868e-06, -0.0571154, -0.000119558
00000, 28.421, 7.14309, 0.000105387, 2.70403, 0.5, 0.013, 4, 3.90625, 5, 0.0112561, 0.00420213, 4.42261e-07, -5.86254e-05, -0.00240984
10111, 29.9887, 4.74357, 1.61017, 2.80615, 0.5, 0.013, 4, 3.97957, 5, 0.0255894, -0.0117126, 6.11289e-07, -0.00374101, -0.00493493
10101, 31.5312, 7.85174, 1.57302, 2.87868, 0.5, 0.013, 4, 3.9144, 5, 0.0536891, 0.0104711, 0, -8.50455e-07, -4.60035e-08
10110, 30.4073, 7.36074, 1.62921, 2.71645, 0.5, 0.013, 4, 4.00817, 5, 0.0496798, 0.00326894, 4.21428e-07, 0.00725545, -0.00594141
10011, 28.0274, 9.04438, 1.49565, 2.82094, 0.5, 0.013, 4, 3.9288, 5, 0.065443, 0.0218927, -9.39813e-07, 0.00630244, 0.00219833
10100, 30.1286, 10.1144, 1.60467, 2.84599, 0.5, 0.013, 4, 4.00412, 5, 0.00535197, 0.0331463, -2.48968e-07, -0.00314855, 0.0104226

