1, 23.8783, 6.45567, 1.5708, 2, 0.5, 0.013, 4, 3.97651, 5, 0, 0, 0, 0, 0
0, 23.7014, 4.55602, 1.5708, 2, 0.5, 0.013, 4, 3.92868, 5, 0, 0, 0, 0, 0

1, 23.8969, 6.54398, 1.57559, 2.13432, 0.5, 0.013, 4, 3.97651, 5, 0.00298424, 0.0130112, 0.00083189, 9.0753e-05, 1.86162e-05
0, 23.6828, 4.46771, 1.57559, 2.13432, 0.5, 0.013, 4, 3.92868, 5, -0.00298424, -0.0130112, 0.00083189, -9.0753e-05, -1.86162e-05

1, 23.9132, 6.61001, 1.5803, 2.27766, 0.5, 0.013, 4, 3.97651, 5, 0.00356627, 0.0134405, 0.00105919, 0.000129147, 9.23703e-05
0, 23.6665, 4.40168, 1.5803, 2.27766, 0.5, 0.013, 4, 3.92868, 5, -0.00356627, -0.0134405, 0.00105919, -0.000129147, -9.23703e-05

1, 23.9327, 6.67824, 1.58623, 2.43062, 0.5, 0.013, 4, 3.97651, 5, 0.00425338, 0.0138253, 0.00131591, 0.000144915, 5.83105e-05
0, 23.647, 4.33345, 1.58623, 2.43062, 0.5, 0.013, 4, 3.92868, 5, -0.00425338, -0.0138253, 0.00131591, -0.000144915, -5.83105e-05

1, 23.9558, 6.7479, 1.59349, 2.59386, 0.5, 0.013, 4, 3.97651, 5, 0.00500232, 0.0139905, 0.00158993, 0.000152597, 4.21101e-06
0, 23.6239, 4.2638, 1.59349, 2.59386, 0.5, 0.013, 4, 3.92868, 5, -0.00500232, -0.0139905, 0.00158993, -0.000152597, -4.21101e-06

1, 23.9827, 6.81761, 1.60213, 2.76806, 0.5, 0.013, 4, 3.97651, 5, 0.00574844, 0.0138309, 0.00186255, 0.000141578, -7.15163e-05
0, 23.597, 4.19408, 1.60213, 2.76806, 0.5, 0.013, 4, 3.92868, 5, -0.00574844, -0.0138309, 0.00186255, -0.000141578, 7.15163e-05

0, 23.5666, 4.1262, 1.61206, 2.95396, 0.5, 0.013, 4, 3.92868, 5, -0.00636237, -0.0132484, 0.00209894, -9.71544e-05, 0.000162917
1, 24.0131, 6.8855, 1.61206, 2.95396, 0.5, 0.013, 4, 3.97651, 5, 0.00636237, 0.0132484, 0.00209894, 9.71543e-05, -0.000162917

0, 23.5339, 4.06237, 1.62297, 3.15235, 0.5, 0.013, 4, 3.92868, 5, -0.006643, -0.0122089, 0.00224873, -7.02682e-06, 0.000249489
1, 24.0458, 6.94932, 1.62297, 3.15235, 0.5, 0.013, 4, 3.97651, 5, 0.00664299, 0.0122089, 0.00224873, 7.02682e-06, -0.000249489

0, 23.5011, 4.0047, 1.63431, 3.36406, 0.5, 0.013, 4, 3.92868, 5, -0.00635993, -0.010819, 0.00225914, 0.000125743, 0.000296751
1, 24.0786, 7.00699, 1.63431, 3.36406, 0.5, 0.013, 4, 3.97651, 5, 0.00635993, 0.010819, 0.00225914, -0.000125743, -0.000296751

0, 23.4715, 3.95429, 1.64528, 3.58998, 0.5, 0.013, 4, 3.92868, 5, -0.00536578, -0.00936547, 0.00210253, 0.000268916, 0.000270226
1, 24.1082, 7.0574, 1.64528, 3.58998, 0.5, 0.013, 4, 3.97651, 5, 0.00536578, 0.00936547, 0.00210253, -0.000268916, -0.000270226

0, 23.4485, 3.91045, 1.65511, 3.83108, 0.5, 0.013, 4, 3.92868, 5, -0.00380705, -0.00827654, 0.00181794, 0.000315436, 0.000145705
1, 24.1312, 7.10125, 1.65511, 3.83108, 0.5, 0.013, 4, 3.97651, 5, 0.00380705, 0.00827654, 0.00181794, -0.000315436, -0.000145705

01, 23.5282, 2.82842, 1.66793, 2.06556, 0.5, 0.013, 4, 4.01485, 5, -0.000631027, -0.0200175, 0.00178722, 5.24258e-05, -0.000971611
00, 23.3518, 4.83275, 1.66391, 2.02281, 0.5, 0.013, 4, 3.92868, 5, -0.00274815, 0.00463397, 0.00177672, -5.46172e-05, 0.00101222
11, 24.2446, 6.10624, 1.71727, 2.06163, 0.5, 0.013, 4, 3.96075, 5, 0.00573444, -0.00232693, 0.00197212, 0.000101417, -0.00250722
10, 24.0655, 8.11138, 1.66396, 2.02674, 0.5, 0.013, 4, 3.97651, 5, 0.00441834, 0.0192, 0.00183698, -0.000104864, 0.00259243

01, 23.5251, 2.72326, 1.67707, 2.20428, 0.5, 0.013, 4, 4.01485, 5, -0.000671339, -0.0215797, 0.00186921, -2.58509e-05, -0.000172915
00, 23.338, 4.86119, 1.67299, 2.15866, 0.5, 0.013, 4, 3.92868, 5, -0.00270627, 0.00626009, 0.00185921, 2.68688e-05, 0.000179724
11, 24.2733, 6.08358, 1.72769, 2.20009, 0.5, 0.013, 4, 3.96075, 5, 0.00562367, -0.00532577, 0.00216979, -5.5901e-05, -0.000168259
10, 24.0876, 8.21877, 1.67352, 2.16285, 0.5, 0.013, 4, 3.97651, 5, 0.00453267, 0.0222992, 0.00198136, 5.76912e-05, 0.000173647

01, 23.5214, 2.61321, 1.68666, 2.35232, 0.5, 0.013, 4, 4.01485, 5, -0.000839557, -0.0224428, 0.00197326, -4.20314e-05, -0.000174018
00, 23.3249, 4.89473, 1.68254, 2.30363, 0.5, 0.013, 4, 3.92868, 5, -0.00253161, 0.00715634, 0.00196568, 4.36012e-05, 0.000180517
11, 24.3006, 6.05496, 1.73898, 2.34785, 0.5, 0.013, 4, 3.96075, 5, 0.00528755, -0.00611103, 0.00235313, -7.91063e-05, -0.000151323
10, 24.1111, 8.33232, 1.68381, 2.30811, 0.5, 0.013, 4, 3.97651, 5, 0.00487926, 0.0231089, 0.00214136, 8.15095e-05, 0.00015592

01, 23.5166, 2.49882, 1.69685, 2.5103, 0.5, 0.013, 4, 4.01485, 5, -0.00109999, -0.0233146, 0.00210719, -6.30916e-05, -0.000173537
00, 23.3128, 4.93277, 1.6927, 2.45834, 0.5, 0.013, 4, 3.92868, 5, -0.00226169, 0.0080599, 0.00210359, 6.53394e-05, 0.00017972
11, 24.3259, 6.02257, 1.75128, 2.50553, 0.5, 0.013, 4, 3.96075, 5, 0.00482466, -0.0068292, 0.00257162, -0.000106791, -0.000133409
10, 24.1366, 8.44975, 1.695, 2.46312, 0.5, 0.013, 4, 3.97651, 5, 0.00535586, 0.0238484, 0.00234067, 0.000109886, 0.000137276

01, 23.5102, 2.3801, 1.70779, 2.67889, 0.5, 0.013, 4, 4.01485, 5, -0.00148057, -0.0241623, 0.00227632, -9.01669e-05, -0.000163461
00, 23.3025, 4.97529, 1.70364, 2.62344, 0.5, 0.013, 4, 3.92868, 5, -0.00186787, 0.00893721, 0.00227851, 9.32465e-05, 0.000169044
11, 24.3486, 5.98689, 1.76476, 2.6738, 0.5, 0.013, 4, 3.96075, 5, 0.00421479, -0.00741235, 0.00282563, -0.000137224, -9.57902e-05
10, 24.1649, 8.57057, 1.70729, 2.62854, 0.5, 0.013, 4, 3.97651, 5, 0.00598302, 0.0244481, 0.00258068, 0.000141037, 9.84522e-05

01, 23.5015, 2.25734, 1.71968, 2.8588, 0.5, 0.013, 4, 4.01485, 5, -0.00201106, -0.0249215, 0.00248449, -0.000122762, -0.000136676
00, 23.2944, 5.02199, 1.71555, 2.79963, 0.5, 0.013, 4, 3.92868, 5, -0.00131961, 0.00972187, 0.00249454, 0.000126798, 0.000141169
11, 24.3678, 5.94888, 1.77958, 2.85337, 0.5, 0.013, 4, 3.96075, 5, 0.00345938, -0.00773832, 0.00310633, -0.000163185, -2.89549e-05
10, 24.1967, 8.69379, 1.72086, 2.80507, 0.5, 0.013, 4, 3.97651, 5, 0.00675901, 0.024783, 0.0028541, 0.000167552, 2.97296e-05

01, 23.4898, 2.13121, 1.7327, 3.0508, 0.5, 0.013, 4, 4.01485, 5, -0.00271063, -0.0254844, 0.00273023, -0.000156553, -8.29959e-05
00, 23.2896, 5.07217, 1.72865, 2.98765, 0.5, 0.013, 4, 3.92868, 5, -0.000597464, 0.0103029, 0.00275027, 0.000161526, 8.56326e-05
11, 24.383, 5.91021, 1.79582, 3.04499, 0.5, 0.013, 4, 3.96075, 5, 0.00261634, -0.00764109, 0.00338787, -0.000168753, 7.39359e-05
10, 24.2327, 8.81768, 1.73584, 2.99346, 0.5, 0.013, 4, 3.97651, 5, 0.00762422, 0.0246833, 0.00313659, 0.000173116, -7.58475e-05

01, 23.4741, 2.00309, 1.74702, 3.25569, 0.5, 0.013, 4, 4.01485, 5, -0.0035586, -0.0256879, 0.00299952, -0.000179112, 8.64509e-06
00, 23.2887, 5.12441, 1.7431, 3.1883, 0.5, 0.013, 4, 3.92868, 5, 0.000277017, 0.0105128, 0.00303119, 0.000184628, -8.9113e-06
11, 24.3941, 5.87346, 1.81338, 3.24949, 0.5, 0.013, 4, 3.96075, 5, 0.00184766, -0.00694855, 0.00361968, -0.000128838, 0.000206095
10, 24.2728, 8.9396, 1.75216, 3.19449, 0.5, 0.013, 4, 3.97651, 5, 0.00841247, 0.0239731, 0.00337793, 0.000132067, -0.00021126

01, 23.4541, 1.87527, 1.76268, 3.47433, 0.5, 0.013, 4, 4.01485, 5, -0.00444265, -0.0253283, 0.00325545, -0.000165879, 0.000141193
00, 23.2924, 5.17633, 1.75894, 3.40242, 0.5, 0.013, 4, 3.92868, 5, 0.0011879, 0.0101424, 0.00329889, 0.000170844, -0.00014542
11, 24.4021, 5.84186, 1.83182, 3.46773, 0.5, 0.013, 4, 3.96075, 5, 0.00144294, -0.00558675, 0.00373, -2.09379e-05, 0.000333289
10, 24.3162, 9.05625, 1.76943, 3.40903, 0.5, 0.013, 4, 3.97651, 5, 0.00882722, 0.0225777, 0.00350396, 2.1448e-05, -0.000341409

01, 23.4263, 1.80691, 1.78294, 3.70767, 0.5, 0.013, 4, 4.01485, 5, -0.0102885, 0.0168553, 0.00683917, -0.0035735, 0.00215303
00, 23.3041, 5.23199, 1.77698, 3.63093, 0.5, 0.013, 4, 3.92868, 5, 0.0072051, 0.0185399, 0.00487963, 0.00367773, 0.00455752
11, 24.4097, 5.81845, 1.85036, 3.70062, 0.5, 0.013, 4, 3.96075, 5, 0.00174228, -0.00372362, 0.00365491, 0.000147371, 0.000395844
10, 24.3599, 9.16451, 1.78689, 3.63798, 0.5, 0.013, 4, 3.97651, 5, 0.00852073, 0.0206698, 0.00344474, -0.000150871, -0.000405243

01, 23.3528, 1.91284, 1.82454, 3.95667, 0.5, 0.013, 4, 4.01485, 5, -0.0144749, 0.0240103, 0.00838832, 0.00162922, 0.000276566
00, 23.3628, 5.3279, 1.80651, 3.87478, 0.5, 0.013, 4, 3.92868, 5, 0.0115137, 0.0136245, 0.00579857, -0.00167563, -0.00302963
11, 24.421, 5.80468, 1.86804, 3.94915, 0.5, 0.013, 4, 3.96075, 5, 0.00290658, -0.00183531, 0.00339088, 0.000304466, 0.000333774
10, 24.3999, 9.2629, 1.80354, 3.8823, 0.5, 0.013, 4, 3.97651, 5, 0.00732915, 0.0187372, 0.00318917, -0.000311527, -0.000341514

011, 23.5868, 1.05345, 1.81755, 2.10917, 0.5, 0.013, 4, 4.08562, 5, -0.00218451, 0.0142111, 0.00802297, -3.38521e-05, -0.000292462
010, 23.0248, 3.0517, 1.86955, 2.11323, 0.5, 0.013, 4, 4.01485, 5, -0.00997969, 0.0400199, 0.00836409, 3.37287e-05, 0.000291396
001, 23.7167, 4.31537, 1.89707, 2.11946, 0.5, 0.013, 4, 4.08651, 5, 0.0179515, 0.000276939, 0.0059442, -6.60058e-07, -0.000390799
000, 23.2095, 6.28309, 1.83389, 2.01554, 0.5, 0.013, 4, 3.92868, 5, 0.0110268, 0.0248228, 0.0056196, -0.0017714, -0.000159902
111, 24.7416, 4.8495, 1.92705, 2.08249, 0.5, 0.013, 4, 4.061, 5, 0.00977737, -0.0140912, 0.00365824, -3.0293e-05, -0.000171079
110, 24.1118, 6.82315, 1.89192, 2.13188, 0.5, 0.013, 4, 3.96075, 5, 0.00246979, 0.0116841, 0.00378267, 0.00161896, 0.000693593
101, 24.7234, 8.28954, 1.82483, 2.11788, 0.5, 0.013, 4, 4.09743, 5, 0.014007, 0.00777357, 0.0034086, 0.000148803, -0.000758526
100, 24.2265, 10.2664, 1.81999, 2.02515, 0.5, 0.013, 4, 3.97651, 5, 0.00711027, 0.032247, 0.00324979, -0.000162263, 0.00082714

011, 23.5748, 1.12239, 1.85833, 2.25082, 0.5, 0.013, 4, 4.08562, 5, -0.00268889, 0.0135021, 0.00830602, -0.000139672, -8.29863e-05
010, 22.976, 3.25391, 1.91212, 2.25515, 0.5, 0.013, 4, 4.01485, 5, -0.00947709, 0.0407263, 0.00867592, 0.00013919, 8.26999e-05
001, 23.8063, 4.31342, 1.92739, 2.2618, 0.5, 0.013, 4, 4.08651, 5, 0.0178813, -0.000868982, 0.0061786, -3.501e-05, -0.000140686
000, 23.2468, 6.40469, 1.86733, 2.1509, 0.5, 0.013, 4, 3.92868, 5, 0.00617217, 0.0243475, 0.00721278, -4.66805e-07, 0.000123371
111, 24.7895, 4.77745, 1.94594, 2.22235, 0.5, 0.013, 4, 4.061, 5, 0.00927724, -0.014687, 0.00391267, -0.000132707, -0.000104675
110, 24.1413, 6.88866, 1.90882, 2.27505, 0.5, 0.013, 4, 3.96075, 5, 0.0073812, 0.0138145, 0.00321704, 0.000162289, 0.000128213
101, 24.7939, 8.32417, 1.84216, 2.26012, 0.5, 0.013, 4, 4.09743, 5, 0.0140929, 0.00642396, 0.00352967, -1.95429e-05, -0.00016483
100, 24.2616, 10.4322, 1.83654, 2.16116, 0.5, 0.013, 4, 3.97651, 5, 0.00701662, 0.0337159, 0.00337656, 2.12085e-05, 0.000178878

011, 23.5593, 1.18926, 1.90071, 2.40198, 0.5, 0.013, 4, 4.08562, 5, -0.00354039, 0.0133381, 0.00865321, -0.000198415, 2.78783e-05
010, 22.9306, 3.45818, 1.9564, 2.4066, 0.5, 0.013, 4, 4.01485, 5, -0.00862846, 0.0408898, 0.00904007, 0.000197763, -2.77866e-05
001, 23.8951, 4.30757, 1.95889, 2.4137, 0.5, 0.013, 4, 4.08651, 5, 0.0175845, -0.0014284, 0.00642751, -8.36627e-05, -8.7368e-05
000, 23.2787, 6.52798, 1.90432, 2.29536, 0.5, 0.013, 4, 3.92868, 5, 0.00669783, 0.0249513, 0.00756993, 0.00015288, 0.000102918
111, 24.834, 4.70284, 1.96626, 2.3716, 0.5, 0.013, 4, 4.061, 5, 0.00852883, -0.0151192, 0.00422389, -0.0001666, -6.02738e-05
110, 24.1796, 6.95894, 1.92508, 2.42784, 0.5, 0.013, 4, 3.96075, 5, 0.00791728, 0.0142366, 0.00331297, 0.000104177, 5.10343e-05
101, 24.864, 8.35425, 1.86019, 2.4119, 0.5, 0.013, 4, 4.09743, 5, 0.0139286, 0.00561473, 0.00368787, -4.70432e-05, -0.000158952
100, 24.2971, 10.603, 1.85383, 2.3063, 0.5, 0.013, 4, 3.97651, 5, 0.00719448, 0.0345923, 0.00354517, 5.08463e-05, 0.000171802

011, 23.539, 1.25698, 1.94486, 2.5633, 0.5, 0.013, 4, 4.08562, 5, -0.00461337, 0.0138962, 0.00899625, -0.000220434, 0.000206157
010, 22.89, 3.66161, 2.00249, 2.56823, 0.5, 0.013, 4, 4.01485, 5, -0.00755892, 0.0403335, 0.00938546, 0.00021974, -0.000205509
001, 23.9701, 4.29556, 1.98959, 2.5758, 0.5, 0.013, 4, 4.08651, 5, 0.0114493, -0.00353727, 0.00528935, -0.000791023, -0.000204658
000, 23.3154, 6.65317, 1.94136, 2.44951, 0.5, 0.013, 4, 3.92868, 5, 0.00785747, 0.0248673, 0.00620745, -0.000752664, -0.000395
111, 24.8865, 4.63085, 1.99029, 2.53087, 0.5, 0.013, 4, 4.061, 5, 0.013387, -0.0134118, 0.00594245, 0.000487951, 0.00018773
110, 24.2197, 7.03108, 1.94349, 2.59089, 0.5, 0.013, 4, 3.96075, 5, 0.0082673, 0.0147601, 0.00493896, 0.000999753, 0.000381966
101, 24.933, 8.38039, 1.87911, 2.57389, 0.5, 0.013, 4, 4.09743, 5, 0.0136095, 0.00485489, 0.00388907, -8.19141e-05, -0.000141935
100, 24.3338, 10.7781, 1.87208, 2.46119, 0.5, 0.013, 4, 3.97651, 5, 0.00753868, 0.0354122, 0.00376154, 8.82319e-05, 0.000152882

011, 23.5133, 1.32993, 1.99046, 2.73544, 0.5, 0.013, 4, 4.08562, 5, -0.00559343, 0.0154669, 0.00920742, -0.000152486, 0.00042208
010, 22.8548, 3.85981, 2.05001, 2.74071, 0.5, 0.013, 4, 4.01485, 5, -0.00658189, 0.0387676, 0.00958208, 0.000152025, -0.000420804
000, 23.35, 6.77322, 1.97314, 2.61402, 0.5, 0.013, 4, 3.92868, 5, 0.00687321, 0.0234849, 0.00631805, -1.22322, -0.454593
001, 24.0214, 4.27615, 2.01649, 2.74879, 0.5, 0.013, 4, 4.08651, 5, 0.00947562, -0.00399271, 0.00523629, 0.420853, 0.195175
111, 24.9552, 4.56617, 2.02059, 2.70084, 0.5, 0.013, 4, 4.061, 5, 0.0136772, -0.0125013, 0.00642925, -0.433077, -0.200456
110, 24.2693, 7.10821, 1.96862, 2.76489, 0.5, 0.013, 4, 3.96075, 5, 0.0108405, 0.0155959, 0.00526068, 1.11899, 0.415517
101, 25.0148, 8.28518, 1.90459, 2.74675, 0.5, 0.013, 4, 4.09743, 5, 0.0174137, -0.0358017, 0.00627169, -0.000495045, -0.00228768
100, 24.3567, 10.7538, 1.92308, 2.62648, 0.5, 0.013, 4, 3.97651, 5, 0.00344458, -0.0108346, 0.0141715, 0.000531649, -0.000280872

011, 23.4841, 1.41331, 2.03647, 2.91915, 0.5, 0.013, 4, 4.08562, 5, -0.0059432, 0.0180122, 0.00914292, 2.84316e-05, 0.00057332
010, 22.8232, 4.04763, 2.09783, 2.92477, 0.5, 0.013, 4, 4.01485, 5, -0.00623317, 0.0362299, 0.00949096, -2.83486e-05, -0.000571646
000, 23.3868, 6.88791, 2.0057, 2.78957, 0.5, 0.013, 4, 3.92868, 5, 0.00797128, 0.0223026, 0.00691691, 4.49952, 2.01089
001, 24.0655, 4.2574, 2.04495, 2.9334, 0.5, 0.013, 4, 4.08651, 5, 0.00825978, -0.00333521, 0.00595609, 1.02285, 0.511083
111, 25.0227, 4.50644, 2.05103, 2.88223, 0.5, 0.013, 4, 4.061, 5, 0.0132515, -0.0113102, 0.005906, -1.05094, -0.524446
110, 24.3255, 7.18482, 1.99503, 2.95058, 0.5, 0.013, 4, 3.96075, 5, 0.0114499, 0.0148787, 0.00511513, -4.12783, -1.84541
101, 25.0892, 8.09768, 1.94074, 2.93121, 0.5, 0.013, 4, 4.09743, 5, 0.0113472, -0.0361818, 0.00818742, -0.0017068, 0.00157737
100, 24.3874, 10.6997, 2.00633, 2.80287, 0.5, 0.013, 4, 3.97651, 5, 0.00994976, -0.0103371, 0.0188181, 0.0018283, 0.000306393

011, 23.4557, 1.51053, 2.08138, 3.1152, 0.5, 0.013, 4, 4.08562, 5, -0.00529433, 0.0207893, 0.0087884, 0.000195609, 0.000450191
010, 22.7908, 4.22164, 2.14441, 3.1212, 0.5, 0.013, 4, 4.01485, 5, -0.00688018, 0.0334607, 0.00911163, -0.000195057, -0.000448919
000, 23.4225, 6.99257, 2.03716, 2.97692, 0.5, 0.013, 4, 3.92868, 5, 0.00531811, 0.0192808, 0.00549811, 9.62406, 4.60666
101, 25.1417, 7.95327, 1.98872, 3.12807, 0.5, 0.013, 4, 4.09743, 5, 0.0115925, -0.0197444, 0.0109798, 0.000190213, 0.00377808
001, 24.1044, 4.24316, 2.0739, 3.1304, 0.5, 0.013, 4, 4.08651, 5, 0.00714088, -0.00262745, 0.00631553, -5.65967, -3.03838
111, 25.088, 4.45236, 2.08186, 3.0758, 0.5, 0.013, 4, 4.061, 5, 0.0129804, -0.0106123, 0.00568914, 5.80827, 3.11845
110, 24.3746, 7.25339, 2.02106, 3.14874, 0.5, 0.013, 4, 3.96075, 5, 0.00803201, 0.0127888, 0.00515624, -8.85511, -4.2389
100, 24.4584, 10.6534, 2.10579, 2.99111, 0.5, 0.013, 4, 3.97651, 5, 0.0174978, -0.00801608, 0.020238, 0.00076778, 0.000463195

011, 23.43, 1.61629, 2.12499, 3.32442, 0.5, 0.013, 4, 4.08562, 5, -0.00510198, 0.0211933, 0.00871341, 3.95253e-323, 3.95253e-323
010, 22.7555, 4.38713, 2.18962, 3.33081, 0.5, 0.013, 4, 4.01485, 5, -0.00707199, 0.0330579, 0.00903374, -3.95253e-323, -3.95253e-323
000, 23.4449, 7.08941, 2.06577, 3.17684, 0.5, 0.013, 4, 3.92868, 5, 0.00295148, 0.0218556, 0.00597539, -15.0655, -7.66167
101, 25.2013, 7.89842, 2.04214, 3.33815, 0.5, 0.013, 4, 4.09743, 5, 0.0122694, -0.00344432, 0.00970679, 0.000169959, 0.00233465
001, 24.1391, 4.23273, 2.10293, 3.34064, 0.5, 0.013, 4, 4.08651, 5, 0.0072222, -0.000894684, 0.00535658, 1.8582, 1.07049
111, 25.1562, 4.39757, 2.11289, 3.28236, 0.5, 0.013, 4, 4.061, 5, 0.0161075, -0.0129919, 0.006339, -1.90406, -1.09806
110, 24.4144, 7.31445, 2.04459, 3.36021, 0.5, 0.013, 4, 3.96075, 5, 0.00783243, 0.0111738, 0.00429671, 13.8945, 7.06711
100, 24.5462, 10.6182, 2.20111, 3.19199, 0.5, 0.013, 4, 3.97651, 5, 0.0159971, -0.00629116, 0.0174348, -0.0011662, 0.000192551

011, 23.4045, 1.72225, 2.16855, 3.54768, 0.5, 0.013, 4, 4.08562, 5, -0.00510198, 0.0211933, 0.00871341, 2.47033e-323, 2.47033e-323
010, 22.708, 4.54498, 2.23193, 3.55451, 0.5, 0.013, 4, 4.01485, 5, -0.0126709, 0.0295595, 0.0076944, -0.00093907, -0.000626348
000, 23.4546, 7.20935, 2.09906, 3.3902, 0.5, 0.013, 4, 3.92868, 5, 0.000315283, 0.0250217, 0.00683915, -0.000163267, 0.000361227
101, 25.27, 7.9025, 2.07586, 3.56234, 0.5, 0.013, 4, 4.09743, 5, 0.0154206, 0.00379417, 0.0060446, 0.000357882, 0.000524898
001, 24.1866, 4.2399, 2.12955, 3.56499, 0.5, 0.013, 4, 4.08651, 5, 0.0114713, 0.00280405, 0.00526829, 2.76183, 1.68308
111, 25.2514, 4.32824, 2.14241, 3.50281, 0.5, 0.013, 4, 4.061, 5, 0.0216661, -0.013379, 0.00571965, -2.82926, -1.72431
110, 24.45, 7.36284, 2.07148, 3.58588, 0.5, 0.013, 4, 3.96075, 5, 0.00817696, 0.00928797, 0.00492808, 0.000397172, -5.17806e-05
100, 24.6126, 10.5896, 2.28143, 3.40636, 0.5, 0.013, 4, 3.97651, 5, 0.0105182, -0.00524492, 0.0149436, -0.000889176, 0.000267487

011, 23.379, 1.82822, 2.21212, 3.78594, 0.5, 0.013, 4, 4.08562, 5, -0.00510198, 0.0211933, 0.00871341, 2.47033e-323, 2.47033e-323
010, 22.6364, 4.68689, 2.26814, 3.79323, 0.5, 0.013, 4, 4.01485, 5, -0.0155495, 0.0274718, 0.0068907, -0.00036642, -0.000297107
000, 23.4553, 7.33816, 2.13403, 3.61788, 0.5, 0.013, 4, 3.92868, 5, 6.22547e-05, 0.0263406, 0.00716759, -3.60257e-05, 0.000170713
101, 25.3455, 7.92132, 2.10614, 3.80158, 0.5, 0.013, 4, 4.09743, 5, 0.0148269, 0.00365322, 0.00607632, -8.52753e-06, -2.67514e-05
001, 24.2467, 4.25544, 2.15509, 3.80441, 0.5, 0.013, 4, 4.08651, 5, 0.012428, 0.00333176, 0.00487943, -13.0876, -8.41985
111, 25.3675, 4.26529, 2.17089, 3.73805, 0.5, 0.013, 4, 4.061, 5, 0.0242951, -0.0120187, 0.00578424, 13.4052, 8.62416
110, 24.493, 7.40798, 2.09458, 3.8267, 0.5, 0.013, 4, 3.96075, 5, 0.00870916, 0.0087449, 0.0043969, -2.40083e-05, -6.78137e-05
100, 24.6634, 10.5689, 2.35563, 3.63513, 0.5, 0.013, 4, 3.97651, 5, 0.0101311, -0.00297558, 0.0148417, -2.47033e-323, 0.000478466

011, 23.3535, 1.93419, 2.25569, 4.0402, 0.5, 0.013, 4, 4.08562, 5, -0.00510198, 0.0211933, 0.00871341, 2.47033e-323, 2.47033e-323
0101, 23.2594, 4.03427, 2.33008, 2.04984, 0.5, 0.013, 4, 4.01161, 5, -0.00955359, 0.0281849, 0.00648286, 0.00446677, -0.00526296
0100, 21.9245, 5.53608, 2.30131, 1.99814, 0.5, 0.013, 4, 4.01485, 5, -0.0146786, 0.0331603, 0.00645985, -0.00469816, 0.00553558
000, 23.4332, 7.46212, 2.16206, 3.86085, 0.5, 0.013, 4, 3.92868, 5, -0.0012378, 0.0272634, 0.00573679, 0.00162038, 0.000878915
1100, 23.9797, 8.3769, 2.12056, 2.08339, 0.5, 0.013, 4, 3.96075, 5, 0.000370873, 0.0139533, 0.00563094, -0.00148662, 0.00200373
1101, 25.0949, 6.70543, 2.05806, 2.00031, 0.5, 0.013, 4, 3.98578, 5, 0.0294785, 0.00920091, 0.00339033, -0.00348419, -0.00469418
101, 25.421, 7.94045, 2.13629, 4.05689, 0.5, 0.013, 4, 4.09743, 5, 0.0157742, 0.00415409, 0.00611552, 0.000308415, 0.000123241
001, 24.3037, 4.26838, 2.17992, 4.05991, 0.5, 0.013, 4, 4.08651, 5, 0.00523806, -0.00171414, 0.00461466, 4.50701, 3.07169
111, 25.4934, 4.20636, 2.19849, 3.98909, 0.5, 0.013, 4, 4.061, 5, 0.0245645, -0.0126169, 0.00597802, -4.61395, -3.14459
100, 24.714, 10.5602, 2.42966, 3.87926, 0.5, 0.013, 4, 3.97651, 5, 0.0101311, -0.00047194, 0.0147489, -2.47033e-323, 0.000521336

0110, 22.7352, 2.80795, 2.29955, 2.10827, 0.5, 0.013, 4, 4.08562, 5, -0.00754316, 0.0373138, 0.00891305, -0.000143142, 0.000397653
0001, 23.9206, 6.81233, 2.24313, 2.05486, 0.5, 0.013, 4, 3.99451, 5, -0.00103869, 0.0215356, 0.00552961, 0.00175902, 3.46991e-05
0010, 23.7477, 5.0833, 2.207, 2.13455, 0.5, 0.013, 4, 4.08651, 5, 0.00321066, 0.0141957, 0.00529875, 3.7466e-05, 0.000411651
0101, 23.2014, 4.11657, 2.3602, 2.1875, 0.5, 0.013, 4, 4.01161, 5, -0.00775706, 0.0175468, 0.00642964, 0.00102703, 0.000814895
0100, 21.8291, 5.73162, 2.33471, 2.13233, 0.5, 0.013, 4, 4.01485, 5, -0.0199077, 0.0409989, 0.00690441, 5.48386e-05, 0.000253012
1000, 23.9361, 11.1825, 2.52659, 2.10212, 0.5, 0.013, 4, 3.97651, 5, 0.00479597, 0.00114668, 0.0201029, -5.15957e-05, 0.000551722
0000, 22.8173, 8.48986, 2.18993, 2.06528, 0.5, 0.013, 4, 3.92868, 5, -0.0138575, 0.0468, 0.00565317, 0.00102418, -0.00138304
1111, 26.2281, 3.37106, 2.1972, 2.07765, 0.5, 0.013, 4, 4.09361, 5, 0.0404017, -0.02486, 0.00372223, -0.000905766, 0.00103608
0111, 24.0928, 1.18039, 2.27724, 2.20326, 0.5, 0.013, 4, 3.91481, 5, 0.0103326, 0.0173281, 0.00882341, 0.000131842, -0.000366261
0011, 24.9965, 3.35669, 2.20747, 2.19802, 0.5, 0.013, 4, 3.97332, 5, 0.0194146, -0.00741196, 0.00475857, 0.000240264, -0.00046244
1011, 26.1678, 7.11247, 2.17538, 2.16908, 0.5, 0.013, 4, 3.99895, 5, 0.0327719, -0.0010053, 0.00462854, -0.00115002, -0.0013508
1101, 25.204, 6.70983, 2.0901, 2.13465, 0.5, 0.013, 4, 3.98578, 5, 0.0235887, 0.000605143, 0.00467103, -5.65684e-06, -0.000233206
1110, 25.0021, 5.05101, 2.21358, 2.17935, 0.5, 0.013, 4, 4.061, 5, 0.0241003, 1.54516e-05, 0.00356296, -0.00144895, 0.000148838
1100, 24.0005, 8.47884, 2.14142, 2.22331, 0.5, 0.013, 4, 3.96075, 5, 0.00577569, 0.022625, 0.00364455, -0.000104843, 0.000178713
1001, 25.5576, 9.97086, 2.54131, 2.03767, 0.5, 0.013, 4, 4.06734, 5, 0.0348823, -0.00185725, 0.0150831, 5.48004e-05, -0.00015376
1010, 24.9584, 8.86451, 2.1653, 2.16027, 0.5, 0.013, 4, 4.09743, 5, 0.0136296, 0.0185839, 0.00603231, -0.000340067, 0.00051938

0110, 22.6978, 2.99722, 2.34503, 2.24986, 0.5, 0.013, 4, 4.08562, 5, -0.00722026, 0.0382056, 0.00928685, 0.000150778, 0.000103724
0001, 23.9254, 6.91926, 2.27351, 2.19287, 0.5, 0.013, 4, 3.99451, 5, 0.00163274, 0.021186, 0.00644652, -4.23558e-05, -7.10707e-05
0010, 23.7636, 5.1571, 2.23243, 2.2779, 0.5, 0.013, 4, 4.08651, 5, 0.00303986, 0.0151043, 0.00503178, -0.000127429, 6.43664e-05
0101, 23.1686, 4.20927, 2.39419, 2.33442, 0.5, 0.013, 4, 4.01161, 5, -0.00620421, 0.0189608, 0.00708764, -5.31879e-05, 4.91139e-05
0100, 21.7309, 5.93887, 2.37021, 2.27553, 0.5, 0.013, 4, 4.01485, 5, -0.0192902, 0.0417626, 0.00729175, 0.000179274, 7.87547e-05
1000, 23.9622, 11.1954, 2.62896, 2.2433, 0.5, 0.013, 4, 3.97651, 5, 0.00579747, 0.00406207, 0.0207553, 0.000279596, 0.000598897
0000, 22.7545, 8.7143, 2.21853, 2.20398, 0.5, 0.013, 4, 3.92868, 5, -0.0119836, 0.0439654, 0.00580172, 5.84724e-05, -0.00013203
1111, 26.4238, 3.25329, 2.21635, 2.21718, 0.5, 0.013, 4, 4.09361, 5, 0.0385127, -0.0231299, 0.00393801, -9.22863e-05, -5.96156e-05
0111, 24.1442, 1.26454, 2.32216, 2.35123, 0.5, 0.013, 4, 3.91481, 5, 0.0100342, 0.0165053, 0.00915388, -0.000139466, -9.59432e-05
0011, 25.0948, 3.31597, 2.23174, 2.34564, 0.5, 0.013, 4, 3.97332, 5, 0.0197716, -0.00868563, 0.00495662, 3.82519e-06, -0.000184482
1011, 26.3253, 7.09828, 2.20112, 2.31475, 0.5, 0.013, 4, 3.99895, 5, 0.0313564, -0.0041152, 0.00539008, 0.000195675, -0.00034897
1101, 25.3224, 6.71037, 2.11238, 2.27801, 0.5, 0.013, 4, 3.98578, 5, 0.0237527, -0.000394798, 0.00440108, 1.9686e-05, -0.000210467
1110, 25.1137, 5.05267, 2.23375, 2.32571, 0.5, 0.013, 4, 4.061, 5, 0.0215961, 0.000641947, 0.00431664, 5.95369e-06, 0.000154258
1100, 24.029, 8.59474, 2.15926, 2.37262, 0.5, 0.013, 4, 3.96075, 5, 0.00569927, 0.0237818, 0.00347698, -0.000271146, 6.74171e-05
1001, 25.7348, 9.96865, 2.61588, 2.17452, 0.5, 0.013, 4, 4.06734, 5, 0.0376248, 0.00326201, 0.0140423, 0.000500297, 0.000832199
1010, 25.0197, 8.95525, 2.19763, 2.30535, 0.5, 0.013, 4, 4.09743, 5, 0.00931167, 0.0158672, 0.00750009, -0.000582913, -6.79859e-05

0110, 22.6641, 3.18912, 2.39247, 2.40096, 0.5, 0.013, 4, 4.08562, 5, -0.00618753, 0.038453, 0.00968696, 0.000261075, -1.80692e-05
0001, 23.9316, 7.02434, 2.30721, 2.34014, 0.5, 0.013, 4, 3.99451, 5, 0.000644271, 0.0208421, 0.00704435, -0.000291392, -6.92594e-05
0010, 23.7782, 5.23407, 2.25798, 2.43089, 0.5, 0.013, 4, 4.08651, 5, 0.00297224, 0.0157623, 0.00522574, 6.19405e-05, 0.000157586
0101, 23.1358, 4.3045, 2.43064, 2.49119, 0.5, 0.013, 4, 4.01161, 5, -0.00708734, 0.0191507, 0.00745961, -0.000255386, 7.37464e-05
0100, 21.637, 6.14806, 2.40758, 2.42836, 0.5, 0.013, 4, 4.01485, 5, -0.0181608, 0.0417871, 0.00764257, 0.000266621, -7.69907e-05
1000, 23.9962, 11.2232, 2.73296, 2.39395, 0.5, 0.013, 4, 3.97651, 5, 0.00801837, 0.00704833, 0.0207353, 0.000556907, 0.000588884
0000, 22.6921, 8.9319, 2.24783, 2.352, 0.5, 0.013, 4, 3.92868, 5, -0.0133259, 0.0430635, 0.00589639, -0.000343639, -0.000141405
1111, 26.6159, 3.13562, 2.23669, 2.36608, 0.5, 0.013, 4, 4.09361, 5, 0.0383802, -0.0241144, 0.00421382, -4.65698e-06, -0.000277733
0111, 24.1922, 1.34627, 2.36883, 2.50914, 0.5, 0.013, 4, 3.91481, 5, 0.00907697, 0.0162762, 0.00951376, -0.000242361, 1.6774e-05
0011, 25.1935, 3.27038, 2.25712, 2.50317, 0.5, 0.013, 4, 3.97332, 5, 0.0196397, -0.00952282, 0.00520221, -5.89618e-05, -0.000150008
1011, 26.4829, 7.07523, 2.2285, 2.47021, 0.5, 0.013, 4, 3.99895, 5, 0.0315087, -0.00490835, 0.00557233, -6.29346e-05, -8.02625e-05
1101, 25.4424, 6.7066, 2.13439, 2.431, 0.5, 0.013, 4, 3.98578, 5, 0.0243841, -0.00100505, 0.00438154, 0.000192174, -7.65572e-05
1110, 25.222, 5.05693, 2.25631, 2.48191, 0.5, 0.013, 4, 4.061, 5, 0.0217783, 0.000942008, 0.00474409, 6.27056e-05, 6.76174e-06
1100, 24.052, 8.713, 2.17678, 2.53197, 0.5, 0.013, 4, 3.96075, 5, 0.00384721, 0.0237795, 0.00343299, -0.000137099, 0.000164007
1001, 25.9234, 9.99003, 2.68542, 2.32056, 0.5, 0.013, 4, 4.06734, 5, 0.0371858, 0.00492707, 0.0139059, -0.000370644, 0.000203955
1010, 25.0692, 9.04098, 2.23471, 2.46018, 0.5, 0.013, 4, 4.09743, 5, 0.0108504, 0.0186218, 0.00723797, 0.000348762, 0.000542749

0110, 22.6368, 3.38038, 2.44177, 2.56221, 0.5, 0.013, 4, 4.08562, 5, -0.00466739, 0.0378771, 0.0100044, 0.000334897, -0.000225848
0001, 23.9307, 7.12777, 2.34404, 2.4973, 0.5, 0.013, 4, 3.99451, 5, -0.00108965, 0.0205448, 0.00768798, -0.0003914, -4.8561e-05
0010, 23.7942, 5.31468, 2.28486, 2.59414, 0.5, 0.013, 4, 4.08651, 5, 0.0034376, 0.0164184, 0.00553124, 3.38983e-05, 1.70537e-05
0101, 23.0969, 4.40192, 2.46852, 2.6585, 0.5, 0.013, 4, 4.01161, 5, -0.00848403, 0.019977, 0.00765724, -0.000501264, 0.000266476
0100, 21.5498, 6.35526, 2.44642, 2.59144, 0.5, 0.013, 4, 4.01485, 5, -0.016733, 0.0409263, 0.00786292, 0.000289225, -0.000269852
0000, 22.6222, 9.14592, 2.2776, 2.50996, 0.5, 0.013, 4, 3.92868, 5, -0.014409, 0.0425621, 0.00602664, -0.000121832, -0.0001285
1111, 26.8075, 3.01144, 2.25866, 2.52499, 0.5, 0.013, 4, 4.09361, 5, 0.0381939, -0.0255517, 0.00458875, -8.94667e-05, -0.000268615
0111, 24.2342, 1.42858, 2.41719, 2.67765, 0.5, 0.013, 4, 3.91481, 5, 0.00766347, 0.0168119, 0.00980428, -0.000311853, 0.000210307
0011, 25.2907, 3.22106, 2.28384, 2.67128, 0.5, 0.013, 4, 3.97332, 5, 0.0192004, -0.0101691, 0.00548739, 9.25643e-05, -0.000108137
1011, 26.6394, 7.04965, 2.25697, 2.6361, 0.5, 0.013, 4, 3.99895, 5, 0.0310955, -0.00541312, 0.00582871, -7.67513e-05, -0.000154834
1101, 25.5669, 6.70074, 2.15607, 2.59426, 0.5, 0.013, 4, 3.98578, 5, 0.0254785, -0.0013253, 0.00427994, 0.000235768, -5.60787e-05
1110, 25.3319, 5.06166, 2.28148, 2.64859, 0.5, 0.013, 4, 4.061, 5, 0.0222367, 0.000975105, 0.0053397, 0.000214102, 9.26045e-05
1000, 24.0437, 11.2656, 2.83525, 2.55473, 0.5, 0.013, 4, 3.97651, 5, 0.0109743, 0.00985924, 0.0200837, 0.000576829, 0.000528201
1100, 24.0701, 8.8344, 2.19321, 2.70201, 0.5, 0.013, 4, 3.96075, 5, 0.00336155, 0.0247737, 0.00315625, -0.00016085, 0.000163382
1001, 26.1038, 10.0191, 2.75489, 2.4764, 0.5, 0.013, 4, 4.06734, 5, 0.0352751, 0.00744907, 0.0136797, -0.000151763, 0.000905123
1010, 25.127, 9.13891, 2.27037, 2.6254, 0.5, 0.013, 4, 4.09743, 5, 0.0119414, 0.0199792, 0.00708421, 4.09182e-05, 3.80212e-05

