1, 23.5, 5.75, 1.5708, 2, 0.5, 0.013, 4, 4.0452, 5, 0, 0, 0, 0, 0
0, 22, 6, 0, 2, 0.5, 0.013, 4, 3.99341, 5, 0, 0, 0, 0, 0

1, 23.5294, 5.74999, 1.57018, 2.13432, 0.5, 0.013, 4, 4.0452, 5, 0.00640238, -3.19123e-06, 0, 0.000970424, -1.26463e-06
0, 21.9706, 6.00001, 4.11519e-07, 2.13432, 0.5, 0.013, 4, 3.99341, 5, -0.00640238, 3.19123e-06, 0, -0.000970424, 1.26463e-06

1, 23.5652, 5.74996, 1.56963, 2.27766, 0.5, 0.013, 4, 4.0452, 5, 0.00736589, -7.66545e-06, 0, 0.000202267, -9.84933e-07
0, 21.9348, 6.00004, 1.61107e-06, 2.27766, 0.5, 0.013, 4, 3.99341, 5, -0.00736589, 7.66545e-06, 0, -0.000202267, 9.84933e-07

1, 23.6032, 5.74992, 1.56912, 2.43062, 0.5, 0.013, 4, 4.0452, 5, 0.00785848, -1.21311e-05, 0, 0.000110267, -9.3691e-07
0, 21.8968, 6.00008, 3.58737e-06, 2.43062, 0.5, 0.013, 4, 3.99341, 5, -0.00785848, 1.21311e-05, 0, -0.000110267, 9.3691e-07

1, 23.6438, 5.74984, 1.56864, 2.59386, 0.5, 0.013, 4, 4.0452, 5, 0.00838117, -1.68955e-05, 0, 0.000109627, -9.87998e-07
0, 21.8562, 6.00016, 6.37221e-06, 2.59386, 0.5, 0.013, 4, 3.99341, 5, -0.00838117, 1.68955e-05, 0, -0.000109627, 9.87998e-07

1, 23.6871, 5.74975, 1.5682, 2.76806, 0.5, 0.013, 4, 4.0452, 5, 0.00894457, -2.19978e-05, 0, 0.000116673, -1.05563e-06
0, 21.8129, 6.00025, 9.97976e-06, 2.76806, 0.5, 0.013, 4, 3.99341, 5, -0.00894457, 2.19978e-05, 0, -0.000116673, 1.05563e-06

1, 23.7333, 5.74962, 1.56778, 2.95396, 0.5, 0.013, 4, 4.0452, 5, 0.00954712, -2.74562e-05, 0, 0.000124542, -1.12887e-06
0, 21.7667, 6.00038, 1.44152e-05, 2.95396, 0.5, 0.013, 4, 3.99341, 5, -0.00954712, 2.74562e-05, 0, -0.000124542, 1.12887e-06

1, 23.7826, 5.74947, 1.56739, 3.15235, 0.5, 0.013, 4, 4.0452, 5, 0.0101904, -3.32936e-05, 0, 0.000132905, -1.20714e-06
0, 21.7174, 6.00053, 1.96777e-05, 3.15235, 0.5, 0.013, 4, 3.99341, 5, -0.0101904, 3.32936e-05, 0, -0.000132905, 1.20714e-06

1, 23.8353, 5.74929, 1.56702, 3.36406, 0.5, 0.013, 4, 4.0452, 5, 0.0108769, -3.95359e-05, 0, 0.000141816, -1.29083e-06
0, 21.6647, 6.00071, 2.57619e-05, 3.36406, 0.5, 0.013, 4, 3.99341, 5, -0.0108769, 3.95359e-05, 0, -0.000141816, 1.29083e-06

1, 23.8914, 5.74907, 1.56667, 3.58998, 0.5, 0.013, 4, 4.0452, 5, 0.0116094, -4.62111e-05, 0, 0.000151325, -1.38036e-06
0, 21.6086, 6.00093, 3.26587e-05, 3.58998, 0.5, 0.013, 4, 3.99341, 5, -0.0116094, 4.62111e-05, 0, -0.000151325, 1.38036e-06

1, 23.9514, 5.74883, 1.56634, 3.83108, 0.5, 0.013, 4, 4.0452, 5, 0.0123911, -5.33496e-05, 0, 0.000161477, -1.47615e-06
0, 21.5486, 6.00117, 4.03562e-05, 3.83108, 0.5, 0.013, 4, 3.99341, 5, -0.0123911, 5.33496e-05, 0, -0.000161477, 1.47615e-06

01, 20.4664, 6.00166, 0.0415474, 2.04856, 0.5, 0.013, 4, 3.92828, 5, -0.025488, 0.000332282, 0, 0.000472876, -4.14839e-06
00, 22.4989, 6.0012, 6.49154e-05, 2.03982, 0.5, 0.013, 4, 3.99341, 5, 0.0105124, -0.00026599, 0, 0.00158706, -4.3762e-06
11, 24.0045, 4.66824, 1.53691, 2.07783, 0.5, 0.013, 4, 4.00438, 5, 0.00765289, -0.00673652, 0, -0.00120894, -0.016243
10, 24.0139, 6.69434, 1.56614, 2.01055, 0.5, 0.013, 4, 4.0452, 5, 0.00753736, 0.00701867, 0, -0.0015196, 0.0169833

01, 20.349, 6.0033, 0.0416821, 2.18614, 0.5, 0.013, 4, 3.92828, 5, -0.0260594, 0.000461486, 0, 0.00140024, -7.08037e-06
00, 22.5186, 5.99354, -0.000198859, 2.17681, 0.5, 0.013, 4, 3.99341, 5, 0.00240737, -0.00262385, 0, -0.00085679, 8.4181e-05
11, 24.0371, 4.60033, 1.53681, 2.21737, 0.5, 0.013, 4, 4.00438, 5, 0.00598563, -0.0138853, 0, -0.000136067, 8.07158e-06
10, 24.0777, 6.76907, 1.56769, 2.14557, 0.5, 0.013, 4, 4.0452, 5, 0.0172356, 0.0161075, 0, -0.000469491, -0.000150426

01, 20.2201, 6.00612, 0.0418813, 2.33296, 0.5, 0.013, 4, 3.92828, 5, -0.02662, 0.000722329, 0, -0.00022956, 6.48217e-05
00, 22.5339, 5.98039, -0.000484888, 2.323, 0.5, 0.013, 4, 3.99341, 5, 0.00349322, -0.00297628, 0, 0.000140165, -0.000126502
11, 24.0653, 4.53332, 1.53684, 2.36629, 0.5, 0.013, 4, 4.00438, 5, 0.00530075, -0.0134999, 0, -0.000141222, 0.000116582
10, 24.1608, 6.84641, 1.56956, 2.28967, 0.5, 0.013, 4, 4.0452, 5, 0.0173645, 0.0157438, 0, 0.000227032, -6.18781e-05

01, 20.0848, 6.01061, 0.0421545, 2.48963, 0.5, 0.013, 4, 3.92828, 5, -0.0276291, 0.00110052, 0, -0.000245141, 9.17132e-05
00, 22.5525, 5.96385, -0.000774182, 2.47901, 0.5, 0.013, 4, 3.99341, 5, 0.00404822, -0.00368647, 0, 0.000117834, -0.000171844
11, 24.0897, 4.46477, 1.53701, 2.52521, 0.5, 0.013, 4, 4.00438, 5, 0.0044327, -0.0138461, 0, -0.000190338, -3.45547e-05
10, 24.2507, 6.92697, 1.57171, 2.44344, 0.5, 0.013, 4, 4.0452, 5, 0.018686, 0.0164248, 0, 0.000318632, 0.000114615

01, 19.9437, 6.01739, 0.0425211, 2.65684, 0.5, 0.013, 4, 3.92828, 5, -0.028777, 0.00163579, 0, -0.000227749, 0.00012517
00, 22.5746, 5.94322, -0.00103568, 2.6455, 0.5, 0.013, 4, 3.99341, 5, 0.00476019, -0.00459387, 0, 0.000146318, -0.000202307
11, 24.1093, 4.39523, 1.53735, 2.6948, 0.5, 0.013, 4, 4.00438, 5, 0.00338882, -0.0139067, 0, -0.000225191, 2.13744e-05
10, 24.3478, 7.01033, 1.57409, 2.60754, 0.5, 0.013, 4, 4.0452, 5, 0.0201675, 0.0168539, 0, 0.000307159, 5.4757e-05

01, 19.7823, 6.02893, 0.0431448, 2.83527, 0.5, 0.013, 4, 3.92828, 5, -0.0374032, 0.00309031, 0, 0.00142064, -0.000177126
00, 22.5866, 5.94775, 0.000560588, 2.82317, 0.5, 0.013, 4, 3.99341, 5, 0.00164342, 0.004468, 0, -0.00309328, -0.00169001
11, 24.1565, 4.3033, 1.53603, 2.87578, 0.5, 0.013, 4, 4.00438, 5, 0.0143941, -0.020172, 0, -0.00140355, 0.000865138
10, 24.4472, 7.0863, 1.57646, 2.78266, 0.5, 0.013, 4, 4.0452, 5, 0.020869, 0.0125717, 0, 0.00318754, 0.001016

01, 19.6007, 6.04382, 0.0437833, 3.02568, 0.5, 0.013, 4, 3.92828, 5, -0.0368258, 0.00306853, 0, -0.00090481, 0.00011628
00, 22.5928, 5.96713, 0.00219026, 3.01277, 0.5, 0.013, 4, 3.99341, 5, 0.00160378, 0.00505003, 0, 0.000455457, -0.000166266
11, 24.2193, 4.19851, 1.53497, 3.06891, 0.5, 0.013, 4, 4.00438, 5, 0.0126336, -0.022177, 0, -0.000190917, 0.000384647
10, 24.5576, 7.15685, 1.57916, 2.96954, 0.5, 0.013, 4, 4.0452, 5, 0.0221144, 0.0140585, 0, 0.000662058, -0.000361895

01, 19.4089, 6.06009, 0.044489, 3.22888, 0.5, 0.013, 4, 3.92828, 5, -0.0392258, 0.00334395, 0, -0.000214291, 1.06e-05
00, 22.6034, 5.99358, 0.00416736, 3.2151, 0.5, 0.013, 4, 3.99341, 5, 0.00270333, 0.00614161, 0, 0.000159402, 0.000344054
11, 24.28, 4.08648, 1.53395, 3.27502, 0.5, 0.013, 4, 4.00438, 5, 0.0117426, -0.0231101, 0, -0.000238369, -0.000238136
10, 24.6758, 7.22612, 1.5821, 3.16897, 0.5, 0.013, 4, 4.0452, 5, 0.0243225, 0.0136185, 0, 0.000295514, -0.000117326

01, 19.2086, 6.07698, 0.0451866, 3.44573, 0.5, 0.013, 4, 3.92828, 5, -0.0409492, 0.0033869, 0, -0.00028539, -1.91523e-05
00, 22.6195, 6.02839, 0.00641137, 3.43103, 0.5, 0.013, 4, 3.99341, 5, 0.00389293, 0.0079515, 0, 0.000296905, 0.000454699
11, 24.3351, 3.96847, 1.53318, 3.49497, 0.5, 0.013, 4, 4.00438, 5, 0.0102828, -0.0240186, 0, -0.000327438, -0.000139961
10, 24.8026, 7.29237, 1.58521, 3.3818, 0.5, 0.013, 4, 4.0452, 5, 0.0263285, 0.0126641, 0, 0.00031585, -0.000298095

01, 19.0006, 6.0934, 0.0458337, 3.67714, 0.5, 0.013, 4, 3.92828, 5, -0.0421975, 0.00312688, 0, -0.000328595, -7.50808e-05
00, 22.6436, 6.07335, 0.0088332, 3.66145, 0.5, 0.013, 4, 3.99341, 5, 0.00558543, 0.00988669, 0, 0.000199627, 0.000274408
11, 24.3812, 3.84749, 1.53275, 3.72968, 0.5, 0.013, 4, 4.00438, 5, 0.00806888, -0.0241663, 0, -0.00042255, 0.00016537
10, 24.9382, 7.35186, 1.58844, 3.60891, 0.5, 0.013, 4, 4.0452, 5, 0.0281086, 0.0111227, 0, 0.000554823, -0.000370624

01, 18.7839, 6.10798, 0.0464033, 3.9241, 0.5, 0.013, 4, 3.92828, 5, -0.0445703, 0.00265013, 0, -0.000473104, -0.000132686
00, 22.6741, 6.1265, 0.011254, 3.90735, 0.5, 0.013, 4, 3.99341, 5, 0.00651937, 0.0114466, 0, 0.000165665, 0.000310336
11, 24.4178, 3.73028, 1.53255, 3.98017, 0.5, 0.013, 4, 4.00438, 5, 0.00679062, -0.0225204, 0, -0.00016528, 0.000466224
10, 25.0857, 7.4011, 1.59174, 3.85128, 0.5, 0.013, 4, 4.0452, 5, 0.0308223, 0.0083596, 0, 0.000469882, -0.000649936

011, 17.4394, 6.07151, 0.0894744, 2.06982, 0.5, 0.013, 4, 3.94921, 5, -0.0563734, 0.00214827, 0, 0.0106544, 0.0003435
010, 19.5688, 6.17538, 0.0474482, 2.11782, 0.5, 0.013, 4, 3.92828, 5, -0.0229176, 0.000255068, 0, 0.00350485, -0.000450333
001, 21.6815, 6.28074, -0.0109159, 2.13119, 0.5, 0.013, 4, 4.08958, 5, 0.0186188, 0.031422, 0, 0.00648743, -4.56139e-05
000, 23.7689, 6.33148, 0.0162399, 2.03858, 0.5, 0.013, 4, 3.99341, 5, 0.0072606, 0.0344278, 0, -0.0188618, -0.00112934
111, 24.4136, 2.5155, 1.50637, 2.07462, 0.5, 0.013, 4, 4.03192, 5, 0.00676546, -0.0283533, 0, 9.91853e-05, 0.00537629
101, 25.2923, 6.50015, 1.58408, 2.04004, 0.5, 0.013, 4, 3.91492, 5, 0.0230163, -0.0042293, 0, -0.00158931, -0.0161099
110, 24.4761, 4.73592, 1.5327, 2.17285, 0.5, 0.013, 4, 4.00438, 5, 0.00560354, 0.00214861, 0, 0.000160108, -0.00145253
100, 25.2432, 8.53431, 1.59489, 2.06989, 0.5, 0.013, 4, 4.0452, 5, 0.0221256, 0.0232943, 0, -0.0025506, 0.0134541

011, 17.2021, 6.08369, 0.0894744, 2.20882, 0.5, 0.013, 4, 3.94921, 5, -0.045127, 0.00251086, 0, 0.000115845, 3.7349e-06
010, 19.4448, 6.16806, 0.0470774, 2.26005, 0.5, 0.013, 4, 3.92828, 5, -0.0311508, -0.00372234, 0, -0.00209857, -0.00115352
001, 21.6638, 6.43434, -0.0120307, 2.27431, 0.5, 0.013, 4, 4.08958, 5, -0.0100556, 0.0315391, 0, 0.00759966, 0.0013202
000, 23.8606, 6.50873, 0.0158706, 2.17549, 0.5, 0.013, 4, 3.99341, 5, 0.0198918, 0.0363898, 0, -0.00750001, -0.000250102
111, 24.4478, 2.39631, 1.50637, 2.21395, 0.5, 0.013, 4, 4.03192, 5, 0.00687061, -0.0226538, 0, 1.09987e-06, 5.96177e-05
101, 25.4346, 6.47119, 1.58402, 2.17705, 0.5, 0.013, 4, 3.91492, 5, 0.0375035, -0.00581715, 0, 0.00133529, 0.00111057
110, 24.5048, 4.74016, 1.5327, 2.31877, 0.5, 0.013, 4, 4.00438, 5, 0.00578801, 0.00047511, 0, 2.56352e-06, -2.32568e-05
100, 25.3445, 8.64979, 1.59484, 2.20891, 0.5, 0.013, 4, 4.0452, 5, 0.0195507, 0.0227591, 0, -0.000143887, -0.00108168

011, 16.9472, 6.09693, 0.0896402, 2.35716, 0.5, 0.013, 4, 3.94921, 5, -0.0532811, 0.00280608, 0, 0.000768508, 5.80588e-05
010, 19.319, 6.13972, 0.0461076, 2.41183, 0.5, 0.013, 4, 3.92828, 5, -0.0229447, -0.00790368, 0, 0.00116565, -0.000110899
001, 21.621, 6.59881, -0.014139, 2.42705, 0.5, 0.013, 4, 4.08958, 5, -0.010855, 0.0342138, 0, -0.00108199, -4.74581e-05
000, 23.9627, 6.69301, 0.0152732, 2.32159, 0.5, 0.013, 4, 3.99341, 5, 0.0217069, 0.0376086, 0, -0.00257606, 7.39722e-05
111, 24.4822, 2.28332, 1.50637, 2.36264, 0.5, 0.013, 4, 4.03192, 5, 0.00687192, -0.0225829, 0, 2.01863e-08, 1.09419e-06
101, 25.6125, 6.44442, 1.58313, 2.32325, 0.5, 0.013, 4, 3.91492, 5, 0.0374021, -0.00531261, 0, 0.00181862, 0.000230727
110, 24.5338, 4.74242, 1.5327, 2.4745, 0.5, 0.013, 4, 4.00438, 5, 0.0057913, 0.000445229, 0, 6.41786e-08, -5.82242e-07
100, 25.4397, 8.76103, 1.59463, 2.35725, 0.5, 0.013, 4, 4.0452, 5, 0.0184834, 0.022215, 0, -0.000206112, -0.000212012

011, 16.6907, 6.11138, 0.0897905, 2.51547, 0.5, 0.013, 4, 3.94921, 5, -0.0490558, 0.00288194, 0, 0.000775139, -2.54198e-05
010, 19.2208, 6.10313, 0.0451371, 2.57381, 0.5, 0.013, 4, 3.92828, 5, -0.0167479, -0.0059781, 0, 0.000953125, 0.000665699
001, 21.5592, 6.76613, -0.0162626, 2.59005, 0.5, 0.013, 4, 4.08958, 5, -0.014233, 0.031989, 0, -0.000952309, -0.000776268
111, 24.5165, 2.17038, 1.50637, 2.52131, 0.5, 0.013, 4, 4.03192, 5, 0.00688026, -0.0228272, 0, 5.20028e-05, -0.00151939
000, 24.0604, 6.88154, 0.014567, 2.47751, 0.5, 0.013, 4, 3.99341, 5, 0.0183009, 0.0378867, 0, -0.000327722, 0.000149082
101, 25.794, 6.41736, 1.5815, 2.47928, 0.5, 0.013, 4, 3.91492, 5, 0.0349522, -0.00560705, 0, -0.000176299, 4.32743e-05
110, 24.5627, 4.74467, 1.5327, 2.64068, 0.5, 0.013, 4, 4.00438, 5, 0.00578364, 0.00067349, 0, -4.85669e-05, 0.00141921
100, 25.5288, 8.87243, 1.59419, 2.51556, 0.5, 0.013, 4, 4.0452, 5, 0.0171328, 0.0224401, 0, -0.000252443, -4.98168e-05

011, 16.4517, 6.12556, 0.0898739, 2.68441, 0.5, 0.013, 4, 3.94921, 5, -0.0469424, 0.00279553, 0, 0.00025602, -1.84996e-05
010, 19.1474, 6.08126, 0.0446691, 2.74666, 0.5, 0.013, 4, 3.92828, 5, -0.0127386, -0.00251852, 0, 0.000645617, 0.000812836
001, 21.4812, 6.91613, -0.0178844, 2.764, 0.5, 0.013, 4, 4.08958, 5, -0.0166332, 0.0276171, 0, -0.000282976, -0.00108529
111, 24.552, 2.02983, 1.50624, 2.69064, 0.5, 0.013, 4, 4.03192, 5, 0.00710222, -0.027716, 0, 2.96482e-05, -0.000213051
000, 24.1476, 7.07328, 0.0137127, 2.6439, 0.5, 0.013, 4, 3.99341, 5, 0.0166923, 0.0389459, 0, -0.000267301, 0.000302739
101, 25.9667, 6.38918, 1.57953, 2.64579, 0.5, 0.013, 4, 3.91492, 5, 0.0342286, -0.00565266, 0, -6.99005e-05, 3.13314e-05
110, 24.5906, 4.77388, 1.53261, 2.81803, 0.5, 0.013, 4, 4.00438, 5, 0.00556086, 0.00561738, 0, -2.76353e-05, 0.000181711
100, 25.611, 8.98467, 1.59351, 2.68451, 0.5, 0.013, 4, 4.0452, 5, 0.0157446, 0.0224468, 0, -0.000280636, -3.75225e-05

011, 16.2185, 6.13951, 0.089948, 2.86469, 0.5, 0.013, 4, 3.94921, 5, -0.0467931, 0.0028503, 0, -0.000214761, 5.25692e-05
010, 19.0897, 6.0764, 0.0446986, 2.93112, 0.5, 0.013, 4, 3.92828, 5, -0.0106596, -0.000195255, 0, 0.000311565, 6.50729e-05
001, 21.3967, 7.04175, -0.0192717, 2.94963, 0.5, 0.013, 4, 4.08958, 5, -0.0167807, 0.0230764, 0, 0.000129265, -0.000702911
111, 24.5882, 1.88333, 1.50609, 2.87134, 0.5, 0.013, 4, 4.03192, 5, 0.00732155, -0.0296909, 0, 3.45385e-05, -0.000116338
000, 24.2289, 7.27292, 0.0125354, 2.82146, 0.5, 0.013, 4, 3.99341, 5, 0.0160475, 0.0411851, 0, 2.08304e-05, 0.000656876
101, 26.1375, 6.36148, 1.57731, 2.82348, 0.5, 0.013, 4, 3.91492, 5, 0.0342426, -0.00535859, 0, 3.52571e-05, 7.20268e-05
110, 24.6177, 4.80955, 1.53249, 3.00728, 0.5, 0.013, 4, 4.00438, 5, 0.00534495, 0.00755184, 0, -3.41319e-05, 0.000115274
100, 25.6861, 9.09626, 1.59259, 2.8648, 0.5, 0.013, 4, 4.0452, 5, 0.0142996, 0.0221055, 0, -0.000282038, -0.000136416

011, 15.9817, 6.15448, 0.0900845, 3.05708, 0.5, 0.013, 4, 3.94921, 5, -0.0478675, 0.00313873, 0, -0.000208768, 6.29925e-05
010, 19.0398, 6.07543, 0.0448135, 3.12798, 0.5, 0.013, 4, 3.92828, 5, -0.00941217, -0.000273741, 0, 0.000216402, -5.35134e-05
001, 21.2843, 7.13971, -0.0216443, 3.14772, 0.5, 0.013, 4, 4.08958, 5, -0.0287539, 0.0163822, 0, 0.00760651, 0.00204217
111, 24.6255, 1.73081, 1.50589, 3.06418, 0.5, 0.013, 4, 4.03192, 5, 0.00758513, -0.0310897, 0, 5.1767e-05, -0.000175126
000, 24.2969, 7.41499, 0.00615796, 3.01094, 0.5, 0.013, 4, 3.99341, 5, 0.0137067, 0.0222609, 0, -0.0114678, 0.00093673
101, 26.2922, 6.34966, 1.57598, 3.0131, 0.5, 0.013, 4, 3.91492, 5, 0.0280855, 0.00340696, 0, 0.00501446, -0.000150944
110, 24.6438, 4.85129, 1.53233, 3.20925, 0.5, 0.013, 4, 4.00438, 5, 0.00508413, 0.00893575, 0, -5.15742e-05, 0.000177614
100, 25.8149, 9.27203, 1.59488, 3.05719, 0.5, 0.013, 4, 4.0452, 5, 0.0347003, 0.0387966, 0, -0.0016922, -0.00296719

011, 15.7396, 6.17107, 0.0902908, 3.26239, 0.5, 0.013, 4, 3.94921, 5, -0.0489867, 0.00351381, 0, -0.000217923, 8.3006e-05
010, 18.9956, 6.07323, 0.0449901, 3.33805, 0.5, 0.013, 4, 3.92828, 5, -0.00827924, -0.000629645, 0, 0.000218814, -8.18481e-05
001, 21.1534, 7.22023, -0.0241673, 3.35912, 0.5, 0.013, 4, 4.08958, 5, -0.0261631, 0.0148482, 0, -0.000469115, -0.000747776
111, 24.6654, 1.64025, 1.50464, 3.26997, 0.5, 0.013, 4, 4.03192, 5, 0.0118251, 0.016805, 0, 0.00833567, -0.0975507
000, 24.348, 7.53495, -4.00222e-05, 3.21316, 0.5, 0.013, 4, 3.99341, 5, 0.0103869, 0.0233475, 0, 0.00115449, 0.00205294
101, 26.4487, 6.34832, 1.57416, 3.21546, 0.5, 0.013, 4, 3.91492, 5, 0.0297005, -0.000354734, 0, -0.000376263, 0.000945739
110, 24.6673, 4.90794, 1.53172, 3.42478, 0.5, 0.013, 4, 4.00438, 5, 0.00106812, 0.0394786, 0, -0.00790078, 0.0594538
100, 25.9763, 9.47664, 1.59682, 3.26251, 0.5, 0.013, 4, 4.0452, 5, 0.0336572, 0.0429114, 0, -0.000250334, -0.00217458

011, 15.4919, 6.18977, 0.090578, 3.48149, 0.5, 0.013, 4, 3.94921, 5, -0.0500849, 0.00398765, 0, -0.000217084, 0.000106345
010, 18.9569, 6.06896, 0.0452399, 3.56223, 0.5, 0.013, 4, 3.92828, 5, -0.00717933, -0.00110005, 0, 0.000217271, -0.000105894
001, 21.0179, 7.28401, -0.0273189, 3.58471, 0.5, 0.013, 4, 4.08958, 5, -0.0270692, 0.0107046, 0, 0.000821096, -0.000595377
111, 24.751, 1.74147, 1.50095, 3.48958, 0.5, 0.013, 4, 4.03192, 5, 0.0153994, 0.021774, 0, 0.00179983, -0.0131062
000, 24.3985, 7.66417, -0.00703663, 3.42895, 0.5, 0.013, 4, 3.99341, 5, 0.00955635, 0.0271164, 0, -0.000847557, 0.000203215
101, 26.6042, 6.34252, 1.57245, 3.4314, 0.5, 0.013, 4, 3.91492, 5, 0.0308231, -0.00158911, 0, -0.000490282, 5.60107e-05
110, 24.6461, 5.24866, 1.52957, 3.65479, 0.5, 0.013, 4, 4.00438, 5, -0.00275951, 0.0475815, 0, -0.00168571, 0.000995631
100, 26.144, 9.69341, 1.59901, 3.48162, 0.5, 0.013, 4, 4.0452, 5, 0.0342972, 0.0445699, 0, 0.00046334, 0.000325612

011, 15.2388, 6.21114, 0.0909573, 3.7153, 0.5, 0.013, 4, 3.94921, 5, -0.051132, 0.00458009, 0, -0.000201486, 0.000131651
010, 18.9237, 6.06204, 0.0455746, 3.80146, 0.5, 0.013, 4, 3.92828, 5, -0.00613114, -0.00169039, 0, 0.00020174, -0.00013122
001, 20.9046, 7.33508, -0.0301824, 3.82546, 0.5, 0.013, 4, 4.08958, 5, -0.0115033, 0.0131725, 0, 0.00278072, -0.000494383
111, 24.8867, 1.85671, 1.49307, 3.72393, 0.5, 0.013, 4, 4.03192, 5, 0.0485252, 0.0244419, 0, 0.011189, 0.00026639
000, 24.4058, 7.8916, -0.0146229, 3.65923, 0.5, 0.013, 4, 3.99341, 5, -0.0221217, 0.0639437, 0, -0.00288348, 0.000767121
101, 26.7527, 6.33195, 1.5714, 3.66185, 0.5, 0.013, 4, 3.91492, 5, 0.0265488, -0.000330888, 0, -0.00212074, 0.00280192
110, 24.5747, 5.47137, 1.52347, 3.90024, 0.5, 0.013, 4, 4.00438, 5, -0.0354079, 0.0360124, 0, -0.010987, 0.00864582
100, 26.3395, 9.94674, 1.6035, 3.71544, 0.5, 0.013, 4, 4.0452, 5, 0.0545741, 0.064974, 0, 0.00238762, -0.00354567

0111, 13.9651, 6.13997, 0.127629, 2.00198, 0.5, 0.013, 4, 3.92561, 5, -0.0485067, 0.0035141, 0, -0.0047946, -0.000690086
0110, 15.9317, 6.31979, 0.0911875, 1.96284, 0.5, 0.013, 4, 3.94921, 5, -0.0471567, 0.00361339, 0, 0.00655291, 0.000141666
0101, 17.8932, 6.00631, 0.057853, 2.0226, 0.5, 0.013, 4, 4.01819, 5, -0.0246692, -0.00297631, 0, 0.006584, 0.000242849
0100, 19.9078, 6.1032, 0.0457872, 2.03417, 0.5, 0.013, 4, 3.92828, 5, 0.00718522, 0.00119391, 0, -0.00702157, -3.42301e-05
001, 20.8785, 7.39288, -0.0335926, 4.08237, 0.5, 0.013, 4, 4.08958, 5, -0.0010503, 0.00458579, 0, -0.00329641, -0.0128087
111, 25.1024, 1.98165, 1.4887, 3.97403, 0.5, 0.013, 4, 4.03192, 5, 0.0258458, 0.0266976, 0, -0.00630311, 0.00723374
1101, 24.333, 4.54055, 1.56453, 2.098, 0.5, 0.013, 4, 3.96551, 5, -0.0263013, 0.00608909, 0, 0.0043599, 0.00733857
101, 26.9172, 6.20714, 1.56695, 3.90778, 0.5, 0.013, 4, 3.91492, 5, 0.0601823, -0.109223, 0, 0.005581, -0.0149924
1100, 24.4887, 6.61102, 1.52131, 2.06418, 0.5, 0.013, 4, 4.00438, 5, -0.0155807, 0.0289499, 0, -0.000249836, -0.0109254
000, 24.2833, 8.17976, -0.0220108, 3.90498, 0.5, 0.013, 4, 3.99341, 5, -0.0451594, 0.0403876, 0, 0.000568298, 0.0105909
100, 26.562, 10.0261, 1.60675, 3.96496, 0.5, 0.013, 4, 4.0452, 5, 0.0337564, -0.0687114, 0, -0.00261743, -0.0599433

0111, 13.6659, 6.15217, 0.12779, 2.13643, 0.5, 0.013, 4, 3.92561, 5, -0.0614987, 0.00228962, 0, -0.00105064, -5.96003e-05
0110, 15.759, 6.34105, 0.0912466, 2.09466, 0.5, 0.013, 4, 3.94921, 5, -0.032649, 0.00429997, 0, 0.000663209, 0.000243333
0011, 19.8662, 7.39465, 0.0243632, 2.14637, 0.5, 0.013, 4, 4.04566, 5, -0.00539881, -0.00934405, 0, 0.000973337, -0.000191891
0101, 17.7822, 5.99138, 0.0578713, 2.15843, 0.5, 0.013, 4, 4.01819, 5, -0.0224748, -0.00313389, 0, -0.000128341, -0.000261919
0100, 19.9292, 6.11007, 0.0457692, 2.17078, 0.5, 0.013, 4, 3.92828, 5, 0.00448681, 0.00155303, 0, 0.000488126, 8.49422e-05
0010, 22.0598, 7.47175, -0.0372377, 2.21017, 0.5, 0.013, 4, 4.08958, 5, 0.0256636, 0.0521522, 0, -0.000289249, 0.00242775
0001, 23.0133, 8.46336, 0.00552038, 2.10543, 0.5, 0.013, 4, 3.99403, 5, -0.0451474, 0.0472782, 0, 0.00355784, -0.00077036
1111, 25.103, 1.04566, 1.4808, 2.09687, 0.5, 0.013, 4, 4.0458, 5, 0.011695, 0.0108566, 0, -0.00297177, 0.0529722
1110, 25.2902, 3.11924, 1.48861, 2.14405, 0.5, 0.013, 4, 4.03192, 5, 0.0198075, 0.0132547, 0, 0.00267558, 0.0253668
1011, 27.2384, 4.60493, 1.5705, 2.06659, 0.5, 0.013, 4, 4.01852, 5, 0.0662569, -0.125778, 0, 5.08786e-05, 0.000767219
1101, 24.2136, 4.55969, 1.56484, 2.2389, 0.5, 0.013, 4, 3.96551, 5, -0.0234251, 0.00292834, 0, -0.000232624, -0.00094506
1010, 27.1927, 6.89325, 1.55974, 2.10363, 0.5, 0.013, 4, 3.91492, 5, 0.0381416, -0.0188594, 0, 0.00944016, -0.00639497
1100, 24.4163, 6.75321, 1.52153, 2.2028, 0.5, 0.013, 4, 4.00438, 5, -0.0139975, 0.0285815, 0, 0.000287949, 0.000942487
1001, 26.6535, 8.80597, 1.61797, 2.0998, 0.5, 0.013, 4, 4.0736, 5, 0.00296704, -0.0578208, 0, -0.0110314, 0.0146364
0000, 25.0865, 8.40201, -0.0254278, 2.06181, 0.5, 0.013, 4, 3.99341, 5, -0.0211065, 0.0458912, 0, -0.00291845, -8.72696e-05
1000, 26.6407, 10.9378, 1.60792, 2.13145, 0.5, 0.013, 4, 4.0452, 5, 0.0193379, -0.0439294, 0, -0.000166146, -0.10988

0111, 13.3438, 6.16244, 0.127974, 2.27991, 0.5, 0.013, 4, 3.92561, 5, -0.0655176, 0.00185515, 0, 0.000583237, -3.12375e-05
0110, 15.5758, 6.38222, 0.0923228, 2.23534, 0.5, 0.013, 4, 3.94921, 5, -0.0369943, 0.00955102, 0, 0.000771645, -0.000547691
0011, 19.8435, 7.34709, 0.0243632, 2.29052, 0.5, 0.013, 4, 4.04566, 5, -0.00430134, -0.00956041, 0, 1.42007e-05, -2.79965e-06
0101, 17.6843, 5.95497, 0.0587555, 2.30339, 0.5, 0.013, 4, 4.01819, 5, -0.0192354, -0.00893194, 0, -0.000984278, 0.000367011
0100, 19.9711, 6.12037, 0.0456468, 2.31657, 0.5, 0.013, 4, 3.92828, 5, 0.00957784, 0.00252973, 0, -0.000320864, 0.000177278
0010, 22.1868, 7.73665, -0.0377035, 2.3586, 0.5, 0.013, 4, 4.08958, 5, 0.0253393, 0.0504088, 0, -6.95464e-06, 0.000297472
0001, 22.7817, 8.70502, 0.00565951, 2.24683, 0.5, 0.013, 4, 3.99403, 5, -0.0467418, 0.0515832, 0, -0.000590454, -0.000294108
1011, 27.5699, 3.97925, 1.5705, 2.20538, 0.5, 0.013, 4, 4.01852, 5, 0.0663104, -0.12497, 0, 5.459e-07, 8.23186e-06
1111, 25.1386, 1.11605, 1.48029, 2.2377, 0.5, 0.013, 4, 4.0458, 5, 0.00425811, 0.0144998, 0, -0.00215091, -5.42287e-05
1110, 25.411, 3.31992, 1.48927, 2.28804, 0.5, 0.013, 4, 4.03192, 5, 0.02698, 0.0408379, 0, 0.00212151, 0.00467178
1101, 24.0942, 4.56894, 1.56531, 2.38926, 0.5, 0.013, 4, 3.96551, 5, -0.0242659, 0.00152006, 0, -0.000196644, -0.000251354
1010, 27.4482, 6.80509, 1.55169, 2.24491, 0.5, 0.013, 4, 3.91492, 5, 0.0506855, 0.00113654, 0, -0.00549345, 0.0104541
1100, 24.3488, 6.90141, 1.52189, 2.35074, 0.5, 0.013, 4, 4.00438, 5, -0.0130936, 0.0299597, 0, 0.00019833, 0.000252762
1001, 26.5969, 8.5458, 1.61042, 2.24082, 0.5, 0.013, 4, 4.0736, 5, -0.0112607, -0.0689393, 0, 0.00548878, -0.0103619
0000, 24.9901, 8.62984, -0.0253501, 2.20028, 0.5, 0.013, 4, 3.99341, 5, -0.0187051, 0.0454084, 0, 0.000620627, -0.000104904
1000, 26.7367, 10.8638, 1.60876, 2.2746, 0.5, 0.013, 4, 4.0452, 5, 0.0191529, -0.0154186, 0, -2.29422e-06, 0.00804988

0111, 13.017, 6.17081, 0.128089, 2.43303, 0.5, 0.013, 4, 3.92561, 5, -0.0655496, 0.00145935, 0, 5.79454e-05, -7.77651e-05
0110, 15.3972, 6.42952, 0.0932345, 2.38546, 0.5, 0.013, 4, 3.94921, 5, -0.0348087, 0.00980082, 0, 0.000365171, 5.66964e-06
0011, 19.822, 7.29927, 0.0243632, 2.44435, 0.5, 0.013, 4, 4.04566, 5, -0.00428346, -0.00956394, 0, 3.28571e-07, -6.47772e-08
0101, 17.5825, 5.90908, 0.0593685, 2.45809, 0.5, 0.013, 4, 4.01819, 5, -0.0210869, -0.00987723, 0, -0.000249033, -0.000154662
1101, 23.9708, 4.57551, 1.56592, 2.54972, 0.5, 0.013, 4, 3.96551, 5, -0.0251662, 0.00109915, 0, -0.000195933, -6.26166e-05
0100, 20.0176, 6.13558, 0.0453375, 2.47215, 0.5, 0.013, 4, 3.92828, 5, 0.00929367, 0.00361906, 0, -0.000170759, 0.000221668
0010, 22.3117, 7.95548, -0.0373421, 2.517, 0.5, 0.013, 4, 4.08958, 5, 0.0251936, 0.051657, 0, 7.90386e-05, 0.00227205
0001, 22.5425, 8.99866, 0.00418094, 2.39772, 0.5, 0.013, 4, 3.99403, 5, -0.0477469, 0.0507871, 0, 0.000579307, -0.0020706
1011, 27.9015, 3.35443, 1.5705, 2.35349, 0.5, 0.013, 4, 4.01852, 5, 0.0663111, -0.124961, 0, 9.74513e-09, 1.46951e-07
1111, 25.1406, 1.191, 1.48136, 2.38798, 0.5, 0.013, 4, 4.0458, 5, -0.00411854, 0.0154997, 0, -0.00194643, 0.000211207
1110, 25.5651, 3.5148, 1.49134, 2.4417, 0.5, 0.013, 4, 4.03192, 5, 0.0353301, 0.0356637, 0, 0.00194507, -0.00203633
1010, 27.6308, 6.90433, 1.54849, 2.39568, 0.5, 0.013, 4, 3.91492, 5, 0.0178367, 0.0319094, 0, -0.00308465, 0.00164623
1100, 24.2855, 7.05223, 1.5224, 2.50862, 0.5, 0.013, 4, 4.00438, 5, -0.0121912, 0.0303764, 0, 0.000196077, 6.17637e-05
1001, 26.6215, 8.10842, 1.60709, 2.39131, 0.5, 0.013, 4, 4.0736, 5, 0.0223908, -0.0995438, 0, 0.00249452, -0.00165809
0000, 24.8939, 8.85398, -0.0251617, 2.34805, 0.5, 0.013, 4, 3.99341, 5, -0.0183603, 0.0444013, 0, -9.12454e-05, -6.24194e-05
1000, 26.8325, 10.7876, 1.60964, 2.42736, 0.5, 0.013, 4, 4.0452, 5, 0.01915, -0.0157805, 0, -5.06916e-08, 0.000327568

0111, 12.6902, 6.17714, 0.128127, 2.59643, 0.5, 0.013, 4, 3.92561, 5, -0.0652591, 0.00106633, 0, 1.91852e-05, -8.05599e-05
0110, 15.2285, 6.4773, 0.0939246, 2.54566, 0.5, 0.013, 4, 3.94921, 5, -0.0326135, 0.00921793, 0, 0.000464524, -0.00018558
0011, 19.8006, 7.25145, 0.0243632, 2.60851, 0.5, 0.013, 4, 4.04566, 5, -0.004283, -0.00956403, 0, 1.12589e-08, -2.21967e-09
0101, 17.473, 5.85892, 0.0596328, 2.62317, 0.5, 0.013, 4, 4.01819, 5, -0.0227649, -0.0101155, 0, -0.000339924, 8.97641e-06
1101, 23.8423, 4.58042, 1.56671, 2.72096, 0.5, 0.013, 4, 3.96551, 5, -0.0262376, 0.000891481, 0, -0.000229841, -9.71819e-06
0100, 20.0619, 6.15658, 0.0448164, 2.63817, 0.5, 0.013, 4, 3.92828, 5, 0.00849572, 0.00481536, 0, -0.000143138, 0.000254452
0010, 22.438, 8.22146, -0.0369254, 2.68604, 0.5, 0.013, 4, 4.08958, 5, 0.0252793, 0.0502713, 0, -0.000624369, -0.000920892
0001, 22.3013, 9.24816, 0.00419145, 2.55875, 0.5, 0.013, 4, 3.99403, 5, -0.0484203, 0.0533973, 0, 5.82707e-05, 0.00108677
1111, 25.0987, 1.27114, 1.48448, 2.54835, 0.5, 0.013, 4, 4.0458, 5, -0.011898, 0.0165675, 0, -0.000745909, 0.000216788
1110, 25.7632, 3.65136, 1.49516, 2.60568, 0.5, 0.013, 4, 4.03192, 5, 0.0431418, 0.0167947, 0, 0.000766666, -0.00523778
1001, 26.7144, 7.60306, 1.60502, 2.55191, 0.5, 0.013, 4, 4.0736, 5, 0.0186775, -0.101618, 0, -0.000493971, -3.74214e-05
1010, 27.736, 7.07147, 1.54812, 2.55657, 0.5, 0.013, 4, 3.91492, 5, 0.0207427, 0.0339738, 0, 0.000473406, 3.76362e-05
1100, 24.2271, 7.20469, 1.52308, 2.67709, 0.5, 0.013, 4, 4.00438, 5, -0.0111071, 0.0305799, 0, 0.000882616, -8.86924e-05
0000, 24.8071, 9.07431, -0.024818, 2.50574, 0.5, 0.013, 4, 3.99341, 5, -0.0170013, 0.0438134, 0, -7.09136e-05, -9.5311e-05
1000, 26.9282, 10.7062, 1.61054, 2.59037, 0.5, 0.013, 4, 4.0452, 5, 0.01915, -0.016818, 0, -1.67151e-09, -0.000254298
1011, 28.233, 2.72963, 1.5705, 2.51155, 0.5, 0.013, 4, 4.01852, 5, 0.0663111, -0.12496, 0, 2.67605e-10, 4.03532e-09

0111, 12.3641, 6.18152, 0.128095, 2.7708, 0.5, 0.013, 4, 3.92561, 5, -0.0652214, 0.000692319, 0, -3.60178e-05, -7.06612e-05
0110, 15.0713, 6.51995, 0.094193, 2.71663, 0.5, 0.013, 4, 3.94921, 5, -0.0302709, 0.00766849, 0, 0.000460582, -0.000398726
0011, 19.7792, 7.20363, 0.0243632, 2.7837, 0.5, 0.013, 4, 4.04566, 5, -0.00428298, -0.00956403, 0, 5.40826e-10, -1.06623e-10
0101, 17.3549, 5.80942, 0.0593341, 2.79934, 0.5, 0.013, 4, 4.01819, 5, -0.0244563, -0.0095349, 0, -0.000315363, 0.00018578
1101, 23.7143, 4.60237, 1.56742, 2.90369, 0.5, 0.013, 4, 3.96551, 5, -0.0265358, 0.00537175, 0, -0.00158308, -0.00179998
0100, 20.1026, 6.18393, 0.0440731, 2.81535, 0.5, 0.013, 4, 3.92828, 5, 0.00780703, 0.00614151, 0, -0.000110127, 0.00028087
0010, 22.4474, 8.4891, -0.0352933, 2.86643, 0.5, 0.013, 4, 4.08958, 5, 0.00247686, 0.0543063, 0, -0.00807014, 0.000921383
0001, 22.0581, 9.5198, 0.00400682, 2.7306, 0.5, 0.013, 4, 3.99403, 5, -0.0488251, 0.0542274, 0, -0.000213133, -0.000898114
1111, 25.0406, 1.35672, 1.48838, 2.7195, 0.5, 0.013, 4, 4.0458, 5, -0.00907331, 0.0176702, 0, 0.00190369, 0.000224175
1110, 25.9778, 3.66603, 1.49928, 2.78068, 0.5, 0.013, 4, 4.03192, 5, 0.0404541, -0.0108091, 0, -0.0018732, -0.00514159
1001, 26.8052, 7.09464, 1.60321, 2.72329, 0.5, 0.013, 4, 4.0736, 5, 0.0204338, -0.101891, 0, 0.00290706, -0.000101838
1010, 27.8422, 7.24167, 1.54943, 2.72826, 0.5, 0.013, 4, 3.91492, 5, 0.0189634, 0.0342465, 0, -0.00290273, 0.000101831
1100, 24.2857, 7.32035, 1.51847, 2.85688, 0.5, 0.013, 4, 4.00438, 5, 0.0119745, 0.0217359, 0, 0.00853406, 2.77018e-06
0000, 24.7232, 9.29144, -0.024362, 2.67402, 0.5, 0.013, 4, 3.99341, 5, -0.0165234, 0.0431082, 0, 0.00152754, 0.00196787
1000, 27.024, 10.6193, 1.61145, 2.76434, 0.5, 0.013, 4, 4.0452, 5, 0.01915, -0.0179439, 0, -7.83042e-11, -0.000229922
1011, 28.5646, 2.10482, 1.5705, 2.68022, 0.5, 0.013, 4, 4.01852, 5, 0.0663111, -0.12496, 0, 1.06215e-11, 1.60166e-10

0111, 12.037, 6.18412, 0.128015, 2.95688, 0.5, 0.013, 4, 3.92561, 5, -0.065812, 0.000342513, 0, -0.000225721, -7.65857e-05
0110, 14.925, 6.55402, 0.0940407, 2.89907, 0.5, 0.013, 4, 3.94921, 5, -0.0284272, 0.00637324, 0, 0.000290852, -1.32999e-05
0011, 19.7565, 7.18535, 0.025873, 2.97065, 0.5, 0.013, 4, 4.04566, 5, -0.00466262, -0.00066285, 0, 0.000109973, -0.0025338
0101, 17.2257, 5.76216, 0.0583893, 2.98734, 0.5, 0.013, 4, 4.01819, 5, -0.0276901, -0.00990783, 0, 0.000356601, 6.01181e-05
1101, 23.5836, 4.64052, 1.56816, 3.0987, 0.5, 0.013, 4, 3.96551, 5, -0.0261575, 0.00930082, 0, 0.000142401, 0.000653033
0100, 20.1457, 6.19007, 0.0420573, 3.00443, 0.5, 0.013, 4, 3.92828, 5, 0.010142, -0.000714781, 0, -0.00052513, 0.00252189
0010, 22.4211, 8.70497, -0.0376099, 3.05894, 0.5, 0.013, 4, 4.08958, 5, -0.00496955, 0.0477109, 0, -0.00202922, -0.000155727
0001, 21.8207, 9.77622, 0.00447606, 2.91398, 0.5, 0.013, 4, 3.99403, 5, -0.0500828, 0.0497686, 0, -0.00225069, 4.45365e-05
1111, 25.0269, 1.44791, 1.49063, 2.90214, 0.5, 0.013, 4, 4.0458, 5, 0.00483471, 0.0188171, 0, 0.003379, 0.00023536
1110, 26.1487, 3.55832, 1.50144, 2.96742, 0.5, 0.013, 4, 4.03192, 5, 0.0266645, -0.029886, 0, -0.00336399, -0.00230722
1001, 26.9142, 6.58428, 1.60264, 2.90619, 0.5, 0.013, 4, 4.0736, 5, 0.0211323, -0.102183, 0, 0.000564516, 7.19406e-06
1010, 27.9301, 7.41381, 1.55066, 2.91149, 0.5, 0.013, 4, 3.91492, 5, 0.0182576, 0.0345393, 0, -0.00056286, -7.05753e-06
1100, 24.3452, 7.41468, 1.51524, 3.04875, 0.5, 0.013, 4, 4.00438, 5, 0.0136328, 0.0164888, 0, 0.00225852, -0.00138405
0000, 24.6721, 9.58257, -0.0271488, 2.85361, 0.5, 0.013, 4, 3.99341, 5, -0.0099708, 0.0552105, 0, 0.00195194, 0.00107102
1000, 27.1197, 10.5266, 1.61236, 2.94999, 0.5, 0.013, 4, 4.0452, 5, 0.01915, -0.0191474, 0, -5.92876e-12, -0.000248453
1011, 28.8961, 1.48002, 1.5705, 2.86022, 0.5, 0.013, 4, 4.01852, 5, 0.0663111, -0.12496, 0, 5.79423e-13, 8.73737e-12

0111, 11.705, 6.18487, 0.127899, 3.15546, 0.5, 0.013, 4, 3.92561, 5, -0.0669859, -5.05485e-05, 0, -0.000251449, -8.53919e-05
0110, 14.7862, 6.5863, 0.0938124, 3.09377, 0.5, 0.013, 4, 3.94921, 5, -0.0271381, 0.0066085, 0, 0.000256745, 7.87223e-05
0011, 19.7334, 7.17871, 0.0272127, 3.17015, 0.5, 0.013, 4, 4.04566, 5, -0.00466258, -0.000237955, 0, 1.43954e-05, -0.000267671
0101, 17.0899, 5.71168, 0.0572607, 3.18797, 0.5, 0.013, 4, 4.01819, 5, -0.0279831, -0.010923, 0, 9.15919e-05, -0.000192615
1101, 23.4638, 4.7016, 1.5683, 3.30681, 0.5, 0.013, 4, 3.96551, 5, -0.0222192, 0.0142557, 0, 0.000371174, 0.000400715
0100, 20.1932, 6.19132, 0.0400504, 3.2062, 0.5, 0.013, 4, 3.92828, 5, 0.0103135, 4.63528e-05, 0, -0.000108145, 0.000459916
0010, 22.4034, 8.94605, -0.0385451, 3.26438, 0.5, 0.013, 4, 4.08958, 5, -0.00285901, 0.0522577, 0, 0.000714774, 0.00103643
0001, 21.567, 10.0225, 0.00497812, 3.10968, 0.5, 0.013, 4, 3.99403, 5, -0.0524425, 0.0490199, 0, -0.000740497, -3.72616e-05
1111, 25.0836, 1.54507, 1.49089, 3.09704, 0.5, 0.013, 4, 4.0458, 5, 0.0148533, 0.0200677, 0, 0.000524663, 0.000260888
1110, 26.2373, 3.38203, 1.50362, 3.16671, 0.5, 0.013, 4, 4.03192, 5, -0.0103978, -0.0566508, 0, -0.0301852, -0.0217648
1001, 27.0338, 6.0838, 1.60518, 3.10136, 0.5, 0.013, 4, 4.0736, 5, 0.0466475, -0.0798917, 0, 0.0225847, 0.0216574
1100, 24.4023, 7.47963, 1.51131, 3.2535, 0.5, 0.013, 4, 4.00438, 5, 0.0110019, 0.009788, 0, -0.000440556, -0.000792468
0000, 24.6181, 9.86221, -0.028683, 3.04525, 0.5, 0.013, 4, 3.99341, 5, -0.011104, 0.0531733, 0, 0.000108911, -0.000550541
1000, 27.2155, 10.4277, 1.61327, 3.14811, 0.5, 0.013, 4, 4.0452, 5, 0.01915, -0.0204321, 0, -1.77808e-12, -0.000265462
1011, 29.2277, 1.54308, 1.57049, 3.05231, 0.5, 0.013, 4, 4.01852, 5, 0.0663089, 0.0318457, 0, 1.06208e-06, -0.0757042
1010, 28.0199, 7.58653, 1.55209, 3.10703, 0.5, 0.013, 4, 3.91492, 5, 0.0203653, 0.0346338, 0, 0.00761707, 0.000271521

0111, 11.3669, 6.18348, 0.127739, 3.36738, 0.5, 0.013, 4, 3.92561, 5, -0.0682585, -0.000520699, 0, -0.000261784, -0.00010487
0110, 14.6537, 6.62044, 0.0935363, 3.30155, 0.5, 0.013, 4, 3.94921, 5, -0.0258551, 0.00706669, 0, 0.000262446, 0.000104474
0011, 19.7102, 7.17675, 0.028648, 3.38306, 0.5, 0.013, 4, 4.04566, 5, -0.00465799, 0.000148162, 0, -4.50001e-06, 0.000228202
0101, 16.951, 5.65419, 0.0559216, 3.40207, 0.5, 0.013, 4, 4.01819, 5, -0.0280911, -0.0123804, 0, -2.52505e-05, -0.000341477
1101, 23.3552, 4.77559, 1.5683, 3.52889, 0.5, 0.013, 4, 3.96551, 5, -0.0214628, 0.0150723, 0, 4.41503e-05, 4.76642e-05
0100, 20.2437, 6.19522, 0.0378156, 3.42153, 0.5, 0.013, 4, 3.92828, 5, 0.0104086, 0.00112976, 0, 2.99582e-05, 0.000114398
0010, 22.3979, 9.21428, -0.038779, 3.48361, 0.5, 0.013, 4, 4.08958, 5, -0.000278528, 0.0542718, 0, 0.000455286, 0.00014408
0001, 21.301, 10.2666, 0.0054226, 3.31852, 0.5, 0.013, 4, 3.99403, 5, -0.0542475, 0.0486712, 0, -0.000318764, -7.99457e-05
1111, 25.1175, 1.64884, 1.49211, 3.30504, 0.5, 0.013, 4, 4.0458, 5, 0.00790769, 0.0214171, 0, 0.00345597, 0.00027899
1110, 26.2168, 3.10582, 1.50917, 3.37939, 0.5, 0.013, 4, 4.03192, 5, 0.00369838, -0.0460174, 0, 0.00432058, 0.0043275
1001, 27.2168, 5.66803, 1.61067, 3.30965, 0.5, 0.013, 4, 4.0736, 5, 0.0395733, -0.0923372, 0, -0.00378444, -0.00399922
1100, 24.4511, 7.52058, 1.50746, 3.472, 0.5, 0.013, 4, 4.00438, 5, 0.00916872, 0.00650778, 0, -0.00042304, -0.000569036
0000, 24.5615, 10.1282, -0.0297972, 3.24977, 0.5, 0.013, 4, 3.99341, 5, -0.0106921, 0.0542843, 0, 0.000257448, 0.0004822
1000, 27.2478, 10.322, 1.61138, 3.35953, 0.5, 0.013, 4, 4.0452, 5, 0.00481453, -0.0218911, 0, 0.00599719, -0.000537054
1011, 29.5592, 1.62809, 1.57049, 3.2573, 0.5, 0.013, 4, 4.01852, 5, 0.0663104, 0.00758232, 0, 2.98897e-07, -0.00651734
1010, 28.2418, 7.72358, 1.55237, 3.31569, 0.5, 0.013, 4, 3.91492, 5, 0.0337853, 0.0266505, 0, -0.010199, 0.00326001

0111, 11.0224, 6.17946, 0.127522, 3.59353, 0.5, 0.013, 4, 3.92561, 5, -0.0695853, -0.00111057, 0, -0.000269807, -0.000132863
0110, 14.5277, 6.65718, 0.0931985, 3.52328, 0.5, 0.013, 4, 3.94921, 5, -0.0245266, 0.0076568, 0, 0.000269985, 0.000133166
0011, 19.6873, 7.16881, 0.0284308, 3.61026, 0.5, 0.013, 4, 4.04566, 5, -0.00463735, 0.00213812, 0, -8.58177e-05, 0.0033506
0101, 16.8134, 5.58905, 0.0543747, 3.63055, 0.5, 0.013, 4, 4.01819, 5, -0.0272806, -0.0140239, 0, -0.0012067, -0.00120574
1101, 23.2482, 4.85129, 1.5683, 3.76589, 0.5, 0.013, 4, 3.96551, 5, -0.0213668, 0.0151759, 0, 6.31685e-06, 6.8196e-06
0100, 20.2924, 6.21272, 0.0369956, 3.65131, 0.5, 0.013, 4, 3.92828, 5, 0.00957819, 0.000831165, 0, 0.00128181, -0.00212017
0010, 22.4015, 9.48023, -0.0375016, 3.71757, 0.5, 0.013, 4, 4.08958, 5, 0.00142785, 0.0533425, 0, 0.00066061, 0.0007821
0001, 21.0275, 10.524, 0.00574729, 3.54139, 0.5, 0.013, 4, 3.99403, 5, -0.0551773, 0.0544765, 0, -0.000234584, -3.56461e-05
1111, 25.1805, 1.75948, 1.49223, 3.527, 0.5, 0.013, 4, 4.0458, 5, 0.0149465, 0.0228553, 0, 0.000410415, 0.000297071
1110, 26.2685, 2.90636, 1.50918, 3.60634, 0.5, 0.013, 4, 4.03192, 5, 0.0137708, -0.0367588, 0, 0.000615289, 0.000564069
1001, 27.3854, 5.17837, 1.61069, 3.53192, 0.5, 0.013, 4, 4.0736, 5, 0.0306037, -0.100765, 0, -0.00101075, -0.00057715
1100, 24.4923, 7.54548, 1.50393, 3.70518, 0.5, 0.013, 4, 4.00438, 5, 0.00764171, 0.00325384, 0, -0.000645566, -0.000460219
0000, 24.5097, 10.3986, -0.0305385, 3.46802, 0.5, 0.013, 4, 3.99341, 5, -0.0100071, 0.0525664, 0, 0.000217508, -0.000345294
1000, 27.3128, 10.2094, 1.61217, 3.58516, 0.5, 0.013, 4, 4.0452, 5, 0.0165775, -0.0232978, 0, -0.00072314, -0.000298779
1011, 29.8908, 1.73679, 1.57048, 3.47606, 0.5, 0.013, 4, 4.01852, 5, 0.066311, 0.0253862, 0, 3.8787e-08, 0.0097489
1010, 28.3416, 7.87901, 1.55233, 3.53837, 0.5, 0.013, 4, 3.91492, 5, 0.0137824, 0.0333259, 0, 0.000763665, 0.000448539

0111, 10.671, 6.1721, 0.127228, 3.83487, 0.5, 0.013, 4, 3.92561, 5, -0.0709428, -0.00186571, 0, -0.000272471, -0.000171307
0110, 14.4085, 6.69728, 0.0927794, 3.7599, 0.5, 0.013, 4, 3.94921, 5, -0.0231686, 0.00841406, 0, 0.000272519, 0.000171843
0011, 19.6642, 7.18074, 0.0275015, 3.85272, 0.5, 0.013, 4, 4.04566, 5, -0.00459419, 0.00154484, 0, -1.29174e-05, 0.000579889
0101, 16.6733, 5.51054, 0.0524782, 3.87437, 0.5, 0.013, 4, 4.01819, 5, -0.0264133, -0.0160085, 0, 6.0602e-06, -0.000633667
11011, 23.139, 3.97688, 1.60482, 1.9866, 0.5, 0.013, 4, 4.07164, 5, -0.0215696, 0.0047266, 0, -0.000357101, -0.0168931
11010, 23.1441, 5.96666, 1.56831, 2.0322, 0.5, 0.013, 4, 3.96551, 5, -0.0211427, 0.0253174, 0, 0.000349306, 0.0164824
0100, 20.344, 6.22386, 0.0366855, 3.89653, 0.5, 0.013, 4, 3.92828, 5, 0.00867755, 0.00335851, 0, 3.37666e-06, 5.88544e-05
0010, 22.418, 9.74853, -0.036264, 3.96723, 0.5, 0.013, 4, 4.08958, 5, 0.00482034, 0.0540857, 0, 0.000803309, 7.96575e-05
0001, 20.7473, 10.7944, 0.00616752, 3.77923, 0.5, 0.013, 4, 3.99403, 5, -0.0568692, 0.0538243, 0, -0.000289079, 0.00013676
1111, 25.2581, 1.87755, 1.49232, 3.76387, 0.5, 0.013, 4, 4.0458, 5, 0.0158381, 0.0243899, 0, 5.86362e-05, 0.000317009
1110, 26.3418, 2.72663, 1.50918, 3.84854, 0.5, 0.013, 4, 4.03192, 5, 0.0151358, -0.0355074, 0, 9.32059e-05, 8.54469e-05
1001, 27.5344, 4.67098, 1.61072, 3.76912, 0.5, 0.013, 4, 4.0736, 5, 0.0295641, -0.101825, 0, -4.32759e-05, -6.47614e-05
1100, 24.521, 7.55666, 1.50101, 3.95401, 0.5, 0.013, 4, 4.00438, 5, 0.00418502, 0.000922434, 0, -0.000808923, -0.000384933
0000, 24.4641, 10.667, -0.031075, 3.70093, 0.5, 0.013, 4, 3.99341, 5, -0.00824301, 0.0548251, 0, 0.000292382, 0.000160976
1000, 27.3811, 10.0891, 1.61198, 3.82593, 0.5, 0.013, 4, 4.0452, 5, 0.0134695, -0.0248426, 0, 0.000588229, -0.000351714
1011, 30.2223, 1.85367, 1.57047, 3.70951, 0.5, 0.013, 4, 4.01852, 5, 0.0663111, 0.0239526, 0, 5.08782e-09, 0.00512056
1010, 28.4222, 8.04812, 1.5517, 3.776, 0.5, 0.013, 4, 3.91492, 5, 0.0157955, 0.0340777, 0, -0.000698841, 5.9545e-05

01111, 9.27634, 6.02883, 0.183137, 2.07351, 0.5, 0.013, 4, 3.93369, 5, -0.0737929, -0.00257706, 0, 0.00195721, 0.000189215
01110, 11.3064, 6.29382, 0.127114, 2.0189, 0.5, 0.013, 4, 3.92561, 5, -0.0455751, 0.0035724, 0, -0.00106822, 1.45736e-05
01101, 13.371, 6.6511, 0.148031, 1.95688, 0.5, 0.013, 4, 4.07123, 5, -0.0510829, 0.00451296, 0, -0.0162354, -0.00123006
01011, 15.5543, 5.40254, 0.0238158, 2.06857, 0.5, 0.013, 4, 4.03817, 5, -0.0308857, -0.00826316, 0, 0.00249147, 0.000410344
01100, 15.3481, 6.83441, 0.0926221, 2.05553, 0.5, 0.013, 4, 3.94921, 5, -0.025211, 0.00619286, 0, 0.0132778, 0.000662282
00111, 18.5488, 7.16544, 0.0471426, 2.09335, 0.5, 0.013, 4, 4.07322, 5, -0.0179673, -0.00251404, 0, -0.0138129, -0.000603078
01001, 19.3947, 6.20723, 0.0519259, 2.04072, 0.5, 0.013, 4, 4.08742, 5, -0.0093343, 0.00494073, 0, 0.00882138, 0.00948639
01010, 17.605, 5.50907, 0.051939, 2.066, 0.5, 0.013, 4, 4.01819, 5, -0.000537672, -0.0113779, 0, -0.0177056, -0.0138988
00011, 19.5312, 11.0532, 0.0587868, 1.97667, 0.5, 0.013, 4, 4.07606, 5, -0.0985536, 0.0513522, 0, -0.125693, 0.0014371
11011, 23.0306, 3.98173, 1.60498, 2.12002, 0.5, 0.013, 4, 4.07164, 5, -0.0217192, 0.000609738, 0, 4.384e-06, 0.000749424
00110, 20.5837, 7.22599, 0.0281875, 2.01811, 0.5, 0.013, 4, 4.04566, 5, 0.0103891, 0.00288824, 0, 0.0149121, 0.00390269
11010, 23.0389, 6.11325, 1.56837, 2.16868, 0.5, 0.013, 4, 3.96551, 5, -0.0209862, 0.0297513, 0, -2.95297e-06, -0.000691356
01000, 21.4513, 6.2299, 0.0375401, 2.1175, 0.5, 0.013, 4, 3.92828, 5, 0.0112883, -0.00107861, 0, 0.00606531, 0.000467357
00101, 21.4888, 10.0367, -0.0217405, 2.07385, 0.5, 0.013, 4, 3.96188, 5, -0.00295974, 0.0491962, 0, 0.0148977, -0.000432933
00100, 23.5999, 9.98692, -0.0316519, 2.15982, 0.5, 0.013, 4, 4.08958, 5, 0.0273031, 0.0550386, 0, -0.0127378, 0.00972027
00010, 21.4838, 11.0712, 0.00719865, 2.05637, 0.5, 0.013, 4, 3.99403, 5, -0.121461, 0.0587935, 0, 0.186657, -0.00838083
11101, 26.3553, 1.52996, 1.49885, 2.05586, 0.5, 0.013, 4, 4.04146, 5, 0.0144327, -0.0515671, 0, -0.000594289, -0.0107536
1111, 25.3378, 2.00355, 1.49238, 4.01665, 0.5, 0.013, 4, 4.0458, 5, 0.0159733, 0.0260276, 0, 9.87922e-06, 0.000338281
11100, 26.4805, 3.56022, 1.50917, 2.05115, 0.5, 0.013, 4, 4.03192, 5, 0.0162597, -0.0190196, 0, 0.000607537, 0.0107704
11001, 24.456, 6.45466, 1.55332, 2.13823, 0.5, 0.013, 4, 4.05274, 5, 0.00106531, -0.0130038, 0, 0.000716449, 0.00798801
1001, 27.6819, 4.16137, 1.61072, 4.02225, 0.5, 0.013, 4, 4.0736, 5, 0.0294642, -0.101974, 0, -7.31566e-06, -1.09477e-05
10001, 27.4899, 8.96696, 1.65859, 2.02805, 0.5, 0.013, 4, 3.95798, 5, 0.00935964, -0.0714275, 0, 0.0019562, -0.0974173
11000, 24.5909, 8.55355, 1.49883, 2.08134, 0.5, 0.013, 4, 4.00438, 5, -0.003095, 0.0135686, 0, -0.00144511, -0.0092426
0000, 24.4519, 10.9483, -0.0324119, 3.94948, 0.5, 0.013, 4, 3.99341, 5, 0.0412309, 0.056053, 0, -0.00605012, -0.002207
10000, 27.4095, 10.9476, 1.6126, 2.05483, 0.5, 0.013, 4, 4.0452, 5, 0.0155578, -0.023005, 0, -0.000727309, 0.26768
1011, 30.5539, 1.9784, 1.57047, 3.95864, 0.5, 0.013, 4, 4.01852, 5, 0.0663111, 0.0257055, 0, 1.04019e-09, -0.00108759
10101, 28.4819, 7.25799, 1.57611, 1.99332, 0.5, 0.013, 4, 3.97574, 5, 0.0155921, 0.0170727, 0, 0.000191806, 0.00533347
10100, 28.5151, 9.26136, 1.55198, 2.03628, 0.5, 0.013, 4, 3.91492, 5, 0.0178131, 0.0518608, 0, -0.000885033, -0.00491116

01111, 8.91338, 6.0165, 0.183163, 2.21277, 0.5, 0.013, 4, 3.93369, 5, -0.0781628, -0.00309039, 0, -0.0135893, -0.00150343
01110, 11.0591, 6.30814, 0.126964, 2.15449, 0.5, 0.013, 4, 3.92561, 5, -0.0650441, -0.00126464, 0, 0.00198977, -0.00123403
01101, 13.1212, 6.67643, 0.148185, 2.0883, 0.5, 0.013, 4, 4.07123, 5, -0.03588, 0.00962336, 0, -0.00177664, 0.00210149
01011, 15.371, 5.36389, 0.023819, 2.2075, 0.5, 0.013, 4, 4.03817, 5, -0.0373121, -0.00656647, 0, 0.00442366, 0.000509205
01100, 15.2282, 6.86472, 0.0927229, 2.19358, 0.5, 0.013, 4, 3.94921, 5, -0.0165831, 0.00636215, 0, 0.013075, 0.000642839
00111, 18.4564, 7.19789, 0.0496091, 2.23394, 0.5, 0.013, 4, 4.07322, 5, -0.0188591, 0.0110702, 0, 0.00135383, -0.00484129
01001, 19.2919, 6.24673, 0.0473063, 2.17778, 0.5, 0.013, 4, 4.08742, 5, -0.0243099, 0.0051304, 0, -0.00282829, 0.00193983
01010, 17.5599, 5.3683, 0.0475415, 2.20475, 0.5, 0.013, 4, 4.01819, 5, -0.00521938, -0.0303344, 0, 0.00192706, 0.0053475
00011, 19.0923, 11.307, 0.0590612, 2.10942, 0.5, 0.013, 4, 4.07606, 5, -0.0606019, 0.0502805, 0, 0.00139506, -2.33293e-05
11011, 22.9204, 3.99342, 1.60523, 2.2624, 0.5, 0.013, 4, 4.07164, 5, -0.0228004, 0.00445608, 0, -0.000468692, 0.000129453
00110, 20.6377, 7.26463, 0.0261078, 2.15365, 0.5, 0.013, 4, 4.04566, 5, 0.0110202, 0.00769542, 0, -0.00157554, -0.00248151
11010, 23.0878, 6.2532, 1.56788, 2.31433, 0.5, 0.013, 4, 3.96551, 5, 0.0167015, 0.0258681, 0, -0.00464261, -0.000140709
01000, 21.4788, 6.21954, 0.0387383, 2.25971, 0.5, 0.013, 4, 3.92828, 5, 0.00128154, -0.00302294, 0, 0.00169123, -0.000366956
00001, 23.4943, 11.2708, -0.0346039, 2.09849, 0.5, 0.013, 4, 4.0014, 5, -0.0053072, 0.0571001, 0, -0.00244507, 0.000415075
00101, 21.4975, 10.2808, -0.0217942, 2.21313, 0.5, 0.013, 4, 3.96188, 5, 0.00295766, 0.0485362, 0, -0.000580779, -0.000136212
00100, 23.7433, 10.267, -0.0303961, 2.30487, 0.5, 0.013, 4, 4.08958, 5, 0.0306203, 0.056476, 0, 0.000910103, -0.000608084
00010, 21.3284, 11.3216, 0.00729971, 2.19447, 0.5, 0.013, 4, 3.99403, 5, -0.0308433, 0.0480381, 0, -0.000371661, -9.30349e-05
10011, 27.8688, 2.67097, 1.59645, 2.10152, 0.5, 0.013, 4, 3.95816, 5, 0.0300136, -0.113626, 0, 8.24287e-05, -0.0015864
11111, 25.3429, 1.16675, 1.43506, 2.09869, 0.5, 0.013, 4, 4.01124, 5, 0.0155475, 0.0166857, 0, -8.44051e-05, -0.00244442
11101, 26.4281, 1.28088, 1.4988, 2.19393, 0.5, 0.013, 4, 4.04146, 5, 0.0145549, -0.0498561, 0, 5.95755e-05, 0.00100641
11110, 25.5057, 3.29074, 1.49233, 2.18771, 0.5, 0.013, 4, 4.0458, 5, 0.0164291, 0.0415211, 0, 7.57474e-05, 0.0023273
11100, 26.5613, 3.45623, 1.50915, 2.1889, 0.5, 0.013, 4, 4.03192, 5, 0.0161486, -0.0207623, 0, -5.97397e-05, -0.00101168
11001, 24.4637, 6.40818, 1.55339, 2.28183, 0.5, 0.013, 4, 4.05274, 5, 0.00192629, -0.00697684, 0, 0.00012579, 0.000228224
10010, 27.7828, 4.80339, 1.6107, 2.19086, 0.5, 0.013, 4, 4.0736, 5, 0.0288874, -0.0902528, 0, -7.31351e-05, 0.00139131
10001, 27.5602, 8.74221, 1.65806, 2.16425, 0.5, 0.013, 4, 3.95798, 5, 0.00533138, -0.028017, 0, -0.0109395, -0.0064774
11000, 24.5428, 8.64982, 1.49849, 2.22112, 0.5, 0.013, 4, 4.00438, 5, -0.0131047, 0.0226439, 0, -0.000519731, 0.000779269
00000, 25.5863, 11.1638, -0.0325498, 2.11624, 0.5, 0.013, 4, 3.99341, 5, 0.0177854, 0.0464478, 0, 0.0017555, -0.000417596
10000, 27.4917, 10.9051, 1.61368, 2.19283, 0.5, 0.013, 4, 4.0452, 5, 0.0168386, -0.0177525, 0, 0.000101724, -0.00117284
10111, 30.8698, 1.08644, 1.61073, 2.15937, 0.5, 0.013, 4, 4.02186, 5, 0.0613721, -0.0434274, 0, -0.00634478, -0.119242
10110, 30.9013, 3.12251, 1.57122, 2.06512, 0.5, 0.013, 4, 4.01852, 5, 0.0713867, -0.0155678, 0, 0.00677228, 0.0943697
10101, 28.5663, 7.36076, 1.57549, 2.12719, 0.5, 0.013, 4, 3.97574, 5, 0.0276038, 0.0180081, 0, 0.0111898, -0.000971126
10100, 28.572, 9.50013, 1.55203, 2.17303, 0.5, 0.013, 4, 3.91492, 5, 0.00931865, 0.0472591, 0, -0.000219718, -0.00146197

01111, 8.45566, 5.99402, 0.183485, 2.36137, 0.5, 0.013, 4, 3.93369, 5, -0.0904393, -0.00426007, 0, 1.5238e-06, 6.72947e-05
01110, 10.7499, 6.29387, 0.126216, 2.29919, 0.5, 0.013, 4, 3.92561, 5, -0.0613484, -0.00360112, 0, 0.000803804, -0.000320883
01101, 12.941, 6.73893, 0.14821, 2.22855, 0.5, 0.013, 4, 4.07123, 5, -0.0359908, 0.0136641, 0, -0.000875047, 0.000602974
01011, 15.2164, 5.33554, 0.0241544, 2.35575, 0.5, 0.013, 4, 4.03817, 5, -0.0284038, -0.0049739, 0, 0.000916342, 0.000164919
01100, 15.1953, 6.8967, 0.0930926, 2.34089, 0.5, 0.013, 4, 3.94921, 5, -0.00839444, 0.00566748, 0, 1.14646e-05, -0.000338539
00111, 18.3634, 7.22826, 0.0511638, 2.38397, 0.5, 0.013, 4, 4.07322, 5, -0.0190804, 0.00526517, 0, -0.000212943, -0.000560147
01001, 19.1458, 6.27523, 0.0457176, 2.32403, 0.5, 0.013, 4, 4.08742, 5, -0.0312827, 0.00383591, 0, -0.00084008, -0.00127676
01010, 17.5484, 5.25509, 0.045966, 2.35281, 0.5, 0.013, 4, 4.01819, 5, 0.000646459, -0.0176986, 0, 0.00079153, 0.00284452
00011, 18.7953, 11.4347, 0.0518223, 2.25109, 0.5, 0.013, 4, 4.07606, 5, -0.0590771, -0.0142733, 0, 1.77481e-05, 0.0515657
11011, 22.8022, 4.02091, 1.60575, 2.41434, 0.5, 0.013, 4, 4.07164, 5, -0.024159, 0.007147, 0, -0.000203256, 0.000484893
00110, 20.6908, 7.28765, 0.0250029, 2.29828, 0.5, 0.013, 4, 4.04566, 5, 0.0109249, 0.00256983, 0, 0.000148398, -0.000786877
11010, 23.1612, 6.37736, 1.56902, 2.46976, 0.5, 0.013, 4, 3.96551, 5, 0.0137842, 0.0232048, 0, -4.63477e-05, -0.000480657
01000, 21.4771, 6.19924, 0.0401766, 2.41147, 0.5, 0.013, 4, 3.92828, 5, -0.00222841, -0.00504046, 0, -0.000585009, -0.00039481
00001, 23.4554, 11.483, -0.0274176, 2.23942, 0.5, 0.013, 4, 4.0014, 5, -0.00852192, 0.00128221, 0, 0.0020105, 0.144176
00101, 21.5075, 10.5176, -0.0210375, 2.36176, 0.5, 0.013, 4, 3.96188, 5, 0.000976597, 0.0318202, 0, -0.00189367, -0.0375918
00100, 23.9022, 10.5232, -0.0269287, 2.45966, 0.5, 0.013, 4, 4.08958, 5, 0.0315953, 0.00623858, 0, 0.000579538, -0.0497001
00010, 21.172, 11.4977, 0.00210565, 2.34185, 0.5, 0.013, 4, 3.99403, 5, -0.0329069, 0.0152928, 0, -0.00335935, 0.0743956
11111, 25.4206, 1.24068, 1.43484, 2.23964, 0.5, 0.013, 4, 4.01124, 5, 0.0155676, 0.0142422, 0, 1.44455e-05, -0.000391455
11101, 26.4951, 1.16686, 1.49758, 2.34127, 0.5, 0.013, 4, 4.04146, 5, 0.00886217, -0.0053814, 0, -0.000470166, 0.0674571
11110, 25.5879, 3.50796, 1.49224, 2.33463, 0.5, 0.013, 4, 4.0458, 5, 0.0164075, 0.0440115, 0, -1.43985e-05, 0.000389477
11100, 26.6478, 3.45222, 1.50912, 2.33591, 0.5, 0.013, 4, 4.03192, 5, 0.0218524, 0.0731918, 0, 0.000463505, -6.7721e-05
11001, 24.4748, 6.37502, 1.55334, 2.43507, 0.5, 0.013, 4, 4.05274, 5, 0.0025325, -0.00657915, 0, 0.000124844, -3.50475e-05
10010, 27.9266, 4.36472, 1.61067, 2.338, 0.5, 0.013, 4, 4.0736, 5, 0.0286993, -0.0870748, 0, -3.45164e-05, 0.000532273
10001, 27.6094, 8.52542, 1.65786, 2.3096, 0.5, 0.013, 4, 3.95798, 5, 0.0153972, -0.0425482, 0, 0.0003532, -0.000754429
11000, 24.4739, 8.76598, 1.49838, 2.37028, 0.5, 0.013, 4, 4.00438, 5, -0.014182, 0.0234662, 0, -0.000132351, 5.54105e-05
00000, 25.6861, 11.393, -0.0323989, 2.25836, 0.5, 0.013, 4, 3.99341, 5, 0.0235697, 0.0455403, 0, 0.00282939, 0.000227913
10000, 27.5787, 10.8315, 1.61515, 2.3401, 0.5, 0.013, 4, 4.0452, 5, 0.0176173, -0.0151802, 0, 0.000143216, -0.00209328
10011, 28.0195, 2.08965, 1.59638, 2.24266, 0.5, 0.013, 4, 3.95816, 5, 0.0302076, -0.116926, 0, 3.52061e-05, -0.000545005
10111, 31.1219, 1.15081, 1.61733, 2.3044, 0.5, 0.013, 4, 4.02186, 5, 0.0371507, 0.0159342, 0, -0.00674267, -0.0143521
10110, 31.3141, 3.31493, 1.57525, 2.20381, 0.5, 0.013, 4, 4.01852, 5, 0.0960728, 0.0374764, 0, 0.00677571, -0.00508927
10101, 28.6806, 7.45828, 1.57471, 2.27005, 0.5, 0.013, 4, 3.97574, 5, 0.0175719, 0.0197974, 0, -0.000331718, 0.000285419
10100, 28.6156, 9.73748, 1.55187, 2.31897, 0.5, 0.013, 4, 3.91492, 5, 0.00820235, 0.0485476, 0, -0.000139493, -0.000170878

01111, 7.9962, 5.97313, 0.183857, 2.51996, 0.5, 0.013, 4, 3.93369, 5, -0.0924991, -0.00395241, 0, 0.000360629, 0.000165986
01110, 10.4467, 6.26713, 0.125092, 2.4536, 0.5, 0.013, 4, 3.92561, 5, -0.0598854, -0.00719405, 0, 0.00045603, -0.000659478
01101, 12.7573, 6.82077, 0.148102, 2.37822, 0.5, 0.013, 4, 4.07123, 5, -0.0370195, 0.0191727, 0, -0.000307986, 0.00101299
01011, 15.078, 5.31287, 0.0246515, 2.51396, 0.5, 0.013, 4, 4.03817, 5, -0.0277277, -0.00412393, 0, -0.000118434, 0.000146533
01100, 15.1608, 6.92004, 0.0938095, 2.49811, 0.5, 0.013, 4, 3.94921, 5, -0.0067848, 0.00349441, 0, -0.00052323, -0.000523739
00111, 18.2644, 7.24505, 0.0523682, 2.54407, 0.5, 0.013, 4, 4.07322, 5, -0.0203743, 0.00283968, 0, -0.000177373, 0.000337794
01001, 18.9826, 6.28932, 0.046594, 2.48011, 0.5, 0.013, 4, 4.08742, 5, -0.0334914, 0.00262926, 0, -0.000320447, -4.71732e-05
01010, 17.5606, 5.19399, 0.0463713, 2.51083, 0.5, 0.013, 4, 4.01819, 5, 0.00355228, -0.00971961, 0, 0.000216567, 0.000142519
00011, 18.5, 11.4679, 0.0451802, 2.40227, 0.5, 0.013, 4, 4.07606, 5, -0.0590554, 0.0106361, 0, 3.65734e-07, 0.0282653
11011, 22.6814, 4.06597, 1.60625, 2.57648, 0.5, 0.013, 4, 4.07164, 5, -0.0237992, 0.0110772, 0, 0.000291961, 0.000864826
00110, 20.748, 7.29084, 0.0245422, 2.45263, 0.5, 0.013, 4, 4.04566, 5, 0.0119464, -0.000378492, 0, 0.000214116, -4.15885e-05
11010, 23.2277, 6.48423, 1.57103, 2.63562, 0.5, 0.013, 4, 3.96551, 5, 0.0131695, 0.0193428, 0, 0.000118885, -0.00084998
01000, 21.4634, 6.16873, 0.0419465, 2.57342, 0.5, 0.013, 4, 3.92828, 5, -0.00314905, -0.0072959, 0, -0.000238532, -0.000545971
00001, 23.4257, 10.8016, -0.128836, 2.38981, 0.5, 0.013, 4, 4.0014, 5, 0.145867, -2.26722, 0, 1.80238, 6.70346
00101, 21.5133, 10.5143, -0.0172494, 2.52038, 0.5, 0.013, 4, 3.96188, 5, -0.0908893, -0.100639, 0, -1.22002, -1.01109
00010, 20.9851, 11.5004, 8.12018e-09, 2.49913, 0.5, 0.013, 4, 3.99403, 5, -0.0388731, 0.000152483, 0, 0.00503933, -0.00520595
11111, 25.4983, 1.31008, 1.43466, 2.39005, 0.5, 0.013, 4, 4.01124, 5, 0.0144435, 0.0134618, 0, -0.00189532, -5.23694e-05
11101, 26.5356, 1.27134, 1.49595, 2.49851, 0.5, 0.013, 4, 4.04146, 5, 0.0138564, 0.00878785, 0, 0.00295689, -0.0348937
11110, 25.6697, 3.72993, 1.49211, 2.49142, 0.5, 0.013, 4, 4.0458, 5, 0.0162777, 0.0448995, 0, -2.71462e-05, 0.000197981
11100, 26.7612, 3.74724, 1.50943, 2.49278, 0.5, 0.013, 4, 4.03192, 5, 0.0180166, -0.00454083, 0, -0.00111974, -0.015381
11001, 24.5018, 6.24583, 1.55248, 2.59861, 0.5, 0.013, 4, 4.05274, 5, 0.00668282, -0.0317684, 0, -0.00235524, 0.0180076
00100, 24.0743, 10.4863, 0.0188214, 2.62485, 0.5, 0.013, 4, 4.08958, 5, -0.00689718, -0.318335, 0, -0.406729, -2.98836
10001, 27.6868, 8.29419, 1.65842, 2.46471, 0.5, 0.013, 4, 3.95798, 5, 0.0154543, -0.0482156, 0, 2.72345e-05, -0.000405326
11000, 24.3859, 8.78508, 1.49653, 2.52947, 0.5, 0.013, 4, 4.00438, 5, -0.01867, -0.0200419, 0, 0.00429893, -0.0598416
00000, 25.8006, 11.4808, -0.023599, 2.41003, 0.5, 0.013, 4, 3.99341, 5, 0.0210533, -0.0304228, 0, -0.0107916, 0.0547626
10000, 27.6477, 10.7531, 1.61568, 2.49726, 0.5, 0.013, 4, 4.0452, 5, 0.0113183, -0.0162119, 0, 0.00198761, -7.43459e-05
10010, 28.0699, 3.93141, 1.61064, 2.49502, 0.5, 0.013, 4, 4.0736, 5, 0.0286086, -0.0861556, 0, -1.85749e-05, 0.000164519
10011, 28.1708, 1.50302, 1.59631, 2.39327, 0.5, 0.013, 4, 3.95816, 5, 0.0302979, -0.117831, 0, 1.84163e-05, -0.000160439
10111, 31.2391, 1.22822, 1.62769, 2.45916, 0.5, 0.013, 4, 4.02186, 5, 0.0162852, 0.0160098, 0, 0.00273161, 0.000162588
10110, 31.8625, 3.32394, 1.5841, 2.35182, 0.5, 0.013, 4, 4.01852, 5, 0.116434, -0.0445341, 0, -0.00306911, -0.0225747
10101, 28.7682, 7.554, 1.57445, 2.4225, 0.5, 0.013, 4, 3.97574, 5, 0.0177088, 0.0182994, 0, 4.56451e-05, -1.72875e-05
10100, 28.6759, 9.98352, 1.55131, 2.47471, 0.5, 0.013, 4, 3.91492, 5, 0.01436, 0.0500314, 0, -0.00209263, 6.88138e-05

01111, 7.53779, 5.95567, 0.184332, 2.6892, 0.5, 0.013, 4, 3.93369, 5, -0.0905989, -0.00297887, 0, 0.000644133, 0.000223067
01110, 10.1566, 6.22317, 0.123569, 2.61838, 0.5, 0.013, 4, 3.92561, 5, -0.0558406, -0.0102762, 0, 0.000996303, -0.0004495
01101, 12.5669, 6.92933, 0.147849, 2.53794, 0.5, 0.013, 4, 4.07123, 5, -0.0392429, 0.0241146, 0, -0.000499072, 0.000765402
01011, 14.9375, 5.29413, 0.0252784, 2.68279, 0.5, 0.013, 4, 4.03817, 5, -0.0284784, -0.00335847, 0, -0.000150102, 0.000165642
01100, 15.1187, 6.93048, 0.0949558, 2.66588, 0.5, 0.013, 4, 3.94921, 5, -0.0105303, 0.000648393, 0, -0.00114337, -0.000548917
00111, 18.1589, 7.30482, 0.0575106, 2.71493, 0.5, 0.013, 4, 4.07322, 5, -0.0217945, 0.0444608, 0, 0.00279708, -0.0120304
01001, 18.5518, 6.34767, 0.0511492, 2.64668, 0.5, 0.013, 4, 4.08742, 5, -0.10815, -0.00819111, 0, 0.0719296, -0.00863295
01010, 17.5808, 5.14505, 0.0470595, 2.67945, 0.5, 0.013, 4, 4.01819, 5, 0.00444556, -0.0100656, 0, 0.000153994, -0.000154205
00011, 18.2047, 11.4612, 0.0352144, 2.56361, 0.5, 0.013, 4, 4.07606, 5, -0.0591244, -0.00741081, 0, -0.000539726, 0.0368423
11011, 22.4777, 4.00148, 1.61062, 2.74952, 0.5, 0.013, 4, 4.07164, 5, -0.0395438, -0.0114167, 0, 0.0103531, 0.0151794
00110, 20.8088, 7.28594, 0.0243666, 2.61735, 0.5, 0.013, 4, 4.04566, 5, 0.0106002, -0.00285325, 0, -0.00245335, -0.000808801
11010, 23.1164, 6.70118, 1.59406, 2.81263, 0.5, 0.013, 4, 3.96551, 5, 0.0107635, 0.0431015, 0, -0.0216348, -0.0154442
01000, 21.2365, 6.03607, 0.049547, 2.74625, 0.5, 0.013, 4, 3.92828, 5, -0.0114702, -0.0390166, 0, -0.00110431, 0.0223741
00001, 23.9405, 10.9182, -0.160043, 2.55031, 0.5, 0.013, 4, 4.0014, 5, -0.0424608, 0.0403899, 0, -0.0468636, -0.080801
00100, 23.5602, 9.70755, 0.128795, 2.80113, 0.5, 0.013, 4, 4.08958, 5, -0.0214914, 6.53634e-05, 0, 0.0214384, 0.0315249
00101, 20.564, 10.2294, -0.0285139, 2.68964, 0.5, 0.013, 4, 3.96188, 5, -0.0171094, 0.0323217, 0, 0.0202602, 0.00980051
00010, 20.8174, 11.5001, 3.14321e-08, 2.66696, 0.5, 0.013, 4, 3.99403, 5, -0.031532, 1.12696e-07, 0, 0.000704045, -6.51271e-06
11111, 25.5492, 1.39039, 1.43581, 2.55056, 0.5, 0.013, 4, 4.01124, 5, 0.00772423, 0.022033, 0, 0.00156244, -0.00563505
11101, 26.5913, 1.3304, 1.49421, 2.6663, 0.5, 0.013, 4, 4.04146, 5, 0.0161382, 0.0191247, 0, -5.47578e-05, 0.00885849
11110, 26.0727, 3.90695, 1.49356, 2.65875, 0.5, 0.013, 4, 4.0458, 5, 0.00939805, 0.0355016, 0, 0.00696802, 0.00575214
11100, 27.2257, 3.87903, 1.50012, 2.6602, 0.5, 0.013, 4, 4.03192, 5, 0.0368179, 0.0032046, 0, -0.16269, -0.0151515
11000, 24.2227, 7.13577, 1.44757, 2.69935, 0.5, 0.013, 4, 4.00438, 5, 0.0245684, -0.0425325, 0, -0.0182515, 0.035023
11001, 25.0435, 4.41042, 1.47621, 2.77313, 0.5, 0.013, 4, 4.05274, 5, -0.0173205, -0.115541, 0, 0.0108211, 0.0654306
10001, 27.7642, 8.07191, 1.65897, 2.63024, 0.5, 0.013, 4, 3.95798, 5, 0.0140996, -0.0414514, 0, -0.00303417, -0.0108996
00000, 26.0981, 11.4899, -0.0146832, 2.57188, 0.5, 0.013, 4, 3.99341, 5, 0.0293979, 0.00158965, 0, 0.0617176, -0.00735597
10000, 27.9076, 10.6685, 1.58022, 2.66497, 0.5, 0.013, 4, 4.0452, 5, 0.0115867, -0.0169943, 0, 0.00769741, 0.00673991
10010, 28.2261, 3.82637, 1.6031, 2.66258, 0.5, 0.013, 4, 4.0736, 5, 0.108475, 0.10095, 0, 0.0964896, -0.0565681
10011, 28.3473, 1.27368, 1.59608, 2.554, 0.5, 0.013, 4, 3.95816, 5, 0.0465463, -0.028534, 0, -0.00476134, 0.0590872
10111, 31.4066, 1.31056, 1.63146, 2.62431, 0.5, 0.013, 4, 4.02186, 5, 0.0561646, 0.017026, 0, 0.00632868, 0.000225514
10101, 28.8558, 7.63908, 1.57428, 2.5852, 0.5, 0.013, 4, 3.97574, 5, 0.0163503, 0.0211368, 0, -0.000173176, 0.0082557
10100, 29.0549, 10.2347, 1.55575, 2.64091, 0.5, 0.013, 4, 3.91492, 5, 0.0890381, 0.0461204, 0, -0.0485226, -0.00723213
10110, 32.355, 2.88316, 1.58777, 2.50977, 0.5, 0.013, 4, 4.01852, 5, 0.075451, -0.115947, 0, -0.00614974, -0.00430963

01111, 7.09476, 5.94348, 0.184856, 2.8698, 0.5, 0.013, 4, 3.93369, 5, -0.0864624, -0.00194315, 0, 0.000849754, 0.000173628
01110, 9.8908, 6.16909, 0.121953, 2.79423, 0.5, 0.013, 4, 3.92561, 5, -0.0503997, -0.0108269, 0, 0.00110168, 0.000196884
01101, 12.3638, 7.0557, 0.147592, 2.70838, 0.5, 0.013, 4, 4.07123, 5, -0.0420086, 0.0257456, 0, -0.000523688, -7.48645e-05
01011, 14.7933, 5.27957, 0.026048, 2.86297, 0.5, 0.013, 4, 4.03817, 5, -0.0291671, -0.00242988, 0, -0.000122282, 0.000207826
01100, 15.0495, 6.92776, 0.0963896, 2.84491, 0.5, 0.013, 4, 3.94921, 5, -0.0173511, -0.00153623, 0, -0.00142614, -0.000309982
00111, 18.0544, 7.37954, 0.0582561, 2.89726, 0.5, 0.013, 4, 4.07322, 5, -0.021821, 0.00269977, 0, 0.000638327, -0.00151363
01001, 18.4108, 6.34286, 0.0510984, 2.82442, 0.5, 0.013, 4, 4.08742, 5, 0.00203219, 0.00332178, 0, -0.00534505, 0.00529217
01010, 17.6048, 5.09255, 0.0478916, 2.8594, 0.5, 0.013, 4, 4.01819, 5, 0.00514035, -0.0109761, 0, 0.000122475, -0.000207232
00011, 17.8918, 11.4671, 0.0284586, 2.73578, 0.5, 0.013, 4, 4.07606, 5, -0.062707, 0.0208565, 0, 0.000191183, 0.017
11011, 22.3403, 4.03288, 1.61062, 2.93417, 0.5, 0.013, 4, 4.07164, 5, -0.0225159, 0.0135488, 0, 0.000632464, 0.000927293
00110, 20.8646, 7.26208, 0.0248935, 2.79313, 0.5, 0.013, 4, 4.04566, 5, 0.0127012, -0.00613953, 0, -0.000612186, -0.000167513
11010, 23.0821, 6.82571, 1.59533, 3.00152, 0.5, 0.013, 4, 3.96551, 5, -0.00259874, 0.0175037, 0, 0.000458382, -0.000987097
01000, 21.1529, 5.97076, 0.049627, 2.93068, 0.5, 0.013, 4, 3.92828, 5, -0.0293745, -0.0031864, 0, 0.00699726, -0.0032741
00001, 23.7284, 11.0729, -0.165293, 2.72159, 0.5, 0.013, 4, 4.0014, 5, -0.0357826, 0.0437155, 0, 0.0073241, 0.00760274
00100, 23.5699, 9.82402, 0.125119, 2.98925, 0.5, 0.013, 4, 4.08958, 5, 0.0124609, 0.0300766, 0, 0.00227023, 0.00255128
00101, 20.5941, 10.447, -0.0285139, 2.87028, 0.5, 0.013, 4, 3.96188, 5, 0.0152593, 0.0479795, 0, 0.00112298, 0.000543221
00010, 20.6777, 11.5001, 2.62598e-08, 2.84607, 0.5, 0.013, 4, 3.99403, 5, -0.0276225, -2.21779e-07, 0, -0.000174275, -2.56608e-07
11111, 25.5431, 1.46523, 1.4393, 2.72186, 0.5, 0.013, 4, 4.01124, 5, -0.00761028, 0.0216165, 0, 0.0113701, -0.000737378
11101, 26.5894, 1.4197, 1.49579, 2.84537, 0.5, 0.013, 4, 4.04146, 5, 0.00419225, 0.01837, 0, -0.0101063, -6.51897e-05
11100, 27.3932, 3.95699, 1.50827, 2.83885, 0.5, 0.013, 4, 4.03192, 5, 0.0449882, 0.00771629, 0, 0.00052311, -0.00631257
11110, 26.163, 4.12562, 1.49425, 2.83731, 0.5, 0.013, 4, 4.0458, 5, 0.0182153, 0.0384178, 0, 0.0004075, -0.000216796
10001, 27.8242, 7.83882, 1.66013, 2.80688, 0.5, 0.013, 4, 3.95798, 5, 0.0129121, -0.0390686, 0, -0.00125242, -0.00175381
11000, 24.2191, 7.12322, 1.44764, 2.88063, 0.5, 0.013, 4, 4.00438, 5, -0.0113998, 0.0135365, 0, -0.001316, 0.00196631
11001, 25.0205, 4.21718, 1.47621, 2.95937, 0.5, 0.013, 4, 4.05274, 5, 0.000674965, -0.00673075, 0, 0.000685695, 0.0041461
00000, 26.244, 11.4941, -0.00699222, 2.74461, 0.5, 0.013, 4, 3.99341, 5, 0.0262756, 0.00118553, 0, -0.0183093, 0.000214872
10011, 28.4955, 1.35947, 1.59973, 2.72553, 0.5, 0.013, 4, 3.95816, 5, 0.0139316, 0.0242698, 0, -0.00329432, 0.0136422
10111, 31.7227, 1.39852, 1.63139, 2.80056, 0.5, 0.013, 4, 4.02186, 5, 0.0659437, 0.0181697, 0, 0.000312939, 0.00023619
10010, 28.5987, 4.07555, 1.60297, 2.8414, 0.5, 0.013, 4, 4.0736, 5, 0.0528802, 0.0537178, 0, -0.0012224, -0.0164033
10101, 28.9227, 7.74332, 1.57505, 2.75882, 0.5, 0.013, 4, 3.97574, 5, 0.0111247, 0.0176921, 0, 0.000601487, 0.00273143
10000, 28.097, 10.579, 1.57697, 2.84395, 0.5, 0.013, 4, 4.0452, 5, 0.0420029, -0.0185555, 0, 0.0117722, -0.000286408
10100, 29.2417, 10.4707, 1.55646, 2.81827, 0.5, 0.013, 4, 3.91492, 5, 0.0183441, 0.0507079, 0, -0.003044, -0.00259416
10110, 32.6995, 2.2805, 1.58777, 2.67832, 0.5, 0.013, 4, 4.01852, 5, 0.066531, -0.122198, 0, -0.000243179, -0.000170416

