1, 23.5, 5.5, 1.5708, 2, 0.5, 0.026, 4, 4, 5, 0, 0, 0, 0, 0
0, 22, 6, 0, 2, 0.5, 0.026, 4, 4, 5, 0, 0, 0, 0, 0

1, 23.5531, 5.49815, 1.50539, 2.27766, 0.5, 0.026, 4, 4, 5, 0, 0, 0, 0, 0
0, 21.9469, 6.00185, 0.00282711, 2.27766, 0.5, 0.026, 4, 4, 5, 0, 0, 0, 0, 0

1, 23.6189, 5.49186, 1.44876, 2.59386, 0.5, 0.026, 4, 4, 5, 0, 0, 0, 0, 0
0, 21.8811, 6.00814, 0.0126208, 2.59386, 0.5, 0.026, 4, 4, 5, 0, 0, 0, 0, 0

1, 23.6954, 5.4805, 1.39988, 2.95396, 0.5, 0.026, 4, 4, 5, 0, 0, 0, 0, 0
0, 21.8046, 6.0195, 0.0305285, 2.95396, 0.5, 0.026, 4, 4, 5, 0, 0, 0, 0, 0

1, 23.7806, 5.46379, 1.35603, 3.36406, 0.5, 0.026, 4, 4, 5, 0, 0, 0, 0, 0
0, 21.7194, 6.03621, 0.0569428, 3.36406, 0.5, 0.026, 4, 4, 5, 0, 0, 0, 0, 0

1, 23.8724, 5.44174, 1.31477, 3.83108, 0.5, 0.026, 4, 4, 5, 0, 0, 0, 0, 0
0, 21.6276, 6.05826, 0.0915287, 3.83108, 0.5, 0.026, 4, 4, 5, 0, 0, 0, 0, 0

01, 20.4748, 5.94884, 0.0887807, 2.18547, 0.5, 0.026, 4, 4, 5, 0, 0, 0, 0, 0
11, 23.6241, 4.44029, 1.32545, 2.15322, 0.5, 0.026, 4, 4, 5, 0, 0, 0, 0, 0
00, 22.6375, 6.1989, 0.16095, 2.17747, 0.5, 0.026, 4, 4, 5, 0, 0, 0, 0, 0
10, 24.2754, 6.50855, 1.38215, 2.20972, 0.5, 0.026, 4, 4, 5, 0, 0, 0, 0, 0

01, 20.2683, 5.93167, 0.090287, 2.48888, 0.5, 0.026, 4, 4, 5, 0, 0, 0, 0, 0
11, 23.5782, 4.36466, 1.36598, 2.45215, 0.5, 0.026, 4, 4, 5, 0, 0, 0, 0, 0
00, 22.7203, 6.23052, 0.256041, 2.47976, 0.5, 0.026, 4, 4, 5, 0, 0, 0, 0, 0
10, 24.4428, 6.56807, 1.51586, 2.51649, 0.5, 0.026, 4, 4, 5, 0, 0, 0, 0, 0

01, 20.0709, 5.94339, 0.135811, 2.83441, 0.5, 0.026, 4, 4, 5, 0, 0, 0, 0, 0
11, 23.5515, 4.3438, 1.39755, 2.79258, 0.5, 0.026, 4, 4, 5, 0, 0, 0, 0, 0
00, 22.7794, 6.2215, 0.429596, 2.82403, 0.5, 0.026, 4, 4, 5, 0, 0, 0, 0, 0
10, 24.6058, 6.5857, 1.57491, 2.86585, 0.5, 0.026, 4, 4, 5, 0, 0, 0, 0, 0

01, 19.9859, 5.98016, 0.202454, 3.2279, 0.5, 0.026, 4, 4, 5, 0, 0, 0, 0, 0
11, 23.5398, 4.34011, 1.41225, 3.18027, 0.5, 0.026, 4, 4, 5, 0, 0, 0, 0, 0
00, 22.7778, 6.18381, 0.581817, 3.21608, 0.5, 0.026, 4, 4, 5, 0, 0, 0, 0, 0
10, 24.7027, 6.59006, 1.57817, 3.26371, 0.5, 0.026, 4, 4, 5, 0, 0, 0, 0, 0

01, 19.9695, 5.99821, 0.228737, 3.67603, 0.5, 0.026, 4, 4, 5, 0, 0, 0, 0, 0
11, 23.5398, 4.34011, 1.41225, 3.62178, 0.5, 0.026, 4, 4, 5, 0, 0, 0, 0, 0
00, 22.7259, 6.16581, 0.660597, 3.66256, 0.5, 0.026, 4, 4, 5, 0, 0, 0, 0, 0
10, 24.7701, 6.58994, 1.55879, 3.71681, 0.5, 0.026, 4, 4, 5, 0, 0, 0, 0, 0

011, 18.9833, 5.76576, 0.259507, 2.06924, 0.5, 0.026, 4, 4, 5, 0, 0, 0, 0, 0
111, 23.3815, 3.35641, 1.39585, 2.03093, 0.5, 0.026, 4, 4, 5, 0, 0, 0, 0, 0
001, 21.9036, 5.44863, 0.693757, 2.09678, 0.5, 0.026, 4, 4, 5, 0, 0, 0, 0, 0
010, 21.0045, 6.29918, 0.269887, 2.11712, 0.5, 0.026, 4, 4, 5, 0, 0, 0, 0, 0
110, 23.7329, 5.38556, 1.39648, 2.09366, 0.5, 0.026, 4, 4, 5, 0, 0, 0, 0, 0
000, 23.418, 6.86796, 0.654414, 2.07426, 0.5, 0.026, 4, 4, 5, 0, 0, 0, 0, 0
101, 24.8103, 5.49639, 1.53075, 2.13558, 0.5, 0.026, 4, 4, 5, 0, 0, 0, 0, 0
100, 24.8479, 7.60958, 1.55785, 2.09723, 0.5, 0.026, 4, 4, 5, 0, 0, 0, 0, 0

011, 18.8391, 5.7297, 0.263018, 2.35651, 0.5, 0.026, 4, 4, 5, 0, 0, 0, 0, 0
111, 23.3537, 3.18913, 1.39302, 2.31288, 0.5, 0.026, 4, 4, 5, 0, 0, 0, 0, 0
001, 21.8351, 5.33066, 0.621926, 2.38787, 0.5, 0.026, 4, 4, 5, 0, 0, 0, 0, 0
010, 21.1387, 6.34297, 0.293366, 2.41104, 0.5, 0.026, 4, 4, 5, 0, 0, 0, 0, 0
110, 23.7666, 5.49727, 1.36729, 2.38432, 0.5, 0.026, 4, 4, 5, 0, 0, 0, 0, 0
000, 23.3858, 7.03002, 0.621304, 2.36222, 0.5, 0.026, 4, 4, 5, 0, 0, 0, 0, 0
101, 24.8375, 5.35329, 1.48405, 2.43206, 0.5, 0.026, 4, 4, 5, 0, 0, 0, 0, 0
100, 24.9209, 7.75479, 1.62718, 2.38838, 0.5, 0.026, 4, 4, 5, 0, 0, 0, 0, 0

011, 18.5865, 5.68515, 0.299793, 2.68366, 0.5, 0.026, 4, 4, 5, 0, 0, 0, 0, 0
111, 23.3284, 2.99142, 1.37692, 2.63397, 0.5, 0.026, 4, 4, 5, 0, 0, 0, 0, 0
001, 21.7899, 5.22905, 0.536135, 2.71937, 0.5, 0.026, 4, 4, 5, 0, 0, 0, 0, 0
010, 21.1578, 6.39238, 0.484822, 2.74576, 0.5, 0.026, 4, 4, 5, 0, 0, 0, 0, 0
110, 23.8252, 5.6017, 1.25395, 2.71533, 0.5, 0.026, 4, 4, 5, 0, 0, 0, 0, 0
000, 23.4721, 7.21792, 0.835111, 2.69017, 0.5, 0.026, 4, 4, 5, 0, 0, 0, 0, 0
101, 24.8774, 5.19581, 1.39863, 2.7697, 0.5, 0.026, 4, 4, 5, 0, 0, 0, 0, 0
100, 25.036, 7.9122, 1.68871, 2.71996, 0.5, 0.026, 4, 4, 5, 0, 0, 0, 0, 0

011, 18.465, 5.69742, 0.369004, 3.05623, 0.5, 0.026, 4, 4, 5, 0, 0, 0, 0, 0
111, 23.334, 2.8231, 1.32002, 2.99964, 0.5, 0.026, 4, 4, 5, 0, 0, 0, 0, 0
001, 21.7263, 5.10412, 0.423773, 3.0969, 0.5, 0.026, 4, 4, 5, 0, 0, 0, 0, 0
010, 21.203, 6.40843, 0.669395, 3.12695, 0.5, 0.026, 4, 4, 5, 0, 0, 0, 0, 0
110, 23.8528, 5.73916, 1.16662, 3.09229, 0.5, 0.026, 4, 4, 5, 0, 0, 0, 0, 0
000, 23.4883, 7.3376, 0.924646, 3.06364, 0.5, 0.026, 4, 4, 5, 0, 0, 0, 0, 0
101, 24.8684, 5.02787, 1.36703, 3.15421, 0.5, 0.026, 4, 4, 5, 0, 0, 0, 0, 0
100, 25.134, 8.08722, 1.73937, 3.09757, 0.5, 0.026, 4, 4, 5, 0, 0, 0, 0, 0

011, 18.4241, 5.72057, 0.416185, 3.48052, 0.5, 0.026, 4, 4, 5, 0, 0, 0, 0, 0
111, 23.3256, 2.60688, 1.25044, 3.41608, 0.5, 0.026, 4, 4, 5, 0, 0, 0, 0, 0
001, 21.5431, 4.98134, 0.39864, 3.52683, 0.5, 0.026, 4, 4, 5, 0, 0, 0, 0, 0
010, 21.1979, 6.42613, 0.772329, 3.56106, 0.5, 0.026, 4, 4, 5, 0, 0, 0, 0, 0
110, 23.9434, 5.89612, 1.19643, 3.52159, 0.5, 0.026, 4, 4, 5, 0, 0, 0, 0, 0
000, 23.4613, 7.47244, 0.94076, 3.48896, 0.5, 0.026, 4, 4, 5, 0, 0, 0, 0, 0
101, 24.9008, 4.86391, 1.40698, 3.59211, 0.5, 0.026, 4, 4, 5, 0, 0, 0, 0, 0
100, 25.2739, 8.25552, 1.80776, 3.5276, 0.5, 0.026, 4, 4, 5, 0, 0, 0, 0, 0

011, 18.395, 5.74838, 0.460362, 3.96372, 0.5, 0.026, 4, 4, 5, 0, 0, 0, 0, 0
111, 23.3113, 2.38939, 1.17541, 3.89033, 0.5, 0.026, 4, 4, 5, 0, 0, 0, 0, 0
1101, 23.7658, 5.16633, 1.20863, 1.96763, 0.5, 0.026, 4, 4, 5, 0, 0, 0, 0, 0
0011, 20.53, 4.44643, 0.413588, 1.96295, 0.5, 0.026, 4, 4, 5, 0, 0, 0, 0, 0
0101, 20.4538, 5.72728, 0.820119, 2.03789, 0.5, 0.026, 4, 4, 5, 0, 0, 0, 0, 0
0010, 22.3518, 5.27876, 0.436185, 2.05351, 0.5, 0.026, 4, 4, 5, 0, 0, 0, 0, 0
0100, 21.8213, 7.22065, 0.82305, 2.01755, 0.5, 0.026, 4, 4, 5, 0, 0, 0, 0, 0
000, 23.3777, 7.60917, 0.915727, 3.97332, 0.5, 0.026, 4, 4, 5, 0, 0, 0, 0, 0
1011, 24.8699, 3.68721, 1.44941, 2.06483, 0.5, 0.026, 4, 4, 5, 0, 0, 0, 0, 0
1001, 25.7071, 7.42817, 1.84596, 1.99822, 0.5, 0.026, 4, 4, 5, 0, 0, 0, 0, 0
1100, 24.394, 7.0678, 1.23075, 2.04286, 0.5, 0.026, 4, 4, 5, 0, 0, 0, 0, 0
1010, 25.0926, 5.7168, 1.44873, 2.02596, 0.5, 0.026, 4, 4, 5, 0, 0, 0, 0, 0
1000, 25.1502, 9.35484, 1.87426, 2.01911, 0.5, 0.026, 4, 4, 5, 0, 0, 0, 0, 0

0111, 17.3672, 5.23781, 0.452948, 2.26661, 0.5, 0.026, 4, 4, 5, 0, 0, 0, 0, 0
0110, 19.3733, 6.26427, 0.510125, 2.24739, 0.5, 0.026, 4, 4, 5, 0, 0, 0, 0, 0
1111, 22.8334, 1.25049, 1.17729, 2.22779, 0.5, 0.026, 4, 4, 5, 0, 0, 0, 0, 0
1110, 23.7386, 3.26554, 1.06881, 2.20263, 0.5, 0.026, 4, 4, 5, 0, 0, 0, 0, 0
0001, 22.6543, 6.74893, 0.683434, 2.26567, 0.5, 0.026, 4, 4, 5, 0, 0, 0, 0, 0
1101, 23.7851, 5.10319, 0.967116, 2.24079, 0.5, 0.026, 4, 4, 5, 0, 0, 0, 0, 0
0011, 20.3503, 4.3141, 0.408879, 2.23547, 0.5, 0.026, 4, 4, 5, 0, 0, 0, 0, 0
0101, 20.3779, 5.64026, 0.727506, 2.32081, 0.5, 0.026, 4, 4, 5, 0, 0, 0, 0, 0
0010, 22.3952, 5.3216, 0.549374, 2.33859, 0.5, 0.026, 4, 4, 5, 0, 0, 0, 0, 0
0100, 21.822, 7.39947, 0.755874, 2.29764, 0.5, 0.026, 4, 4, 5, 0, 0, 0, 0, 0
0000, 23.9574, 8.55253, 0.955467, 2.25927, 0.5, 0.026, 4, 4, 5, 0, 0, 0, 0, 0
1011, 24.9927, 3.50229, 1.42033, 2.35149, 0.5, 0.026, 4, 4, 5, 0, 0, 0, 0, 0
1001, 25.8718, 7.35167, 1.93082, 2.27563, 0.5, 0.026, 4, 4, 5, 0, 0, 0, 0, 0
1100, 24.3773, 7.21161, 1.13378, 2.32647, 0.5, 0.026, 4, 4, 5, 0, 0, 0, 0, 0
1010, 25.1349, 5.82012, 1.56989, 2.30722, 0.5, 0.026, 4, 4, 5, 0, 0, 0, 0, 0
1000, 25.2105, 9.53019, 1.94715, 2.29942, 0.5, 0.026, 4, 4, 5, 0, 0, 0, 0, 0

0111, 17.2272, 5.16949, 0.452574, 2.58127, 0.5, 0.026, 4, 4, 5, 0, 0, 0, 0, 0
0110, 19.5085, 6.34102, 0.539099, 2.55939, 0.5, 0.026, 4, 4, 5, 0, 0, 0, 0, 0
1111, 22.7561, 1.1728, 1.06632, 2.53707, 0.5, 0.026, 4, 4, 5, 0, 0, 0, 0, 0
1110, 23.8017, 3.43626, 0.98867, 2.50842, 0.5, 0.026, 4, 4, 5, 0, 0, 0, 0, 0
0001, 22.528, 6.64479, 0.659121, 2.5802, 0.5, 0.026, 4, 4, 5, 0, 0, 0, 0, 0
1101, 23.7263, 5.01069, 0.834322, 2.55187, 0.5, 0.026, 4, 4, 5, 0, 0, 0, 0, 0
0011, 20.2064, 4.22291, 0.420959, 2.54581, 0.5, 0.026, 4, 4, 5, 0, 0, 0, 0, 0
0101, 20.2625, 5.54923, 0.65321, 2.643, 0.5, 0.026, 4, 4, 5, 0, 0, 0, 0, 0
0010, 22.5103, 5.38642, 0.644473, 2.66326, 0.5, 0.026, 4, 4, 5, 0, 0, 0, 0, 0
0100, 21.8549, 7.50456, 0.680579, 2.61662, 0.5, 0.026, 4, 4, 5, 0, 0, 0, 0, 0
0000, 23.9202, 8.71865, 0.974993, 2.57292, 0.5, 0.026, 4, 4, 5, 0, 0, 0, 0, 0
1011, 25.0588, 3.30072, 1.33511, 2.67794, 0.5, 0.026, 4, 4, 5, 0, 0, 0, 0, 0
1001, 26.0206, 7.26129, 2.01131, 2.59155, 0.5, 0.026, 4, 4, 5, 0, 0, 0, 0, 0
1100, 24.3288, 7.29658, 1.13728, 2.64945, 0.5, 0.026, 4, 4, 5, 0, 0, 0, 0, 0
1010, 25.2237, 5.9237, 1.64063, 2.62753, 0.5, 0.026, 4, 4, 5, 0, 0, 0, 0, 0
1000, 25.3005, 9.71211, 2.00308, 2.61865, 0.5, 0.026, 4, 4, 5, 0, 0, 0, 0, 0

0101, 19.9928, 5.44105, 0.662778, 3.00992, 0.5, 0.026, 4, 4, 5, 0, 0, 0, 0, 0
0011, 19.9885, 4.12935, 0.532577, 2.89924, 0.5, 0.026, 4, 4, 5, 0, 0, 0, 0, 0
0111, 17.019, 5.08882, 0.480611, 2.93963, 0.5, 0.026, 4, 4, 5, 0, 0, 0, 0, 0
0110, 19.5618, 6.43071, 0.713155, 2.91471, 0.5, 0.026, 4, 4, 5, 0, 0, 0, 0, 0
1111, 22.7405, 1.19381, 0.824887, 2.88928, 0.5, 0.026, 4, 4, 5, 0, 0, 0, 0, 0
1110, 23.8306, 3.56184, 0.83968, 2.85666, 0.5, 0.026, 4, 4, 5, 0, 0, 0, 0, 0
0001, 22.4616, 6.51146, 0.758547, 2.93841, 0.5, 0.026, 4, 4, 5, 0, 0, 0, 0, 0
1101, 23.719, 4.93399, 0.80015, 2.90615, 0.5, 0.026, 4, 4, 5, 0, 0, 0, 0, 0
0010, 22.542, 5.22397, 0.751767, 3.03299, 0.5, 0.026, 4, 4, 5, 0, 0, 0, 0, 0
0100, 21.9358, 7.66355, 0.83943, 2.97988, 0.5, 0.026, 4, 4, 5, 0, 0, 0, 0, 0
0000, 23.9429, 8.97659, 1.14882, 2.93011, 0.5, 0.026, 4, 4, 5, 0, 0, 0, 0, 0
1011, 25.0748, 3.02563, 1.21128, 3.04971, 0.5, 0.026, 4, 4, 5, 0, 0, 0, 0, 0
1001, 26.2373, 7.2209, 2.09008, 2.95133, 0.5, 0.026, 4, 4, 5, 0, 0, 0, 0, 0
1100, 24.4039, 7.53048, 1.1639, 3.01727, 0.5, 0.026, 4, 4, 5, 0, 0, 0, 0, 0
1010, 25.3485, 5.96951, 1.67915, 2.99231, 0.5, 0.026, 4, 4, 5, 0, 0, 0, 0, 0
1000, 25.4301, 9.92836, 2.06042, 2.98219, 0.5, 0.026, 4, 4, 5, 0, 0, 0, 0, 0

0101, 19.8212, 5.29041, 0.677011, 3.42779, 0.5, 0.026, 4, 4, 5, 0, 0, 0, 0, 0
0011, 19.9258, 4.07116, 0.645189, 3.30174, 0.5, 0.026, 4, 4, 5, 0, 0, 0, 0, 0
0111, 16.8248, 5.05017, 0.56124, 3.34773, 0.5, 0.026, 4, 4, 5, 0, 0, 0, 0, 0
0110, 19.6435, 6.56517, 0.769959, 3.31935, 0.5, 0.026, 4, 4, 5, 0, 0, 0, 0, 0
1111, 22.7331, 1.24414, 0.707309, 3.2904, 0.5, 0.026, 4, 4, 5, 0, 0, 0, 0, 0
1110, 23.8261, 3.5941, 0.780129, 3.25324, 0.5, 0.026, 4, 4, 5, 0, 0, 0, 0, 0
0001, 22.3452, 6.32226, 0.840853, 3.34635, 0.5, 0.026, 4, 4, 5, 0, 0, 0, 0, 0
1101, 23.6951, 4.87934, 0.786502, 3.3096, 0.5, 0.026, 4, 4, 5, 0, 0, 0, 0, 0
0010, 22.4603, 5.01356, 0.809539, 3.45406, 0.5, 0.026, 4, 4, 5, 0, 0, 0, 0, 0
0100, 22.0368, 7.83744, 0.946852, 3.39357, 0.5, 0.026, 4, 4, 5, 0, 0, 0, 0, 0
0000, 23.9225, 9.20105, 1.24373, 3.3369, 0.5, 0.026, 4, 4, 5, 0, 0, 0, 0, 0
1011, 25.0963, 2.73283, 1.09936, 3.4731, 0.5, 0.026, 4, 4, 5, 0, 0, 0, 0, 0
1001, 26.4298, 7.19434, 2.10357, 3.36106, 0.5, 0.026, 4, 4, 5, 0, 0, 0, 0, 0
1100, 24.427, 7.76834, 1.19346, 3.43615, 0.5, 0.026, 4, 4, 5, 0, 0, 0, 0, 0
1010, 25.4689, 6.01555, 1.73592, 3.40772, 0.5, 0.026, 4, 4, 5, 0, 0, 0, 0, 0
1000, 25.571, 10.1491, 2.12952, 3.3962, 0.5, 0.026, 4, 4, 5, 0, 0, 0, 0, 0

0011, 19.5652, 3.71575, 0.619705, 3.76011, 0.5, 0.026, 4, 4, 5, 0, 0, 0, 0, 0
0101, 19.6713, 5.09811, 0.664835, 3.90366, 0.5, 0.026, 4, 4, 5, 0, 0, 0, 0, 0
0111, 16.6873, 5.06095, 0.666689, 3.81249, 0.5, 0.026, 4, 4, 5, 0, 0, 0, 0, 0
0110, 19.7218, 6.62867, 0.792122, 3.78017, 0.5, 0.026, 4, 4, 5, 0, 0, 0, 0, 0
1111, 22.7052, 1.32627, 0.645418, 3.7472, 0.5, 0.026, 4, 4, 5, 0, 0, 0, 0, 0
1110, 23.8354, 3.59199, 0.744405, 3.70488, 0.5, 0.026, 4, 4, 5, 0, 0, 0, 0, 0
0001, 22.3386, 6.24646, 0.865244, 3.81091, 0.5, 0.026, 4, 4, 5, 0, 0, 0, 0, 0
1101, 23.6644, 4.81922, 0.761008, 3.76907, 0.5, 0.026, 4, 4, 5, 0, 0, 0, 0, 0
0010, 22.3432, 4.82308, 0.817809, 3.93358, 0.5, 0.026, 4, 4, 5, 0, 0, 0, 0, 0
0100, 22.0822, 8.05702, 1.06947, 3.8647, 0.5, 0.026, 4, 4, 5, 0, 0, 0, 0, 0
0000, 23.8636, 9.62346, 1.34427, 3.80015, 0.5, 0.026, 4, 4, 5, 0, 0, 0, 0, 0
1011, 25.1614, 2.40094, 0.987, 3.95526, 0.5, 0.026, 4, 4, 5, 0, 0, 0, 0, 0
1001, 26.626, 7.20577, 2.07202, 3.82767, 0.5, 0.026, 4, 4, 5, 0, 0, 0, 0, 0
1100, 24.478, 7.97265, 1.2878, 3.91319, 0.5, 0.026, 4, 4, 5, 0, 0, 0, 0, 0
1010, 25.6307, 6.03899, 1.76046, 3.88081, 0.5, 0.026, 4, 4, 5, 0, 0, 0, 0, 0
1000, 25.8434, 10.3204, 2.17551, 3.86769, 0.5, 0.026, 4, 4, 5, 0, 0, 0, 0, 0

01111, 15.8185, 4.36646, 0.709103, 2.17448, 0.5, 0.026, 4, 4, 5, 0, 0, 0, 0, 0
00111, 18.2907, 2.76177, 0.58678, 2.14063, 0.5, 0.026, 4, 4, 5, 0, 0, 0, 0, 0
01101, 18.9654, 5.88632, 0.832057, 2.15416, 0.5, 0.026, 4, 4, 5, 0, 0, 0, 0, 0
01011, 18.6427, 4.24032, 0.642146, 2.25983, 0.5, 0.026, 4, 4, 5, 0, 0, 0, 0, 0
01110, 17.4542, 5.78907, 0.741112, 2.1673, 0.5, 0.026, 4, 4, 5, 0, 0, 0, 0, 0
00110, 20.0602, 3.94597, 0.490207, 2.14149, 0.5, 0.026, 4, 4, 5, 0, 0, 0, 0, 0
00101, 21.5381, 3.94524, 1.11746, 2.19456, 0.5, 0.026, 4, 4, 5, 0, 0, 0, 0, 0
11101, 23.1293, 2.79719, 0.6701, 2.10426, 0.5, 0.026, 4, 4, 5, 0, 0, 0, 0, 0
11111, 21.879, 0.793074, 0.563111, 2.09802, 0.5, 0.026, 4, 4, 5, 0, 0, 0, 0, 0
11011, 22.883, 3.91251, 0.722656, 2.18902, 0.5, 0.026, 4, 4, 5, 0, 0, 0, 0, 0
11110, 23.6708, 1.94096, 0.649653, 2.1694, 0.5, 0.026, 4, 4, 5, 0, 0, 0, 0, 0
01100, 20.4397, 7.45047, 0.797049, 2.1508, 0.5, 0.026, 4, 4, 5, 0, 0, 0, 0, 0
00011, 21.4637, 5.45573, 0.582503, 2.20909, 0.5, 0.026, 4, 4, 5, 0, 0, 0, 0, 0
01001, 21.6815, 7.27213, 1.19869, 2.15947, 0.5, 0.026, 4, 4, 5, 0, 0, 0, 0, 0
01010, 20.2193, 5.78713, 0.837508, 2.18576, 0.5, 0.026, 4, 4, 5, 0, 0, 0, 0, 0
00010, 22.9675, 6.93389, 0.576907, 2.13089, 0.5, 0.026, 4, 4, 5, 0, 0, 0, 0, 0
00100, 23.0296, 5.53286, 0.912333, 2.28511, 0.5, 0.026, 4, 4, 5, 0, 0, 0, 0, 0
00001, 23.741, 8.79469, 1.40729, 2.18898, 0.5, 0.026, 4, 4, 5, 0, 0, 0, 0, 0
01000, 22.6337, 9.24621, 1.13917, 2.24176, 0.5, 0.026, 4, 4, 5, 0, 0, 0, 0, 0
00000, 23.8784, 10.9315, 1.62706, 2.13874, 0.5, 0.026, 4, 4, 5, 0, 0, 0, 0, 0
10111, 24.5893, 1.27619, 0.876376, 2.27874, 0.5, 0.026, 4, 4, 5, 0, 0, 0, 0, 0
10110, 25.8084, 3.0464, 0.558413, 2.22563, 0.5, 0.026, 4, 4, 5, 0, 0, 0, 0, 0
11100, 24.6878, 4.20557, 0.661297, 2.11497, 0.5, 0.026, 4, 4, 5, 0, 0, 0, 0, 0
11010, 24.4672, 5.32191, 0.50213, 2.10331, 0.5, 0.026, 4, 4, 5, 0, 0, 0, 0, 0
10011, 27.2094, 6.18815, 2.0711, 2.23077, 0.5, 0.026, 4, 4, 5, 0, 0, 0, 0, 0
10101, 26.0631, 4.97259, 1.75487, 2.25428, 0.5, 0.026, 4, 4, 5, 0, 0, 0, 0, 0
11001, 24.4151, 7.02486, 1.47719, 2.26662, 0.5, 0.026, 4, 4, 5, 0, 0, 0, 0, 0
10100, 25.511, 7.08421, 1.64602, 2.1653, 0.5, 0.026, 4, 4, 5, 0, 0, 0, 0, 0
10010, 26.3364, 8.15582, 2.18047, 2.12828, 0.5, 0.026, 4, 4, 5, 0, 0, 0, 0, 0
10001, 26.6835, 9.371, 2.26333, 2.14975, 0.5, 0.026, 4, 4, 5, 0, 0, 0, 0, 0
11000, 24.8409, 9.20201, 1.37439, 2.18983, 0.5, 0.026, 4, 4, 5, 0, 0, 0, 0, 0
10000, 25.3026, 11.0694, 2.38526, 2.25489, 0.5, 0.026, 4, 4, 5, 0, 0, 0, 0, 0

01111, 15.7003, 4.26829, 0.712904, 2.47636, 0.5, 0.026, 4, 4, 5, 0, 0, 0, 0, 0
01011, 18.2979, 3.99767, 0.584204, 2.57356, 0.5, 0.026, 4, 4, 5, 0, 0, 0, 0, 0
00110, 19.9189, 3.80674, 0.474853, 2.43879, 0.5, 0.026, 4, 4, 5, 0, 0, 0, 0, 0
00111, 17.9214, 2.45858, 0.489609, 2.43781, 0.5, 0.026, 4, 4, 5, 0, 0, 0, 0, 0
01010, 19.9211, 5.87396, 1.03157, 2.48921, 0.5, 0.026, 4, 4, 5, 0, 0, 0, 0, 0
01101, 18.7598, 5.87109, 1.0166, 2.45322, 0.5, 0.026, 4, 4, 5, 0, 0, 0, 0, 0
01110, 17.5088, 5.93437, 0.880194, 2.46818, 0.5, 0.026, 4, 4, 5, 0, 0, 0, 0, 0
00101, 21.4771, 3.75877, 1.20782, 2.49923, 0.5, 0.026, 4, 4, 5, 0, 0, 0, 0, 0
11101, 23.0481, 2.5204, 0.740286, 2.39639, 0.5, 0.026, 4, 4, 5, 0, 0, 0, 0, 0
11111, 21.683, 0.788895, 0.428921, 2.38928, 0.5, 0.026, 4, 4, 5, 0, 0, 0, 0, 0
11011, 22.9058, 3.69204, 0.694922, 2.49291, 0.5, 0.026, 4, 4, 5, 0, 0, 0, 0, 0
11110, 23.8069, 1.84411, 0.766524, 2.47057, 0.5, 0.026, 4, 4, 5, 0, 0, 0, 0, 0
01100, 20.2581, 7.78151, 0.707062, 2.44939, 0.5, 0.026, 4, 4, 5, 0, 0, 0, 0, 0
00011, 21.3464, 5.37811, 0.338283, 2.51577, 0.5, 0.026, 4, 4, 5, 0, 0, 0, 0, 0
01001, 21.5456, 7.42577, 1.17893, 2.45926, 0.5, 0.026, 4, 4, 5, 0, 0, 0, 0, 0
00010, 22.9372, 6.8679, 0.387045, 2.42672, 0.5, 0.026, 4, 4, 5, 0, 0, 0, 0, 0
00100, 23.1605, 5.43906, 0.927063, 2.60235, 0.5, 0.026, 4, 4, 5, 0, 0, 0, 0, 0
00001, 23.6255, 8.80103, 1.21116, 2.49288, 0.5, 0.026, 4, 4, 5, 0, 0, 0, 0, 0
01000, 22.8107, 9.50956, 1.23196, 2.55298, 0.5, 0.026, 4, 4, 5, 0, 0, 0, 0, 0
00000, 23.8288, 10.9539, 2.27705, 2.43565, 0.5, 0.026, 4, 4, 5, 0, 0, 0, 0, 0
10111, 24.6094, 1.20562, 0.797176, 2.5951, 0.5, 0.026, 4, 4, 5, 0, 0, 0, 0, 0
10110, 25.9716, 2.99143, 0.265907, 2.5346, 0.5, 0.026, 4, 4, 5, 0, 0, 0, 0, 0
11100, 24.911, 4.01972, 0.576363, 2.40859, 0.5, 0.026, 4, 4, 5, 0, 0, 0, 0, 0
11010, 24.7223, 5.19471, 0.31785, 2.39531, 0.5, 0.026, 4, 4, 5, 0, 0, 0, 0, 0
10011, 27.2589, 6.14563, 2.10675, 2.54047, 0.5, 0.026, 4, 4, 5, 0, 0, 0, 0, 0
10101, 26.4401, 4.95101, 1.68622, 2.56724, 0.5, 0.026, 4, 4, 5, 0, 0, 0, 0, 0
11001, 24.5952, 6.99755, 1.61349, 2.58129, 0.5, 0.026, 4, 4, 5, 0, 0, 0, 0, 0
10100, 25.5808, 7.12426, 1.60678, 2.46591, 0.5, 0.026, 4, 4, 5, 0, 0, 0, 0, 0
10010, 26.4675, 8.3304, 2.30414, 2.42375, 0.5, 0.026, 4, 4, 5, 0, 0, 0, 0, 0
10001, 26.8669, 9.36833, 2.3127, 2.44819, 0.5, 0.026, 4, 4, 5, 0, 0, 0, 0, 0
11000, 24.9949, 9.46081, 1.19752, 2.49384, 0.5, 0.026, 4, 4, 5, 0, 0, 0, 0, 0
10000, 25.3913, 11.1863, 2.72985, 2.56793, 0.5, 0.026, 4, 4, 5, 0, 0, 0, 0, 0

01111, 15.5731, 4.18372, 0.742112, 2.82015, 0.5, 0.026, 4, 4, 5, 0, 0, 0, 0, 0
01011, 18.0672, 3.83273, 0.576847, 2.93085, 0.5, 0.026, 4, 4, 5, 0, 0, 0, 0, 0
00110, 19.7624, 3.75254, 0.585408, 2.77737, 0.5, 0.026, 4, 4, 5, 0, 0, 0, 0, 0
00111, 17.6843, 2.17325, 0.24437, 2.77625, 0.5, 0.026, 4, 4, 5, 0, 0, 0, 0, 0
01010, 19.7003, 6.08506, 1.14103, 2.83478, 0.5, 0.026, 4, 4, 5, 0, 0, 0, 0, 0
01101, 18.5093, 5.86668, 1.12493, 2.7938, 0.5, 0.026, 4, 4, 5, 0, 0, 0, 0, 0
01110, 17.511, 6.08475, 1.12715, 2.81083, 0.5, 0.026, 4, 4, 5, 0, 0, 0, 0, 0
00101, 21.3266, 3.63349, 1.18721, 2.84619, 0.5, 0.026, 4, 4, 5, 0, 0, 0, 0, 0
11101, 22.9645, 2.27211, 0.701999, 2.72908, 0.5, 0.026, 4, 4, 5, 0, 0, 0, 0, 0
11111, 21.4064, 0.608532, 0.126464, 2.72098, 0.5, 0.026, 4, 4, 5, 0, 0, 0, 0, 0
11011, 22.7937, 3.3882, 0.665747, 2.839, 0.5, 0.026, 4, 4, 5, 0, 0, 0, 0, 0
11110, 23.8546, 1.69666, 0.736085, 2.81356, 0.5, 0.026, 4, 4, 5, 0, 0, 0, 0, 0
00011, 21.3117, 5.43432, 0.218434, 2.86503, 0.5, 0.026, 4, 4, 5, 0, 0, 0, 0, 0
01001, 21.2338, 7.24868, 1.26109, 2.80068, 0.5, 0.026, 4, 4, 5, 0, 0, 0, 0, 0
00010, 22.9127, 6.89712, 0.319817, 2.76362, 0.5, 0.026, 4, 4, 5, 0, 0, 0, 0, 0
00100, 23.2344, 5.34667, 0.950939, 2.96363, 0.5, 0.026, 4, 4, 5, 0, 0, 0, 0, 0
01100, 20.0117, 8.14063, 0.676756, 2.78944, 0.5, 0.026, 4, 4, 5, 0, 0, 0, 0, 0
00001, 23.4841, 8.92785, 1.28521, 2.83896, 0.5, 0.026, 4, 4, 5, 0, 0, 0, 0, 0
01000, 22.551, 9.55413, 1.36737, 2.90741, 0.5, 0.026, 4, 4, 5, 0, 0, 0, 0, 0
00000, 23.7527, 11.0031, 2.54683, 2.77379, 0.5, 0.026, 4, 4, 5, 0, 0, 0, 0, 0
11100, 25.163, 3.86542, 0.46807, 2.74297, 0.5, 0.026, 4, 4, 5, 0, 0, 0, 0, 0
10111, 24.727, 1.17207, 0.757919, 2.95537, 0.5, 0.026, 4, 4, 5, 0, 0, 0, 0, 0
10110, 26.3015, 2.86993, 0.022004, 2.88648, 0.5, 0.026, 4, 4, 5, 0, 0, 0, 0, 0
11010, 24.8951, 5.00996, 0.259942, 2.72784, 0.5, 0.026, 4, 4, 5, 0, 0, 0, 0, 0
10011, 27.5598, 6.17, 2.18194, 2.89316, 0.5, 0.026, 4, 4, 5, 0, 0, 0, 0, 0
10101, 26.837, 4.82255, 1.78464, 2.92364, 0.5, 0.026, 4, 4, 5, 0, 0, 0, 0, 0
11001, 24.7548, 6.9803, 1.62406, 2.93965, 0.5, 0.026, 4, 4, 5, 0, 0, 0, 0, 0
10100, 25.7331, 7.16362, 1.61441, 2.80825, 0.5, 0.026, 4, 4, 5, 0, 0, 0, 0, 0
10010, 26.5959, 8.5624, 2.3284, 2.76024, 0.5, 0.026, 4, 4, 5, 0, 0, 0, 0, 0
10001, 27.1898, 9.40182, 2.31521, 2.78807, 0.5, 0.026, 4, 4, 5, 0, 0, 0, 0, 0
11000, 25.0814, 9.65177, 0.914227, 2.84006, 0.5, 0.026, 4, 4, 5, 0, 0, 0, 0, 0
10000, 25.7422, 11.3706, 3.00665, 2.92444, 0.5, 0.026, 4, 4, 5, 0, 0, 0, 0, 0

01111, 15.3662, 4.08613, 0.845515, 3.21166, 0.5, 0.026, 4, 4, 5, 0, 0, 0, 0, 0
01011, 17.9109, 3.65419, 0.612036, 3.33773, 0.5, 0.026, 4, 4, 5, 0, 0, 0, 0, 0
00110, 19.4771, 3.54036, 0.721383, 3.16294, 0.5, 0.026, 4, 4, 5, 0, 0, 0, 0, 0
00111, 17.6145, 1.91577, -0.0836828, 3.16167, 0.5, 0.026, 4, 4, 5, 0, 0, 0, 0, 0
01010, 19.5551, 6.31777, 1.20962, 3.22833, 0.5, 0.026, 4, 4, 5, 0, 0, 0, 0, 0
01101, 18.3362, 5.89702, 1.19172, 3.18166, 0.5, 0.026, 4, 4, 5, 0, 0, 0, 0, 0
01110, 17.4306, 6.30637, 1.19131, 3.20106, 0.5, 0.026, 4, 4, 5, 0, 0, 0, 0, 0
01100, 19.8377, 8.57533, 0.706606, 3.17669, 0.5, 0.026, 4, 4, 5, 0, 0, 0, 0, 0
00101, 21.0264, 3.47217, 1.15695, 3.24132, 0.5, 0.026, 4, 4, 5, 0, 0, 0, 0, 0
11101, 22.8912, 2.12665, 0.648181, 3.10795, 0.5, 0.026, 4, 4, 5, 0, 0, 0, 0, 0
11111, 21.1019, 0.499998, -4.0128e-06, 3.09873, 0.5, 0.026, 4, 4, 5, 0, 0, 0, 0, 0
11011, 22.5537, 3.08792, 0.63027, 3.23313, 0.5, 0.026, 4, 4, 5, 0, 0, 0, 0, 0
11110, 23.8851, 1.66098, 0.670976, 3.20416, 0.5, 0.026, 4, 4, 5, 0, 0, 0, 0, 0
00011, 21.3181, 5.48151, 0.210907, 3.26278, 0.5, 0.026, 4, 4, 5, 0, 0, 0, 0, 0
01001, 20.9929, 7.42782, 1.31654, 3.18949, 0.5, 0.026, 4, 4, 5, 0, 0, 0, 0, 0
00010, 22.867, 6.80724, 0.178089, 3.14728, 0.5, 0.026, 4, 4, 5, 0, 0, 0, 0, 0
00100, 23.2118, 5.11153, 0.849138, 3.37506, 0.5, 0.026, 4, 4, 5, 0, 0, 0, 0, 0
00001, 23.2369, 8.99916, 1.60033, 3.23309, 0.5, 0.026, 4, 4, 5, 0, 0, 0, 0, 0
01000, 22.2484, 9.40053, 1.58554, 3.31104, 0.5, 0.026, 4, 4, 5, 0, 0, 0, 0, 0
00000, 23.5437, 11.0452, 2.70668, 3.15887, 0.5, 0.026, 4, 4, 5, 0, 0, 0, 0, 0
11100, 25.4085, 3.85363, 0.353479, 3.12377, 0.5, 0.026, 4, 4, 5, 0, 0, 0, 0, 0
10111, 25.0043, 1.15529, 0.587162, 3.36566, 0.5, 0.026, 4, 4, 5, 0, 0, 0, 0, 0
10110, 26.7303, 2.72196, -0.124295, 3.28721, 0.5, 0.026, 4, 4, 5, 0, 0, 0, 0, 0
11010, 25.0512, 4.85133, 0.291944, 3.10655, 0.5, 0.026, 4, 4, 5, 0, 0, 0, 0, 0
10011, 27.8285, 6.23174, 2.30528, 3.29481, 0.5, 0.026, 4, 4, 5, 0, 0, 0, 0, 0
10101, 27.2856, 4.70131, 1.92106, 3.32953, 0.5, 0.026, 4, 4, 5, 0, 0, 0, 0, 0
11001, 24.9178, 7.04333, 1.64024, 3.34776, 0.5, 0.026, 4, 4, 5, 0, 0, 0, 0, 0
10100, 25.8905, 7.2437, 1.63111, 3.19811, 0.5, 0.026, 4, 4, 5, 0, 0, 0, 0, 0
10010, 26.9238, 8.6372, 2.34214, 3.14343, 0.5, 0.026, 4, 4, 5, 0, 0, 0, 0, 0
10001, 27.5924, 9.41293, 2.32047, 3.17514, 0.5, 0.026, 4, 4, 5, 0, 0, 0, 0, 0
11000, 25.0642, 9.74524, 0.729168, 3.23434, 0.5, 0.026, 4, 4, 5, 0, 0, 0, 0, 0
10000, 26.0766, 11.4824, 3.12649, 3.33043, 0.5, 0.026, 4, 4, 5, 0, 0, 0, 0, 0

01111, 15.127, 4.01763, 1.03119, 3.65753, 0.5, 0.026, 4, 4, 5, 0, 0, 0, 0, 0
01011, 17.6772, 3.53022, 0.645223, 3.8011, 0.5, 0.026, 4, 4, 5, 0, 0, 0, 0, 0
00110, 19.2152, 3.34255, 0.862347, 3.60205, 0.5, 0.026, 4, 4, 5, 0, 0, 0, 0, 0
00111, 17.5087, 1.50487, -0.176823, 3.6006, 0.5, 0.026, 4, 4, 5, 0, 0, 0, 0, 0
01010, 19.3412, 6.62756, 1.25328, 3.67652, 0.5, 0.026, 4, 4, 5, 0, 0, 0, 0, 0
01101, 18.093, 5.99438, 1.23274, 3.62336, 0.5, 0.026, 4, 4, 5, 0, 0, 0, 0, 0
01110, 17.2362, 6.53846, 1.23081, 3.64545, 0.5, 0.026, 4, 4, 5, 0, 0, 0, 0, 0
01100, 19.6016, 9.09978, 0.735831, 3.61771, 0.5, 0.026, 4, 4, 5, 0, 0, 0, 0, 0
00101, 20.6238, 3.35645, 1.03079, 3.69131, 0.5, 0.026, 4, 4, 5, 0, 0, 0, 0, 0
11101, 22.8286, 2.06144, 0.469836, 3.53942, 0.5, 0.026, 4, 4, 5, 0, 0, 0, 0, 0
11111, 20.6631, 0.499962, -9.51894e-06, 3.52893, 0.5, 0.026, 4, 4, 5, 0, 0, 0, 0, 0
11011, 22.336, 2.90954, 0.47283, 3.68198, 0.5, 0.026, 4, 4, 5, 0, 0, 0, 0, 0
11110, 23.9694, 1.58155, 0.504361, 3.64899, 0.5, 0.026, 4, 4, 5, 0, 0, 0, 0, 0
00011, 21.2945, 5.51194, 0.148531, 3.71574, 0.5, 0.026, 4, 4, 5, 0, 0, 0, 0, 0
01001, 20.7269, 7.68669, 1.39957, 3.63228, 0.5, 0.026, 4, 4, 5, 0, 0, 0, 0, 0
00010, 22.8482, 6.71518, 0.0541504, 3.58422, 0.5, 0.026, 4, 4, 5, 0, 0, 0, 0, 0
00100, 23.1485, 4.84489, 0.734555, 3.84362, 0.5, 0.026, 4, 4, 5, 0, 0, 0, 0, 0
00001, 22.9826, 9.01044, 1.86684, 3.68193, 0.5, 0.026, 4, 4, 5, 0, 0, 0, 0, 0
01000, 21.8819, 9.31482, 1.84664, 3.77071, 0.5, 0.026, 4, 4, 5, 0, 0, 0, 0, 0
00000, 23.3807, 11.0455, 2.78409, 3.59741, 0.5, 0.026, 4, 4, 5, 0, 0, 0, 0, 0
11100, 25.7548, 3.79312, 0.270206, 3.55744, 0.5, 0.026, 4, 4, 5, 0, 0, 0, 0, 0
10111, 25.3271, 1.10718, 0.443025, 3.83291, 0.5, 0.026, 4, 4, 5, 0, 0, 0, 0, 0
10110, 27.2797, 2.6254, -0.137466, 3.74356, 0.5, 0.026, 4, 4, 5, 0, 0, 0, 0, 0
11010, 25.2953, 4.68631, 0.268618, 3.53782, 0.5, 0.026, 4, 4, 5, 0, 0, 0, 0, 0
10101, 27.8111, 4.70111, 2.05964, 3.79176, 0.5, 0.026, 4, 4, 5, 0, 0, 0, 0, 0
11001, 25.1174, 7.08961, 1.63184, 3.81252, 0.5, 0.026, 4, 4, 5, 0, 0, 0, 0, 0
10100, 26.0887, 7.27766, 1.62339, 3.6421, 0.5, 0.026, 4, 4, 5, 0, 0, 0, 0, 0
10010, 27.3814, 8.54365, 2.28311, 3.57983, 0.5, 0.026, 4, 4, 5, 0, 0, 0, 0, 0
11000, 25.1251, 9.75385, 0.600016, 3.68335, 0.5, 0.026, 4, 4, 5, 0, 0, 0, 0, 0
10000, 26.3783, 11.5, 3.14158, 3.79279, 0.5, 0.026, 4, 4, 5, 0, 0, 0, 0, 0
10011, 28.0734, 6.42733, 2.37973, 3.75223, 0.5, 0.026, 4, 4, 5, 0, 0, 0, 0, 0
10001, 28.02, 9.44351, 2.22476, 3.61594, 0.5, 0.026, 4, 4, 5, 0, 0, 0, 0, 0

011111, 14.605, 3.09895, 1.17815, 2.05766, 0.5, 0.026, 4, 4, 5, 0, 0, 0, 0, 0
011110, 15.3391, 5.04344, 1.27266, 2.10764, 0.5, 0.026, 4, 4, 5, 0, 0, 0, 0, 0
111111, 19.3311, 0.499999, 6.693e-06, 1.96789, 0.5, 0.026, 4, 4, 5, 0, 0, 0, 0, 0
001111, 16.1256, 1.35903, 0.0381483, 2.01604, 0.5, 0.026, 4, 4, 5, 0, 0, 0, 0, 0
001101, 18.1428, 2.63506, 0.568563, 2.09747, 0.5, 0.026, 4, 4, 5, 0, 0, 0, 0, 0
001011, 19.6972, 2.66364, 0.900868, 2.1276, 0.5, 0.026, 4, 4, 5, 0, 0, 0, 0, 0
010111, 16.6055, 2.73891, 0.733052, 2.13416, 0.5, 0.026, 4, 4, 5, 0, 0, 0, 0, 0
001110, 18.161, 1.40088, 0.142817, 2.08442, 0.5, 0.026, 4, 4, 5, 0, 0, 0, 0, 0
001100, 19.586, 4.05414, 0.787238, 2.00465, 0.5, 0.026, 4, 4, 5, 0, 0, 0, 0, 0
011011, 17.4084, 4.99755, 1.33223, 2.02952, 0.5, 0.026, 4, 4, 5, 0, 0, 0, 0, 0
011101, 16.5488, 5.66327, 1.33377, 2.02597, 0.5, 0.026, 4, 4, 5, 0, 0, 0, 0, 0
010101, 18.7662, 6.02078, 1.11048, 2.10729, 0.5, 0.026, 4, 4, 5, 0, 0, 0, 0, 0
010110, 18.2674, 4.09526, 0.840223, 2.19465, 0.5, 0.026, 4, 4, 5, 0, 0, 0, 0, 0
010100, 19.4866, 7.96943, 1.3673, 2.07964, 0.5, 0.026, 4, 4, 5, 0, 0, 0, 0, 0
011010, 18.1065, 6.93046, 1.11546, 2.09687, 0.5, 0.026, 4, 4, 5, 0, 0, 0, 0, 0
011100, 17.116, 7.64, 1.47052, 2.12558, 0.5, 0.026, 4, 4, 5, 0, 0, 0, 0, 0
011001, 18.5132, 8.79538, 0.827466, 2.07739, 0.5, 0.026, 4, 4, 5, 0, 0, 0, 0, 0
011000, 19.9094, 10.2978, 0.909093, 2.04256, 0.5, 0.026, 4, 4, 5, 0, 0, 0, 0, 0
111011, 21.8694, 1.63897, 0.298183, 1.98937, 0.5, 0.026, 4, 4, 5, 0, 0, 0, 0, 0
111101, 23.239, 1.14159, 0.499394, 2.08686, 0.5, 0.026, 4, 4, 5, 0, 0, 0, 0, 0
110111, 21.1887, 2.46379, 0.302636, 2.05243, 0.5, 0.026, 4, 4, 5, 0, 0, 0, 0, 0
111010, 23.7105, 2.42468, 0.332324, 2.04142, 0.5, 0.026, 4, 4, 5, 0, 0, 0, 0, 0
111110, 21.3293, 0.499997, -7.16843e-06, 2.05095, 0.5, 0.026, 4, 4, 5, 0, 0, 0, 0, 0
110110, 23.1349, 3.27523, 0.400462, 2.14072, 0.5, 0.026, 4, 4, 5, 0, 0, 0, 0, 0
001001, 22.1811, 4.06359, 0.878038, 2.19174, 0.5, 0.026, 4, 4, 5, 0, 0, 0, 0, 0
000101, 21.8659, 6.6345, 0.127676, 2.04528, 0.5, 0.026, 4, 4, 5, 0, 0, 0, 0, 0
010011, 20.3719, 6.93915, 1.49952, 2.11725, 0.5, 0.026, 4, 4, 5, 0, 0, 0, 0, 0
000011, 23.3026, 7.9949, 2.26794, 2.0898, 0.5, 0.026, 4, 4, 5, 0, 0, 0, 0, 0
001010, 21.0616, 4.24298, 0.906873, 2.07617, 0.5, 0.026, 4, 4, 5, 0, 0, 0, 0, 0
000111, 20.1419, 5.39549, -0.000728379, 2.16716, 0.5, 0.026, 4, 4, 5, 0, 0, 0, 0, 0
000110, 22.2209, 5.68085, 0.131859, 2.06444, 0.5, 0.026, 4, 4, 5, 0, 0, 0, 0, 0
000100, 23.881, 6.60915, 0.166751, 2.03653, 0.5, 0.026, 4, 4, 5, 0, 0, 0, 0, 0
001000, 23.9061, 5.35642, 0.60096, 2.18548, 0.5, 0.026, 4, 4, 5, 0, 0, 0, 0, 0
010010, 20.5745, 8.97842, 1.61693, 2.0193, 0.5, 0.026, 4, 4, 5, 0, 0, 0, 0, 0
010001, 21.9767, 8.21822, 1.82248, 2.12291, 0.5, 0.026, 4, 4, 5, 0, 0, 0, 0, 0
000010, 22.5778, 9.90426, 1.96575, 2.10329, 0.5, 0.026, 4, 4, 5, 0, 0, 0, 0, 0
010000, 21.3704, 10.2723, 1.8377, 2.17127, 0.5, 0.026, 4, 4, 5, 0, 0, 0, 0, 0
000000, 22.4541, 11.4097, 2.96197, 2.01132, 0.5, 0.026, 4, 4, 5, 0, 0, 0, 0, 0
111001, 25.1724, 3.61851, 0.306586, 2.0381, 0.5, 0.026, 4, 4, 5, 0, 0, 0, 0, 0
101101, 26.6844, 2.7691, -0.196219, 2.17805, 0.5, 0.026, 4, 4, 5, 0, 0, 0, 0, 0
101111, 24.6961, 0.572036, 0.117652, 2.22916, 0.5, 0.026, 4, 4, 5, 0, 0, 0, 0, 0
111100, 25.1796, 1.78941, 0.400019, 2.06872, 0.5, 0.026, 4, 4, 5, 0, 0, 0, 0, 0
111000, 27.1652, 3.83755, 0.114803, 2.01321, 0.5, 0.026, 4, 4, 5, 0, 0, 0, 0, 0
101110, 26.6656, 1.39962, 0.486415, 2.13587, 0.5, 0.026, 4, 4, 5, 0, 0, 0, 0, 0
110101, 24.6526, 4.49082, 0.300689, 2.01269, 0.5, 0.026, 4, 4, 5, 0, 0, 0, 0, 0
101001, 26.3837, 6.27663, 1.54817, 2.08519, 0.5, 0.026, 4, 4, 5, 0, 0, 0, 0, 0
100110, 27.5483, 7.24782, 2.37601, 2.11902, 0.5, 0.026, 4, 4, 5, 0, 0, 0, 0, 0
101010, 27.7532, 5.64166, 2.3175, 2.13201, 0.5, 0.026, 4, 4, 5, 0, 0, 0, 0, 0
110011, 25.3928, 6.19115, 1.55752, 2.18686, 0.5, 0.026, 4, 4, 5, 0, 0, 0, 0, 0
110100, 26.6275, 4.77322, 0.15463, 2.01628, 0.5, 0.026, 4, 4, 5, 0, 0, 0, 0, 0
000001, 24.3256, 10.6609, 2.88087, 2.08552, 0.5, 0.026, 4, 4, 5, 0, 0, 0, 0, 0
100010, 27.8275, 10.0887, 2.2486, 2.07027, 0.5, 0.026, 4, 4, 5, 0, 0, 0, 0, 0
101000, 26.1626, 8.3078, 1.53312, 2.06253, 0.5, 0.026, 4, 4, 5, 0, 0, 0, 0, 0
110001, 24.2081, 9.2934, 0.477294, 2.09607, 0.5, 0.026, 4, 4, 5, 0, 0, 0, 0, 0
100001, 27.7386, 11.5, 3.14159, 2.17433, 0.5, 0.026, 4, 4, 5, 0, 0, 0, 0, 0
110010, 25.0019, 8.1374, 1.24944, 2.15495, 0.5, 0.026, 4, 4, 5, 0, 0, 0, 0, 0
100100, 27.1774, 9.18433, 2.24281, 2.00523, 0.5, 0.026, 4, 4, 5, 0, 0, 0, 0, 0
110000, 26.0632, 10.2303, 0.655271, 2.09864, 0.5, 0.026, 4, 4, 5, 0, 0, 0, 0, 0
100000, 25.5832, 11.5, 3.14159, 2.14501, 0.5, 0.026, 4, 4, 5, 0, 0, 0, 0, 0
101100, 28.7501, 2.28516, -0.15281, 2.08523, 0.5, 0.026, 4, 4, 5, 0, 0, 0, 0, 0
101011, 28.8066, 3.7884, 1.99177, 2.18616, 0.5, 0.026, 4, 4, 5, 0, 0, 0, 0, 0
100101, 28.5442, 7.67762, 2.3364, 2.07159, 0.5, 0.026, 4, 4, 5, 0, 0, 0, 0, 0
100111, 29.0582, 5.73919, 2.36611, 2.15412, 0.5, 0.026, 4, 4, 5, 0, 0, 0, 0, 0
100011, 29.1433, 8.51317, 2.30906, 2.04766, 0.5, 0.026, 4, 4, 5, 0, 0, 0, 0, 0

001111, 15.5472, 1.3264, 0.272507, 2.29593, 0.5, 0.026, 4, 4, 5, 0, 0, 0, 0, 0
011111, 14.5525, 2.94752, 1.16339, 2.34332, 0.5, 0.026, 4, 4, 5, 0, 0, 0, 0, 0
011110, 15.1025, 5.23677, 1.42904, 2.40024, 0.5, 0.026, 4, 4, 5, 0, 0, 0, 0, 0
111111, 18.8575, 0.500132, 0.000243632, 2.24109, 0.5, 0.026, 4, 4, 5, 0, 0, 0, 0, 0
001101, 17.6974, 2.46685, 0.340868, 2.38866, 0.5, 0.026, 4, 4, 5, 0, 0, 0, 0, 0
001011, 19.4359, 2.45776, 1.09826, 2.42298, 0.5, 0.026, 4, 4, 5, 0, 0, 0, 0, 0
010111, 16.1421, 2.79966, 0.650197, 2.43044, 0.5, 0.026, 4, 4, 5, 0, 0, 0, 0, 0
001110, 17.5535, 1.23897, 0.521864, 2.3738, 0.5, 0.026, 4, 4, 5, 0, 0, 0, 0, 0
000111, 19.9089, 5.5351, 0.117642, 2.46802, 0.5, 0.026, 4, 4, 5, 0, 0, 0, 0, 0
001100, 19.2774, 4.03628, 0.843649, 2.28295, 0.5, 0.026, 4, 4, 5, 0, 0, 0, 0, 0
011011, 17.0517, 4.84671, 1.37815, 2.31128, 0.5, 0.026, 4, 4, 5, 0, 0, 0, 0, 0
011101, 16.1936, 5.62411, 1.38002, 2.30723, 0.5, 0.026, 4, 4, 5, 0, 0, 0, 0, 0
010101, 18.5801, 6.28028, 0.883544, 2.39984, 0.5, 0.026, 4, 4, 5, 0, 0, 0, 0, 0
010110, 18.0518, 4.14989, 1.02996, 2.49933, 0.5, 0.026, 4, 4, 5, 0, 0, 0, 0, 0
011010, 17.8806, 6.98693, 0.884422, 2.38797, 0.5, 0.026, 4, 4, 5, 0, 0, 0, 0, 0
011100, 16.7629, 7.87832, 1.54123, 2.42067, 0.5, 0.026, 4, 4, 5, 0, 0, 0, 0, 0
010100, 19.4228, 8.44544, 1.41851, 2.36835, 0.5, 0.026, 4, 4, 5, 0, 0, 0, 0, 0
011001, 18.1786, 8.89988, 0.932952, 2.36579, 0.5, 0.026, 4, 4, 5, 0, 0, 0, 0, 0
011000, 19.6043, 10.7136, 1.13384, 2.32612, 0.5, 0.026, 4, 4, 5, 0, 0, 0, 0, 0
111011, 21.8763, 1.53672, 0.0840996, 2.26555, 0.5, 0.026, 4, 4, 5, 0, 0, 0, 0, 0
111101, 23.2957, 0.96056, 0.733065, 2.37657, 0.5, 0.026, 4, 4, 5, 0, 0, 0, 0, 0
110111, 21.1649, 2.46533, 0.133958, 2.33736, 0.5, 0.026, 4, 4, 5, 0, 0, 0, 0, 0
111010, 23.7773, 2.40243, 0.0388624, 2.32483, 0.5, 0.026, 4, 4, 5, 0, 0, 0, 0, 0
111110, 21.1316, 0.499987, 1.28495e-06, 2.33568, 0.5, 0.026, 4, 4, 5, 0, 0, 0, 0, 0
110110, 23.2141, 3.33783, 0.0816549, 2.43792, 0.5, 0.026, 4, 4, 5, 0, 0, 0, 0, 0
001001, 21.8905, 4.1036, 0.920443, 2.49601, 0.5, 0.026, 4, 4, 5, 0, 0, 0, 0, 0
000101, 21.7279, 6.84113, 0.176919, 2.32922, 0.5, 0.026, 4, 4, 5, 0, 0, 0, 0, 0
010011, 20.1866, 7.20639, 1.26055, 2.41118, 0.5, 0.026, 4, 4, 5, 0, 0, 0, 0, 0
000011, 23.0954, 7.8202, 2.71567, 2.37992, 0.5, 0.026, 4, 4, 5, 0, 0, 0, 0, 0
001010, 20.8569, 4.35481, 0.87789, 2.3644, 0.5, 0.026, 4, 4, 5, 0, 0, 0, 0, 0
000110, 22.2774, 5.71699, -0.149357, 2.35104, 0.5, 0.026, 4, 4, 5, 0, 0, 0, 0, 0
000100, 23.9415, 6.54312, -0.00531224, 2.31926, 0.5, 0.026, 4, 4, 5, 0, 0, 0, 0, 0
001000, 23.9457, 5.11599, 0.618974, 2.48889, 0.5, 0.026, 4, 4, 5, 0, 0, 0, 0, 0
010010, 20.4911, 9.50232, 1.65766, 2.29963, 0.5, 0.026, 4, 4, 5, 0, 0, 0, 0, 0
010001, 21.5077, 8.49544, 1.47056, 2.41764, 0.5, 0.026, 4, 4, 5, 0, 0, 0, 0, 0
000010, 22.5349, 9.81086, 1.63282, 2.39529, 0.5, 0.026, 4, 4, 5, 0, 0, 0, 0, 0
010000, 21.1932, 10.8422, 2.03676, 2.47271, 0.5, 0.026, 4, 4, 5, 0, 0, 0, 0, 0
000000, 22.6405, 11.5, 3.14159, 2.29055, 0.5, 0.026, 4, 4, 5, 0, 0, 0, 0, 0
111001, 25.5331, 3.52778, 0.351214, 2.32104, 0.5, 0.026, 4, 4, 5, 0, 0, 0, 0, 0
101101, 26.725, 2.60235, -0.0475527, 2.48042, 0.5, 0.026, 4, 4, 5, 0, 0, 0, 0, 0
101111, 25.0255, 0.49999, 1.51066e-05, 2.53863, 0.5, 0.026, 4, 4, 5, 0, 0, 0, 0, 0
111100, 25.4707, 1.56615, 0.102139, 2.35591, 0.5, 0.026, 4, 4, 5, 0, 0, 0, 0, 0
111000, 27.7711, 3.54026, -0.0758843, 2.2927, 0.5, 0.026, 4, 4, 5, 0, 0, 0, 0, 0
101110, 27.3107, 1.24804, 0.625244, 2.43239, 0.5, 0.026, 4, 4, 5, 0, 0, 0, 0, 0
110101, 25.0409, 4.43589, 0.297787, 2.29211, 0.5, 0.026, 4, 4, 5, 0, 0, 0, 0, 0
101001, 26.5878, 6.29287, 1.50405, 2.37468, 0.5, 0.026, 4, 4, 5, 0, 0, 0, 0, 0
100110, 27.7184, 7.40804, 2.37388, 2.4132, 0.5, 0.026, 4, 4, 5, 0, 0, 0, 0, 0
110011, 25.5801, 6.34767, 1.52795, 2.49046, 0.5, 0.026, 4, 4, 5, 0, 0, 0, 0, 0
110100, 27.2929, 4.57176, -0.0743784, 2.2962, 0.5, 0.026, 4, 4, 5, 0, 0, 0, 0, 0
000001, 24.1675, 10.5202, 3.1395, 2.37504, 0.5, 0.026, 4, 4, 5, 0, 0, 0, 0, 0
101000, 26.2937, 8.5413, 1.44377, 2.34887, 0.5, 0.026, 4, 4, 5, 0, 0, 0, 0, 0
110001, 24.0542, 9.12933, 0.619031, 2.38706, 0.5, 0.026, 4, 4, 5, 0, 0, 0, 0, 0
100001, 27.9289, 11.5, 3.14158, 2.47619, 0.5, 0.026, 4, 4, 5, 0, 0, 0, 0, 0
110010, 25.0249, 8.18549, 1.13387, 2.45412, 0.5, 0.026, 4, 4, 5, 0, 0, 0, 0, 0
100100, 27.5136, 9.22326, 2.10401, 2.28361, 0.5, 0.026, 4, 4, 5, 0, 0, 0, 0, 0
110000, 26.1273, 10.2398, 0.624254, 2.38999, 0.5, 0.026, 4, 4, 5, 0, 0, 0, 0, 0
100000, 25.4583, 11.5, 3.14158, 2.44279, 0.5, 0.026, 4, 4, 5, 0, 0, 0, 0, 0
101100, 29.0488, 2.13542, -0.536743, 2.37472, 0.5, 0.026, 4, 4, 5, 0, 0, 0, 0, 0
101011, 29.3977, 3.67352, 1.86475, 2.48966, 0.5, 0.026, 4, 4, 5, 0, 0, 0, 0, 0
101010, 28.1084, 5.69601, 2.41831, 2.42799, 0.5, 0.026, 4, 4, 5, 0, 0, 0, 0, 0
100101, 29.0709, 7.53962, 2.43398, 2.35918, 0.5, 0.026, 4, 4, 5, 0, 0, 0, 0, 0
100111, 29.4967, 5.76328, 2.32236, 2.45318, 0.5, 0.026, 4, 4, 5, 0, 0, 0, 0, 0
100010, 28.3792, 10.1073, 2.49544, 2.35769, 0.5, 0.026, 4, 4, 5, 0, 0, 0, 0, 0
100011, 29.6964, 8.31058, 2.43345, 2.33193, 0.5, 0.026, 4, 4, 5, 0, 0, 0, 0, 0

010111, 15.3888, 2.6537, 0.553578, 2.76785, 0.5, 0.026, 4, 4, 5, 0, 0, 0, 0, 0
001111, 15.0487, 1.14378, 0.698263, 2.61467, 0.5, 0.026, 4, 4, 5, 0, 0, 0, 0, 0
011111, 14.0689, 3.05305, 0.866987, 2.66864, 0.5, 0.026, 4, 4, 5, 0, 0, 0, 0, 0
011101, 15.5919, 5.51503, 1.3482, 2.62754, 0.5, 0.026, 4, 4, 5, 0, 0, 0, 0, 0
011110, 14.5841, 5.51399, 1.36207, 2.73346, 0.5, 0.026, 4, 4, 5, 0, 0, 0, 0, 0
011100, 15.9369, 8.12047, 1.73595, 2.75673, 0.5, 0.026, 4, 4, 5, 0, 0, 0, 0, 0
111111, 18.3511, 0.499705, -8.971e-06, 2.55222, 0.5, 0.026, 4, 4, 5, 0, 0, 0, 0, 0
001101, 17.3133, 2.50781, 0.383146, 2.72027, 0.5, 0.026, 4, 4, 5, 0, 0, 0, 0, 0
001011, 19.1361, 2.34029, 1.44138, 2.75935, 0.5, 0.026, 4, 4, 5, 0, 0, 0, 0, 0
001110, 17.2745, 1.43234, 0.387582, 2.70335, 0.5, 0.026, 4, 4, 5, 0, 0, 0, 0, 0
010011, 19.7718, 7.54724, 1.33453, 2.74592, 0.5, 0.026, 4, 4, 5, 0, 0, 0, 0, 0
000111, 19.6492, 5.70909, -0.0662835, 2.81065, 0.5, 0.026, 4, 4, 5, 0, 0, 0, 0, 0
001100, 19.0238, 4.25497, 0.634455, 2.59989, 0.5, 0.026, 4, 4, 5, 0, 0, 0, 0, 0
011011, 16.4605, 4.89161, 1.34701, 2.63215, 0.5, 0.026, 4, 4, 5, 0, 0, 0, 0, 0
010101, 18.1445, 6.62263, 0.875516, 2.733, 0.5, 0.026, 4, 4, 5, 0, 0, 0, 0, 0
010110, 17.5389, 4.27485, 1.03108, 2.84631, 0.5, 0.026, 4, 4, 5, 0, 0, 0, 0, 0
011010, 17.4267, 7.30795, 0.872861, 2.71949, 0.5, 0.026, 4, 4, 5, 0, 0, 0, 0, 0
010100, 19.0046, 9.09588, 1.47963, 2.69714, 0.5, 0.026, 4, 4, 5, 0, 0, 0, 0, 0
011001, 17.483, 8.89175, 0.838818, 2.69423, 0.5, 0.026, 4, 4, 5, 0, 0, 0, 0, 0
011000, 18.6819, 11.0062, 0.642096, 2.64905, 0.5, 0.026, 4, 4, 5, 0, 0, 0, 0, 0
111011, 21.5544, 1.46455, 0.0324796, 2.58008, 0.5, 0.026, 4, 4, 5, 0, 0, 0, 0, 0
111101, 23.4338, 1.01121, 0.642417, 2.70651, 0.5, 0.026, 4, 4, 5, 0, 0, 0, 0, 0
110111, 20.9627, 2.39953, 0.0611255, 2.66185, 0.5, 0.026, 4, 4, 5, 0, 0, 0, 0, 0
111010, 23.6008, 2.45338, 0.0904516, 2.64758, 0.5, 0.026, 4, 4, 5, 0, 0, 0, 0, 0
111110, 20.9404, 0.499891, -3.94409e-06, 2.65994, 0.5, 0.026, 4, 4, 5, 0, 0, 0, 0, 0
110110, 23.2056, 3.38224, 0.113647, 2.77637, 0.5, 0.026, 4, 4, 5, 0, 0, 0, 0, 0
001001, 21.7091, 4.0732, 0.843757, 2.84253, 0.5, 0.026, 4, 4, 5, 0, 0, 0, 0, 0
000101, 21.3827, 6.76245, 0.149763, 2.65258, 0.5, 0.026, 4, 4, 5, 0, 0, 0, 0, 0
000011, 22.9161, 7.72952, 2.92416, 2.71032, 0.5, 0.026, 4, 4, 5, 0, 0, 0, 0, 0
001010, 20.6653, 4.34138, 0.797592, 2.69264, 0.5, 0.026, 4, 4, 5, 0, 0, 0, 0, 0
000110, 22.5125, 5.72685, -0.118688, 2.67743, 0.5, 0.026, 4, 4, 5, 0, 0, 0, 0, 0
000100, 23.9679, 6.51195, -0.171766, 2.64124, 0.5, 0.026, 4, 4, 5, 0, 0, 0, 0, 0
001000, 23.9916, 4.8812, 0.585595, 2.83442, 0.5, 0.026, 4, 4, 5, 0, 0, 0, 0, 0
010010, 20.1926, 9.91945, 2.02931, 2.61889, 0.5, 0.026, 4, 4, 5, 0, 0, 0, 0, 0
010001, 21.2425, 8.43119, 1.06093, 2.75327, 0.5, 0.026, 4, 4, 5, 0, 0, 0, 0, 0
000010, 22.6345, 9.65679, 1.60426, 2.72782, 0.5, 0.026, 4, 4, 5, 0, 0, 0, 0, 0
010000, 21.0026, 10.8404, 2.32839, 2.81599, 0.5, 0.026, 4, 4, 5, 0, 0, 0, 0, 0
000000, 22.5423, 11.5001, 3.14157, 2.60854, 0.5, 0.026, 4, 4, 5, 0, 0, 0, 0, 0
111001, 25.8705, 3.40687, 0.15801, 2.64327, 0.5, 0.026, 4, 4, 5, 0, 0, 0, 0, 0
101101, 26.9642, 2.37844, -0.0774033, 2.82477, 0.5, 0.026, 4, 4, 5, 0, 0, 0, 0, 0
101111, 25.3227, 0.499784, 2.43788e-05, 2.89106, 0.5, 0.026, 4, 4, 5, 0, 0, 0, 0, 0
111100, 25.9492, 1.47078, 0.00675783, 2.68298, 0.5, 0.026, 4, 4, 5, 0, 0, 0, 0, 0
110101, 25.5437, 4.33471, 0.154281, 2.61032, 0.5, 0.026, 4, 4, 5, 0, 0, 0, 0, 0
101001, 26.7549, 6.20669, 1.55343, 2.70435, 0.5, 0.026, 4, 4, 5, 0, 0, 0, 0, 0
110011, 25.7663, 6.27875, 1.54947, 2.8362, 0.5, 0.026, 4, 4, 5, 0, 0, 0, 0, 0
000001, 24.4456, 10.5216, 3.17817, 2.70477, 0.5, 0.026, 4, 4, 5, 0, 0, 0, 0, 0
101000, 26.7069, 8.74664, 1.19427, 2.67496, 0.5, 0.026, 4, 4, 5, 0, 0, 0, 0, 0
110001, 24.3189, 9.07305, 0.617175, 2.71845, 0.5, 0.026, 4, 4, 5, 0, 0, 0, 0, 0
110010, 25.2146, 8.12805, 0.988577, 2.79482, 0.5, 0.026, 4, 4, 5, 0, 0, 0, 0, 0
110000, 26.5391, 10.4797, 0.857621, 2.72179, 0.5, 0.026, 4, 4, 5, 0, 0, 0, 0, 0
100000, 25.2258, 11.5002, 3.14156, 2.78192, 0.5, 0.026, 4, 4, 5, 0, 0, 0, 0, 0
101110, 28.0222, 0.936952, 0.516355, 2.77007, 0.5, 0.026, 4, 4, 5, 0, 0, 0, 0, 0
111000, 28.4354, 3.36151, 0.0979152, 2.611, 0.5, 0.026, 4, 4, 5, 0, 0, 0, 0, 0
101100, 29.6946, 1.98989, -0.529046, 2.7044, 0.5, 0.026, 4, 4, 5, 0, 0, 0, 0, 0
101011, 30.1998, 3.691, 1.73723, 2.8353, 0.5, 0.026, 4, 4, 5, 0, 0, 0, 0, 0
100110, 28.0477, 7.45144, 2.19382, 2.74822, 0.5, 0.026, 4, 4, 5, 0, 0, 0, 0, 0
110100, 28.1269, 4.47492, -0.0889258, 2.61498, 0.5, 0.026, 4, 4, 5, 0, 0, 0, 0, 0
101010, 28.5416, 5.66259, 2.71786, 2.76506, 0.5, 0.026, 4, 4, 5, 0, 0, 0, 0, 0
100101, 29.615, 7.55748, 2.61123, 2.6867, 0.5, 0.026, 4, 4, 5, 0, 0, 0, 0, 0
100111, 30.1883, 5.8775, 2.4241, 2.79375, 0.5, 0.026, 4, 4, 5, 0, 0, 0, 0, 0
100100, 28.0464, 9.55534, 1.9218, 2.60064, 0.5, 0.026, 4, 4, 5, 0, 0, 0, 0, 0
100001, 28.9282, 11.5, 3.14159, 2.81996, 0.5, 0.026, 4, 4, 5, 0, 0, 0, 0, 0
100010, 29.4418, 10.0336, 2.54015, 2.685, 0.5, 0.026, 4, 4, 5, 0, 0, 0, 0, 0
100011, 30.0255, 8.46735, 2.60922, 2.65567, 0.5, 0.026, 4, 4, 5, 0, 0, 0, 0, 0

010111, 14.3268, 2.4091, 0.664429, 3.15211, 0.5, 0.026, 4, 4, 5, 0, 0, 0, 0, 0
001111, 14.0724, 0.931278, 0.451321, 2.97766, 0.5, 0.026, 4, 4, 5, 0, 0, 0, 0, 0
011111, 13.5634, 3.06082, 0.653201, 3.03912, 0.5, 0.026, 4, 4, 5, 0, 0, 0, 0, 0
011011, 15.5781, 5.01408, 1.27738, 2.99756, 0.5, 0.026, 4, 4, 5, 0, 0, 0, 0, 0
011101, 14.7368, 5.62431, 1.27827, 2.99232, 0.5, 0.026, 4, 4, 5, 0, 0, 0, 0, 0
011110, 13.7511, 5.7562, 1.28746, 3.11295, 0.5, 0.026, 4, 4, 5, 0, 0, 0, 0, 0
011100, 15.2605, 8.56489, 1.6872, 3.13944, 0.5, 0.026, 4, 4, 5, 0, 0, 0, 0, 0
111111, 17.6813, 0.49993, -8.69393e-06, 2.90654, 0.5, 0.026, 4, 4, 5, 0, 0, 0, 0, 0
001101, 16.5269, 2.58375, 0.44273, 3.09792, 0.5, 0.026, 4, 4, 5, 0, 0, 0, 0, 0
001011, 18.7755, 2.33987, 1.92645, 3.14243, 0.5, 0.026, 4, 4, 5, 0, 0, 0, 0, 0
001110, 16.8764, 1.65705, 0.443489, 3.07865, 0.5, 0.026, 4, 4, 5, 0, 0, 0, 0, 0
010011, 19.5521, 7.98149, 1.23271, 3.12714, 0.5, 0.026, 4, 4, 5, 0, 0, 0, 0, 0
000111, 19.3756, 5.89419, -0.282214, 3.20085, 0.5, 0.026, 4, 4, 5, 0, 0, 0, 0, 0
001100, 18.5184, 4.46097, 0.437784, 2.96083, 0.5, 0.026, 4, 4, 5, 0, 0, 0, 0, 0
010101, 17.6019, 6.88792, 0.747781, 3.11242, 0.5, 0.026, 4, 4, 5, 0, 0, 0, 0, 0
010110, 16.7059, 4.4014, 0.979002, 3.24145, 0.5, 0.026, 4, 4, 5, 0, 0, 0, 0, 0
011010, 16.951, 7.62483, 0.747963, 3.09703, 0.5, 0.026, 4, 4, 5, 0, 0, 0, 0, 0
010010, 19.7993, 10.189, 2.62111, 2.98246, 0.5, 0.026, 4, 4, 5, 0, 0, 0, 0, 0
010100, 18.3358, 9.49725, 1.93772, 3.07158, 0.5, 0.026, 4, 4, 5, 0, 0, 0, 0, 0
011001, 16.637, 9.32627, 1.22286, 3.06827, 0.5, 0.026, 4, 4, 5, 0, 0, 0, 0, 0
011000, 17.3821, 11.3806, 0.11873, 3.01682, 0.5, 0.026, 4, 4, 5, 0, 0, 0, 0, 0
001001, 21.5175, 3.97043, 0.618073, 3.23717, 0.5, 0.026, 4, 4, 5, 0, 0, 0, 0, 0
111011, 21.3998, 1.45405, 0.0375767, 2.93827, 0.5, 0.026, 4, 4, 5, 0, 0, 0, 0, 0
111101, 23.5459, 1.01095, 0.512975, 3.08225, 0.5, 0.026, 4, 4, 5, 0, 0, 0, 0, 0
110111, 20.8441, 2.37312, 0.062706, 3.03139, 0.5, 0.026, 4, 4, 5, 0, 0, 0, 0, 0
111010, 23.8512, 2.46638, 0.0461006, 3.01514, 0.5, 0.026, 4, 4, 5, 0, 0, 0, 0, 0
111110, 20.6466, 0.49921, -6.42533e-05, 3.02921, 0.5, 0.026, 4, 4, 5, 0, 0, 0, 0, 0
110110, 23.3715, 3.39223, 0.077158, 3.16181, 0.5, 0.026, 4, 4, 5, 0, 0, 0, 0, 0
000101, 21.1556, 6.62356, -0.061089, 3.02083, 0.5, 0.026, 4, 4, 5, 0, 0, 0, 0, 0
000011, 22.6302, 7.52055, 3.10366, 3.08659, 0.5, 0.026, 4, 4, 5, 0, 0, 0, 0, 0
001010, 20.2031, 4.20907, 0.534057, 3.06646, 0.5, 0.026, 4, 4, 5, 0, 0, 0, 0, 0
000110, 22.441, 5.59995, -0.0416892, 3.04913, 0.5, 0.026, 4, 4, 5, 0, 0, 0, 0, 0
010001, 21.0597, 8.5297, 0.980948, 3.1355, 0.5, 0.026, 4, 4, 5, 0, 0, 0, 0, 0
000010, 22.6225, 9.50986, 1.67388, 3.10652, 0.5, 0.026, 4, 4, 5, 0, 0, 0, 0, 0
010000, 20.4475, 10.932, 2.60089, 3.20693, 0.5, 0.026, 4, 4, 5, 0, 0, 0, 0, 0
000000, 22.3863, 11.501, 3.14159, 2.97068, 0.5, 0.026, 4, 4, 5, 0, 0, 0, 0, 0
111001, 26.4247, 3.31635, -0.00493834, 3.01023, 0.5, 0.026, 4, 4, 5, 0, 0, 0, 0, 0
101101, 27.0237, 2.39715, 0.035649, 3.21693, 0.5, 0.026, 4, 4, 5, 0, 0, 0, 0, 0
101111, 25.7658, 0.499503, 2.53218e-05, 3.29242, 0.5, 0.026, 4, 4, 5, 0, 0, 0, 0, 0
111100, 26.4532, 1.43953, 0.0871408, 3.05546, 0.5, 0.026, 4, 4, 5, 0, 0, 0, 0, 0
000100, 24.1528, 6.52252, -0.00604671, 3.00792, 0.5, 0.026, 4, 4, 5, 0, 0, 0, 0, 0
001000, 24.3157, 4.95274, 0.559076, 3.22792, 0.5, 0.026, 4, 4, 5, 0, 0, 0, 0, 0
110101, 26.0654, 4.27305, -0.0122161, 2.97271, 0.5, 0.026, 4, 4, 5, 0, 0, 0, 0, 0
101001, 27.3961, 6.25305, 1.42433, 3.07979, 0.5, 0.026, 4, 4, 5, 0, 0, 0, 0, 0
110011, 26.1641, 6.36266, 1.66345, 3.22995, 0.5, 0.026, 4, 4, 5, 0, 0, 0, 0, 0
000001, 24.5565, 10.521, 3.18039, 3.08027, 0.5, 0.026, 4, 4, 5, 0, 0, 0, 0, 0
101000, 27.2875, 8.9415, 1.16984, 3.04632, 0.5, 0.026, 4, 4, 5, 0, 0, 0, 0, 0
110001, 24.5894, 9.02622, 0.568069, 3.09585, 0.5, 0.026, 4, 4, 5, 0, 0, 0, 0, 0
110010, 25.4528, 8.24947, 0.747665, 3.18282, 0.5, 0.026, 4, 4, 5, 0, 0, 0, 0, 0
110000, 27.1308, 10.7181, 0.790372, 3.09965, 0.5, 0.026, 4, 4, 5, 0, 0, 0, 0, 0
100000, 25.44, 11.5003, 3.14162, 3.16813, 0.5, 0.026, 4, 4, 5, 0, 0, 0, 0, 0
101110, 28.9649, 0.648137, 0.137943, 3.15464, 0.5, 0.026, 4, 4, 5, 0, 0, 0, 0, 0
111000, 29.3606, 3.26565, -0.219343, 2.97348, 0.5, 0.026, 4, 4, 5, 0, 0, 0, 0, 0
101100, 30.0705, 1.86901, -0.424572, 3.07984, 0.5, 0.026, 4, 4, 5, 0, 0, 0, 0, 0
101011, 31.2973, 3.49978, 1.6107, 3.22892, 0.5, 0.026, 4, 4, 5, 0, 0, 0, 0, 0
100110, 28.5415, 7.44226, 1.95277, 3.12975, 0.5, 0.026, 4, 4, 5, 0, 0, 0, 0, 0
110100, 28.9593, 4.37371, -0.209925, 2.97801, 0.5, 0.026, 4, 4, 5, 0, 0, 0, 0, 0
101010, 29.3357, 5.33517, 2.90418, 3.14893, 0.5, 0.026, 4, 4, 5, 0, 0, 0, 0, 0
100101, 30.3757, 7.34045, 2.66389, 3.05969, 0.5, 0.026, 4, 4, 5, 0, 0, 0, 0, 0
100111, 30.8915, 5.93695, 2.64965, 3.1816, 0.5, 0.026, 4, 4, 5, 0, 0, 0, 0, 0
100100, 28.784, 9.66141, 1.88332, 2.96169, 0.5, 0.026, 4, 4, 5, 0, 0, 0, 0, 0
100001, 29.9686, 11.5, 3.14159, 3.21145, 0.5, 0.026, 4, 4, 5, 0, 0, 0, 0, 0
100010, 30.4514, 10.0144, 2.6387, 3.05775, 0.5, 0.026, 4, 4, 5, 0, 0, 0, 0, 0
100011, 30.772, 8.49502, 2.45365, 3.02435, 0.5, 0.026, 4, 4, 5, 0, 0, 0, 0, 0

001110, 15.9545, 1.60048, 0.439029, 3.50606, 0.5, 0.026, 4, 4, 5, 0, 0, 0, 0, 0
001101, 15.4059, 2.42246, 0.440322, 3.528, 0.5, 0.026, 4, 4, 5, 0, 0, 0, 0, 0
010111, 13.0667, 2.29263, 0.570847, 3.58971, 0.5, 0.026, 4, 4, 5, 0, 0, 0, 0, 0
001111, 12.6733, 0.715546, 0.18129, 3.39104, 0.5, 0.026, 4, 4, 5, 0, 0, 0, 0, 0
011111, 12.3888, 3.02391, 0.561514, 3.46104, 0.5, 0.026, 4, 4, 5, 0, 0, 0, 0, 0
010110, 15.7034, 4.53898, 1.08035, 3.69146, 0.5, 0.026, 4, 4, 5, 0, 0, 0, 0, 0
011011, 14.7981, 5.17984, 1.18033, 3.41371, 0.5, 0.026, 4, 4, 5, 0, 0, 0, 0, 0
011101, 13.9734, 5.78628, 1.18443, 3.40773, 0.5, 0.026, 4, 4, 5, 0, 0, 0, 0, 0
011110, 12.9304, 5.89993, 1.20315, 3.54511, 0.5, 0.026, 4, 4, 5, 0, 0, 0, 0, 0
011001, 15.3114, 9.34073, 1.23315, 3.49423, 0.5, 0.026, 4, 4, 5, 0, 0, 0, 0, 0
011100, 14.2345, 9.1996, 1.24895, 3.57528, 0.5, 0.026, 4, 4, 5, 0, 0, 0, 0, 0
111111, 17.0461, 0.499679, -6.78259e-06, 3.31005, 0.5, 0.026, 4, 4, 5, 0, 0, 0, 0, 0
001011, 18.1179, 2.33342, 2.14166, 3.57869, 0.5, 0.026, 4, 4, 5, 0, 0, 0, 0, 0
001010, 19.6375, 4.03735, 0.356211, 3.49218, 0.5, 0.026, 4, 4, 5, 0, 0, 0, 0, 0
010011, 19.0883, 7.90571, 0.92592, 3.56127, 0.5, 0.026, 4, 4, 5, 0, 0, 0, 0, 0
000111, 18.5384, 5.8406, -0.220352, 3.64522, 0.5, 0.026, 4, 4, 5, 0, 0, 0, 0, 0
001100, 17.7669, 4.4978, 0.246566, 3.37188, 0.5, 0.026, 4, 4, 5, 0, 0, 0, 0, 0
010101, 17.1591, 7.48529, 0.681551, 3.54451, 0.5, 0.026, 4, 4, 5, 0, 0, 0, 0, 0
011010, 16.3409, 8.07333, 0.67969, 3.52699, 0.5, 0.026, 4, 4, 5, 0, 0, 0, 0, 0
010000, 19.902, 10.9671, 2.72802, 3.65215, 0.5, 0.026, 4, 4, 5, 0, 0, 0, 0, 0
010010, 19.3158, 10.1947, 2.75365, 3.39651, 0.5, 0.026, 4, 4, 5, 0, 0, 0, 0, 0
010100, 17.7264, 9.79121, 2.52842, 3.49801, 0.5, 0.026, 4, 4, 5, 0, 0, 0, 0, 0
011000, 16.4782, 11.5, -1.32119e-05, 3.43564, 0.5, 0.026, 4, 4, 5, 0, 0, 0, 0, 0
001001, 21.4905, 3.75416, 0.374796, 3.68658, 0.5, 0.026, 4, 4, 5, 0, 0, 0, 0, 0
111011, 20.9514, 1.4138, 0.0141587, 3.34618, 0.5, 0.026, 4, 4, 5, 0, 0, 0, 0, 0
111101, 23.982, 1.06285, 0.465038, 3.51015, 0.5, 0.026, 4, 4, 5, 0, 0, 0, 0, 0
110111, 20.5297, 2.33262, 0.0330015, 3.45224, 0.5, 0.026, 4, 4, 5, 0, 0, 0, 0, 0
111010, 23.9286, 2.39572, 0.181699, 3.43373, 0.5, 0.026, 4, 4, 5, 0, 0, 0, 0, 0
111110, 20.6574, 0.49745, 2.1131e-05, 3.44975, 0.5, 0.026, 4, 4, 5, 0, 0, 0, 0, 0
110110, 23.6963, 3.32085, 0.185803, 3.60076, 0.5, 0.026, 4, 4, 5, 0, 0, 0, 0, 0
000101, 21.1019, 6.37246, -0.115332, 3.44021, 0.5, 0.026, 4, 4, 5, 0, 0, 0, 0, 0
000011, 22.3399, 7.20936, 3.0371, 3.5151, 0.5, 0.026, 4, 4, 5, 0, 0, 0, 0, 0
000110, 22.0319, 5.29994, -0.114044, 3.47244, 0.5, 0.026, 4, 4, 5, 0, 0, 0, 0, 0
010001, 20.7345, 8.50254, 0.931571, 3.5708, 0.5, 0.026, 4, 4, 5, 0, 0, 0, 0, 0
000010, 22.5278, 9.33724, 1.78597, 3.5378, 0.5, 0.026, 4, 4, 5, 0, 0, 0, 0, 0
000000, 22.2528, 11.5032, 3.14163, 3.3831, 0.5, 0.026, 4, 4, 5, 0, 0, 0, 0, 0
111001, 27.1136, 3.28951, 0.0665912, 3.42813, 0.5, 0.026, 4, 4, 5, 0, 0, 0, 0, 0
101101, 27.3586, 2.35584, 0.0834296, 3.66353, 0.5, 0.026, 4, 4, 5, 0, 0, 0, 0, 0
101111, 26.3964, 0.498787, -7.84943e-05, 3.7495, 0.5, 0.026, 4, 4, 5, 0, 0, 0, 0, 0
111100, 27.2612, 1.398, 0.097406, 3.47964, 0.5, 0.026, 4, 4, 5, 0, 0, 0, 0, 0
000100, 24.5435, 6.20811, 0.0824758, 3.4255, 0.5, 0.026, 4, 4, 5, 0, 0, 0, 0, 0
001000, 24.944, 4.8619, 0.424337, 3.67605, 0.5, 0.026, 4, 4, 5, 0, 0, 0, 0, 0
110101, 26.94, 4.22326, 0.064297, 3.3854, 0.5, 0.026, 4, 4, 5, 0, 0, 0, 0, 0
110011, 26.792, 6.41631, 1.99393, 3.67836, 0.5, 0.026, 4, 4, 5, 0, 0, 0, 0, 0
000001, 24.5465, 10.5241, 3.19113, 3.5079, 0.5, 0.026, 4, 4, 5, 0, 0, 0, 0, 0
101000, 27.7859, 9.14739, 0.96008, 3.46923, 0.5, 0.026, 4, 4, 5, 0, 0, 0, 0, 0
110001, 24.7439, 8.84551, 0.673014, 3.52565, 0.5, 0.026, 4, 4, 5, 0, 0, 0, 0, 0
110010, 25.5262, 8.26668, 0.683062, 3.62468, 0.5, 0.026, 4, 4, 5, 0, 0, 0, 0, 0
110000, 27.6904, 10.7852, 0.600552, 3.52997, 0.5, 0.026, 4, 4, 5, 0, 0, 0, 0, 0
100000, 25.7229, 11.5012, 3.14166, 3.60796, 0.5, 0.026, 4, 4, 5, 0, 0, 0, 0, 0
101110, 30.0462, 0.527851, -0.0215113, 3.59259, 0.5, 0.026, 4, 4, 5, 0, 0, 0, 0, 0
111000, 30.4289, 2.97383, -0.352119, 3.38628, 0.5, 0.026, 4, 4, 5, 0, 0, 0, 0, 0
101100, 30.8047, 1.75591, -0.367214, 3.50741, 0.5, 0.026, 4, 4, 5, 0, 0, 0, 0, 0
101001, 28.1645, 6.51705, 1.68628, 3.50736, 0.5, 0.026, 4, 4, 5, 0, 0, 0, 0, 0
100110, 29.0369, 7.68221, 1.72972, 3.56425, 0.5, 0.026, 4, 4, 5, 0, 0, 0, 0, 0
110100, 30.2502, 4.1563, -0.265214, 3.39144, 0.5, 0.026, 4, 4, 5, 0, 0, 0, 0, 0
101010, 30.5161, 5.09893, 2.87566, 3.58609, 0.5, 0.026, 4, 4, 5, 0, 0, 0, 0, 0
100101, 31.3231, 7.05158, 2.94704, 3.48447, 0.5, 0.026, 4, 4, 5, 0, 0, 0, 0, 0
100111, 31.506, 5.98776, 2.96935, 3.62329, 0.5, 0.026, 4, 4, 5, 0, 0, 0, 0, 0
100100, 29.7174, 9.42571, 1.84134, 3.37285, 0.5, 0.026, 4, 4, 5, 0, 0, 0, 0, 0
100001, 31.053, 11.5, 3.14158, 3.65729, 0.5, 0.026, 4, 4, 5, 0, 0, 0, 0, 0
100010, 31.5775, 10.0133, 2.72734, 3.48226, 0.5, 0.026, 4, 4, 5, 0, 0, 0, 0, 0
100011, 31.7435, 8.53664, 2.48253, 3.44422, 0.5, 0.026, 4, 4, 5, 0, 0, 0, 0, 0
101011, 32.648, 3.44205, 1.49177, 3.67718, 0.5, 0.026, 4, 4, 5, 0, 0, 0, 0, 0

0101111, 11.0208, 1.68474, 0.415047, 2.08664, 0.5, 0.026, 4, 4, 5, 0, 0, 0, 0, 0
001111, 11.7077, 0.5, -4.88148e-07, 3.86181, 0.5, 0.026, 4, 4, 5, 0, 0, 0, 0, 0
011111, 11.0029, 2.73579, 0.454876, 3.94153, 0.5, 0.026, 4, 4, 5, 0, 0, 0, 0, 0
0111101, 11.7485, 4.74808, 1.25646, 1.97657, 0.5, 0.026, 4, 4, 5, 0, 0, 0, 0, 0
0011011, 13.7837, 1.93925, 0.506334, 2.04675, 0.5, 0.026, 4, 4, 5, 0, 0, 0, 0, 0
0101101, 14.7027, 3.57623, 0.79618, 2.09686, 0.5, 0.026, 4, 4, 5, 0, 0, 0, 0, 0
001110, 15.332, 1.67643, 0.504367, 3.9928, 0.5, 0.026, 4, 4, 5, 0, 0, 0, 0, 0
0011010, 15.5687, 2.87771, 0.56786, 1.97103, 0.5, 0.026, 4, 4, 5, 0, 0, 0, 0, 0
0101110, 12.8636, 2.55174, 0.482797, 2.00142, 0.5, 0.026, 4, 4, 5, 0, 0, 0, 0, 0
0110101, 14.8791, 7.67349, 0.542642, 1.96234, 0.5, 0.026, 4, 4, 5, 0, 0, 0, 0, 0
0101011, 15.914, 7.09854, 0.578921, 2.02791, 0.5, 0.026, 4, 4, 5, 0, 0, 0, 0, 0
0101100, 15.0878, 5.36951, 0.964148, 2.10708, 0.5, 0.026, 4, 4, 5, 0, 0, 0, 0, 0
011011, 14.0351, 5.09527, 1.19315, 3.88763, 0.5, 0.026, 4, 4, 5, 0, 0, 0, 0, 0
011101, 13.1052, 5.67501, 1.25155, 3.88082, 0.5, 0.026, 4, 4, 5, 0, 0, 0, 0, 0
0111100, 12.3917, 6.65729, 1.25367, 2.0607, 0.5, 0.026, 4, 4, 5, 0, 0, 0, 0, 0
0111001, 12.6713, 8.54243, 0.921642, 2.01375, 0.5, 0.026, 4, 4, 5, 0, 0, 0, 0, 0
011001, 14.3435, 9.27029, 0.989689, 3.97933, 0.5, 0.026, 4, 4, 5, 0, 0, 0, 0, 0
0111000, 13.8139, 10.1992, 1.17131, 2.05788, 0.5, 0.026, 4, 4, 5, 0, 0, 0, 0, 0
0010111, 17.8492, 1.97577, 1.9813, 2.06946, 0.5, 0.026, 4, 4, 5, 0, 0, 0, 0, 0
111111, 16.594, 0.499894, 7.37696e-06, 3.76958, 0.5, 0.026, 4, 4, 5, 0, 0, 0, 0, 0
0010110, 16.8526, 3.7374, 2.04473, 2.00605, 0.5, 0.026, 4, 4, 5, 0, 0, 0, 0, 0
0100111, 17.7591, 7.08676, 0.603045, 2.06281, 0.5, 0.026, 4, 4, 5, 0, 0, 0, 0, 0
0100011, 19.5576, 7.33662, 0.567767, 2.00699, 0.5, 0.026, 4, 4, 5, 0, 0, 0, 0, 0
0001111, 16.9156, 5.85481, -0.212539, 2.07308, 0.5, 0.026, 4, 4, 5, 0, 0, 0, 0, 0
001010, 19.3226, 4.07491, 0.0545892, 3.97699, 0.5, 0.026, 4, 4, 5, 0, 0, 0, 0, 0
0001110, 18.8088, 6.05536, -0.352482, 2.07819, 0.5, 0.026, 4, 4, 5, 0, 0, 0, 0, 0
001100, 17.4816, 4.99536, -0.0215316, 3.83999, 0.5, 0.026, 4, 4, 5, 0, 0, 0, 0, 0
0110100, 16.5768, 8.71421, 0.538755, 2.05429, 0.5, 0.026, 4, 4, 5, 0, 0, 0, 0, 0
0101010, 17.605, 8.18379, 0.630034, 2.00868, 0.5, 0.026, 4, 4, 5, 0, 0, 0, 0, 0
0100110, 19.3448, 8.3634, 0.573165, 1.99287, 0.5, 0.026, 4, 4, 5, 0, 0, 0, 0, 0
0100000, 19.0385, 11.4634, 3.07491, 2.09911, 0.5, 0.026, 4, 4, 5, 0, 0, 0, 0, 0
010010, 19.2922, 10.0458, 2.71036, 3.86804, 0.5, 0.026, 4, 4, 5, 0, 0, 0, 0, 0
010100, 17.4818, 9.8536, 2.67874, 3.98363, 0.5, 0.026, 4, 4, 5, 0, 0, 0, 0, 0
011000, 16.0384, 11.5002, -1.5768e-05, 3.9126, 0.5, 0.026, 4, 4, 5, 0, 0, 0, 0, 0
1101101, 23.1212, 2.52221, 0.037463, 2.04642, 0.5, 0.026, 4, 4, 5, 0, 0, 0, 0, 0
0010011, 20.3175, 3.21302, -0.124854, 2.07318, 0.5, 0.026, 4, 4, 5, 0, 0, 0, 0, 0
0010010, 22.2382, 3.59133, -0.180637, 2.1252, 0.5, 0.026, 4, 4, 5, 0, 0, 0, 0, 0
111011, 20.4575, 1.50289, -0.00467422, 3.81072, 0.5, 0.026, 4, 4, 5, 0, 0, 0, 0, 0
110111, 20.1405, 2.53324, -0.0260211, 3.93151, 0.5, 0.026, 4, 4, 5, 0, 0, 0, 0, 0
111110, 20.4214, 0.500264, -0.000179678, 3.92868, 0.5, 0.026, 4, 4, 5, 0, 0, 0, 0, 0
0000111, 23.3031, 6.38948, 2.72764, 2.04317, 0.5, 0.026, 4, 4, 5, 0, 0, 0, 0, 0
000101, 21.4472, 6.02, -0.33891, 3.91781, 0.5, 0.026, 4, 4, 5, 0, 0, 0, 0, 0
0000110, 21.4428, 7.09179, 2.78757, 1.95992, 0.5, 0.026, 4, 4, 5, 0, 0, 0, 0, 0
000110, 21.5987, 4.93109, -0.332495, 3.95451, 0.5, 0.026, 4, 4, 5, 0, 0, 0, 0, 0
0000101, 22.7628, 8.07799, 1.80639, 1.98647, 0.5, 0.026, 4, 4, 5, 0, 0, 0, 0, 0
0100001, 20.6391, 10.4567, 2.87399, 2.06006, 0.5, 0.026, 4, 4, 5, 0, 0, 0, 0, 0
0100010, 21.1478, 8.61313, 0.708423, 2.05954, 0.5, 0.026, 4, 4, 5, 0, 0, 0, 0, 0
0000100, 22.2459, 10.0118, 1.82566, 2.04247, 0.5, 0.026, 4, 4, 5, 0, 0, 0, 0, 0
000000, 22.0355, 11.5, 3.1416, 3.85277, 0.5, 0.026, 4, 4, 5, 0, 0, 0, 0, 0
1101100, 24.7994, 3.52826, 0.650399, 2.05422, 0.5, 0.026, 4, 4, 5, 0, 0, 0, 0, 0
1011011, 26.8982, 2.12556, -0.409988, 2.12325, 0.5, 0.026, 4, 4, 5, 0, 0, 0, 0, 0
1011111, 25.1595, 0.501653, -0.00291356, 2.13639, 0.5, 0.026, 4, 4, 5, 0, 0, 0, 0, 0
111010, 24.1535, 2.1665, 0.451738, 3.91043, 0.5, 0.026, 4, 4, 5, 0, 0, 0, 0, 0
111101, 24.2202, 1.13825, 0.439994, 3.99747, 0.5, 0.026, 4, 4, 5, 0, 0, 0, 0, 0
111001, 27.7379, 3.37946, 0.0284175, 3.90406, 0.5, 0.026, 4, 4, 5, 0, 0, 0, 0, 0
1011110, 27.5885, 0.500086, 0.000195578, 2.13365, 0.5, 0.026, 4, 4, 5, 0, 0, 0, 0, 0
111100, 27.8636, 1.35718, 0.0766803, 3.96271, 0.5, 0.026, 4, 4, 5, 0, 0, 0, 0, 0
1100011, 24.0907, 7.67104, 0.983097, 2.01959, 0.5, 0.026, 4, 4, 5, 0, 0, 0, 0, 0
1100101, 24.9597, 6.9506, 1.07227, 2.03827, 0.5, 0.026, 4, 4, 5, 0, 0, 0, 0, 0
0010001, 24.3945, 4.44451, 0.631676, 2.14431, 0.5, 0.026, 4, 4, 5, 0, 0, 0, 0, 0
1100111, 27.7403, 5.75878, 2.3015, 2.0931, 0.5, 0.026, 4, 4, 5, 0, 0, 0, 0, 0
000100, 25.0655, 5.75095, 0.407039, 3.90106, 0.5, 0.026, 4, 4, 5, 0, 0, 0, 0, 0
0010000, 26.2456, 5.31413, 0.0514375, 2.04208, 0.5, 0.026, 4, 4, 5, 0, 0, 0, 0, 0
110101, 27.5239, 4.34731, 0.0251516, 3.85539, 0.5, 0.026, 4, 4, 5, 0, 0, 0, 0, 0
1100110, 26.6746, 7.36926, 2.70204, 2.09592, 0.5, 0.026, 4, 4, 5, 0, 0, 0, 0, 0
1100001, 27.2288, 10.1986, 0.531531, 2.00847, 0.5, 0.026, 4, 4, 5, 0, 0, 0, 0, 0
1000001, 27.182, 11.5, 3.14159, 2.06524, 0.5, 0.026, 4, 4, 5, 0, 0, 0, 0, 0
1100100, 25.8693, 8.73736, 0.795773, 2.08962, 0.5, 0.026, 4, 4, 5, 0, 0, 0, 0, 0
000001, 24.6284, 10.5872, 3.19516, 3.99489, 0.5, 0.026, 4, 4, 5, 0, 0, 0, 0, 0
1100010, 25.1058, 9.36927, 0.787847, 1.99552, 0.5, 0.026, 4, 4, 5, 0, 0, 0, 0, 0
1000000, 24.9797, 11.499, 3.13964, 2.04361, 0.5, 0.026, 4, 4, 5, 0, 0, 0, 0, 0
1011101, 29.6604, 0.499913, 1.86892e-05, 2.03819, 0.5, 0.026, 4, 4, 5, 0, 0, 0, 0, 0
1011010, 28.7286, 2.47159, -0.0566574, 2.04888, 0.5, 0.026, 4, 4, 5, 0, 0, 0, 0, 0
110100, 31.3455, 3.71184, -0.233746, 3.86227, 0.5, 0.026, 4, 4, 5, 0, 0, 0, 0, 0
1011100, 31.6964, 0.502542, -0.0048264, 2.05315, 0.5, 0.026, 4, 4, 5, 0, 0, 0, 0, 0
111000, 31.4667, 2.64213, -0.251037, 3.8564, 0.5, 0.026, 4, 4, 5, 0, 0, 0, 0, 0
101100, 31.6492, 1.59312, -0.241565, 3.99434, 0.5, 0.026, 4, 4, 5, 0, 0, 0, 0, 0
1001101, 29.7093, 6.53315, 1.9103, 2.06414, 0.5, 0.026, 4, 4, 5, 0, 0, 0, 0, 0
1001110, 31.3904, 5.86181, 3.24513, 2.04626, 0.5, 0.026, 4, 4, 5, 0, 0, 0, 0, 0
101001, 28.7011, 6.79508, 1.83953, 3.99428, 0.5, 0.026, 4, 4, 5, 0, 0, 0, 0, 0
1010100, 30.5392, 4.87808, 2.80385, 2.0575, 0.5, 0.026, 4, 4, 5, 0, 0, 0, 0, 0
1001100, 29.2641, 8.50091, 1.77089, 1.99493, 0.5, 0.026, 4, 4, 5, 0, 0, 0, 0, 0
1100000, 28.9404, 11.2159, 0.59646, 2.01156, 0.5, 0.026, 4, 4, 5, 0, 0, 0, 0, 0
101000, 28.0403, 9.28154, 0.671049, 3.95086, 0.5, 0.026, 4, 4, 5, 0, 0, 0, 0, 0
100100, 30.2482, 9.11592, 1.63074, 3.8411, 0.5, 0.026, 4, 4, 5, 0, 0, 0, 0, 0
1000010, 30.885, 11.5, 3.14159, 2.07946, 0.5, 0.026, 4, 4, 5, 0, 0, 0, 0, 0
1010111, 33.8395, 2.38132, 1.67116, 2.08762, 0.5, 0.026, 4, 4, 5, 0, 0, 0, 0, 0
1010101, 32.5176, 4.46143, 2.90106, 2.02645, 0.5, 0.026, 4, 4, 5, 0, 0, 0, 0, 0
1001111, 33.4387, 5.92368, 3.26422, 2.08005, 0.5, 0.026, 4, 4, 5, 0, 0, 0, 0, 0
100101, 32.1618, 6.86424, 3.20105, 3.96821, 0.5, 0.026, 4, 4, 5, 0, 0, 0, 0, 0
1010110, 34.0164, 4.44651, 1.5124, 2.10006, 0.5, 0.026, 4, 4, 5, 0, 0, 0, 0, 0
1000011, 32.9567, 11.4953, 3.13289, 2.08556, 0.5, 0.026, 4, 4, 5, 0, 0, 0, 0, 0
100010, 32.4932, 9.86213, 2.69253, 3.9657, 0.5, 0.026, 4, 4, 5, 0, 0, 0, 0, 0
100011, 32.508, 8.64972, 2.63312, 3.92238, 0.5, 0.026, 4, 4, 5, 0, 0, 0, 0, 0

0011111, 9.8353, 0.500001, -7.27416e-07, 2.21983, 0.5, 0.026, 4, 4, 5, 0, 0, 0, 0, 0
0111111, 9.24132, 2.65095, 0.518367, 2.2015, 0.5, 0.026, 4, 4, 5, 0, 0, 0, 0, 0
0101111, 9.90823, 1.53819, 0.0635023, 2.37632, 0.5, 0.026, 4, 4, 5, 0, 0, 0, 0, 0
0111110, 11.2018, 2.96077, 0.641795, 2.28723, 0.5, 0.026, 4, 4, 5, 0, 0, 0, 0, 0
0111100, 11.6801, 6.85403, 1.42366, 2.34678, 0.5, 0.026, 4, 4, 5, 0, 0, 0, 0, 0
0111101, 10.9822, 4.68388, 1.17912, 2.25098, 0.5, 0.026, 4, 4, 5, 0, 0, 0, 0, 0
0111001, 11.6911, 8.90447, 0.919223, 2.29332, 0.5, 0.026, 4, 4, 5, 0, 0, 0, 0, 0
0011100, 15.7703, 1.96656, 0.822167, 2.31834, 0.5, 0.026, 4, 4, 5, 0, 0, 0, 0, 0
1111111, 14.9494, 0.499786, 5.49416e-05, 2.15325, 0.5, 0.026, 4, 4, 5, 0, 0, 0, 0, 0
0011110, 12.0219, 0.500083, -0.000157544, 2.17811, 0.5, 0.026, 4, 4, 5, 0, 0, 0, 0, 0
0011101, 13.9248, 1.38827, 0.726643, 2.22877, 0.5, 0.026, 4, 4, 5, 0, 0, 0, 0, 0
0011011, 13.0931, 1.94847, 0.746305, 2.3309, 0.5, 0.026, 4, 4, 5, 0, 0, 0, 0, 0
0101101, 14.2774, 3.69092, 0.448295, 2.38796, 0.5, 0.026, 4, 4, 5, 0, 0, 0, 0, 0
0011010, 15.0814, 3.00581, 0.396805, 2.24467, 0.5, 0.026, 4, 4, 5, 0, 0, 0, 0, 0
0101110, 12.0195, 2.28698, 0.72311, 2.27928, 0.5, 0.026, 4, 4, 5, 0, 0, 0, 0, 0
0111011, 12.2381, 4.8172, 0.976681, 2.19579, 0.5, 0.026, 4, 4, 5, 0, 0, 0, 0, 0
0110111, 12.9948, 4.18375, 0.974279, 2.22398, 0.5, 0.026, 4, 4, 5, 0, 0, 0, 0, 0
0101011, 15.1713, 7.4402, 0.475645, 2.30944, 0.5, 0.026, 4, 4, 5, 0, 0, 0, 0, 0
0101100, 14.4494, 5.47602, 1.3749, 2.3996, 0.5, 0.026, 4, 4, 5, 0, 0, 0, 0, 0
0110110, 13.6023, 6.25037, 1.47664, 2.20336, 0.5, 0.026, 4, 4, 5, 0, 0, 0, 0, 0
0111010, 12.6778, 6.90319, 1.40364, 2.2238, 0.5, 0.026, 4, 4, 5, 0, 0, 0, 0, 0
0101000, 15.9053, 10.4868, 3.02607, 2.30971, 0.5, 0.026, 4, 4, 5, 0, 0, 0, 0, 0
0110101, 14.4003, 8.13675, 0.452748, 2.23478, 0.5, 0.026, 4, 4, 5, 0, 0, 0, 0, 0
0110001, 14.1973, 11.5, 9.49872e-06, 2.19884, 0.5, 0.026, 4, 4, 5, 0, 0, 0, 0, 0
0110011, 13.2072, 8.71028, 0.371622, 2.27069, 0.5, 0.026, 4, 4, 5, 0, 0, 0, 0, 0
0110010, 14.4437, 9.93682, 1.98302, 2.26109, 0.5, 0.026, 4, 4, 5, 0, 0, 0, 0, 0
0111000, 12.8878, 10.3588, 1.79971, 2.34357, 0.5, 0.026, 4, 4, 5, 0, 0, 0, 0, 0
1110111, 18.7288, 1.47801, -0.0417452, 2.14502, 0.5, 0.026, 4, 4, 5, 0, 0, 0, 0, 0
1111101, 19.2173, 0.499944, 1.87467e-05, 2.23979, 0.5, 0.026, 4, 4, 5, 0, 0, 0, 0, 0
1101111, 18.5878, 2.86067, -0.775033, 2.19427, 0.5, 0.026, 4, 4, 5, 0, 0, 0, 0, 0
0010111, 17.1259, 2.09516, 1.2035, 2.35676, 0.5, 0.026, 4, 4, 5, 0, 0, 0, 0, 0
1111110, 17.063, 0.499801, 7.11273e-06, 2.13965, 0.5, 0.026, 4, 4, 5, 0, 0, 0, 0, 0
0010110, 16.4015, 3.94608, 2.60933, 2.28455, 0.5, 0.026, 4, 4, 5, 0, 0, 0, 0, 0
0010101, 18.0286, 4.31778, -0.276139, 2.27075, 0.5, 0.026, 4, 4, 5, 0, 0, 0, 0, 0
0011001, 16.0252, 5.26209, -0.409332, 2.23774, 0.5, 0.026, 4, 4, 5, 0, 0, 0, 0, 0
0100111, 17.1863, 7.3906, 0.34618, 2.34919, 0.5, 0.026, 4, 4, 5, 0, 0, 0, 0, 0
0100011, 19.2991, 7.41782, 0.389581, 2.28561, 0.5, 0.026, 4, 4, 5, 0, 0, 0, 0, 0
0001111, 16.1406, 6.25614, -0.382145, 2.36088, 0.5, 0.026, 4, 4, 5, 0, 0, 0, 0, 0
0001110, 18.2584, 6.29205, -0.309014, 2.3667, 0.5, 0.026, 4, 4, 5, 0, 0, 0, 0, 0
0011000, 18.1405, 5.29682, -0.295744, 2.13536, 0.5, 0.026, 4, 4, 5, 0, 0, 0, 0, 0
0110000, 16.4077, 11.4583, -0.0664056, 2.25695, 0.5, 0.026, 4, 4, 5, 0, 0, 0, 0, 0
0101001, 18.5683, 9.52603, 3.08738, 2.22696, 0.5, 0.026, 4, 4, 5, 0, 0, 0, 0, 0
0110100, 16.3187, 9.33673, 0.234539, 2.33948, 0.5, 0.026, 4, 4, 5, 0, 0, 0, 0, 0
0101010, 17.1232, 8.48873, 0.188322, 2.28755, 0.5, 0.026, 4, 4, 5, 0, 0, 0, 0, 0
0100110, 19.2179, 8.43317, 0.39368, 2.26953, 0.5, 0.026, 4, 4, 5, 0, 0, 0, 0, 0
0100000, 18.7062, 11.5002, 3.14156, 2.39052, 0.5, 0.026, 4, 4, 5, 0, 0, 0, 0, 0
0100100, 18.1401, 10.52, 3.08373, 2.2179, 0.5, 0.026, 4, 4, 5, 0, 0, 0, 0, 0
1110101, 23.0287, 1.51806, 0.184288, 2.25668, 0.5, 0.026, 4, 4, 5, 0, 0, 0, 0, 0
1111011, 23.6142, 0.499942, -3.13859e-05, 2.2271, 0.5, 0.026, 4, 4, 5, 0, 0, 0, 0, 0
1101101, 22.8188, 2.4712, 0.186085, 2.33053, 0.5, 0.026, 4, 4, 5, 0, 0, 0, 0, 0
0010011, 20.0486, 3.48579, 0.0124761, 2.36099, 0.5, 0.026, 4, 4, 5, 0, 0, 0, 0, 0
0010010, 22.4239, 3.52366, -0.00301288, 2.42024, 0.5, 0.026, 4, 4, 5, 0, 0, 0, 0, 0
1110110, 20.8719, 1.52142, 0.231082, 2.19474, 0.5, 0.026, 4, 4, 5, 0, 0, 0, 0, 0
1101110, 20.6065, 2.46428, 0.234078, 2.28304, 0.5, 0.026, 4, 4, 5, 0, 0, 0, 0, 0
1111100, 21.4183, 0.499862, 3.09415e-05, 2.2343, 0.5, 0.026, 4, 4, 5, 0, 0, 0, 0, 0
0001011, 20.3854, 6.50106, -0.0698693, 2.22811, 0.5, 0.026, 4, 4, 5, 0, 0, 0, 0, 0
0001101, 20.2482, 5.43157, 0.0264276, 2.25218, 0.5, 0.026, 4, 4, 5, 0, 0, 0, 0, 0
0010100, 20.1985, 4.45444, 0.0260133, 2.25837, 0.5, 0.026, 4, 4, 5, 0, 0, 0, 0, 0
0000111, 23.18, 6.3964, 2.81123, 2.32682, 0.5, 0.026, 4, 4, 5, 0, 0, 0, 0, 0
0001010, 22.3479, 5.6717, -0.286222, 2.23361, 0.5, 0.026, 4, 4, 5, 0, 0, 0, 0, 0
0000110, 21.4617, 7.45708, 3.14977, 2.23201, 0.5, 0.026, 4, 4, 5, 0, 0, 0, 0, 0
0001100, 22.3261, 4.67245, -0.282359, 2.25134, 0.5, 0.026, 4, 4, 5, 0, 0, 0, 0, 0
0000001, 23.1275, 11.5003, 3.14157, 2.24143, 0.5, 0.026, 4, 4, 5, 0, 0, 0, 0, 0
0100101, 20.7497, 9.49888, 2.99471, 2.18714, 0.5, 0.026, 4, 4, 5, 0, 0, 0, 0, 0
0000010, 23.7323, 10.524, 3.24817, 2.2978, 0.5, 0.026, 4, 4, 5, 0, 0, 0, 0, 0
0000101, 23.0783, 8.08709, 1.54611, 2.26225, 0.5, 0.026, 4, 4, 5, 0, 0, 0, 0, 0
0100001, 20.3966, 10.511, 3.05563, 2.34605, 0.5, 0.026, 4, 4, 5, 0, 0, 0, 0, 0
0100010, 21.4248, 8.4254, 0.0106273, 2.34546, 0.5, 0.026, 4, 4, 5, 0, 0, 0, 0, 0
0000100, 22.194, 10.0134, 1.83284, 2.32602, 0.5, 0.026, 4, 4, 5, 0, 0, 0, 0, 0
0000000, 20.9523, 11.5001, 3.14159, 2.14621, 0.5, 0.026, 4, 4, 5, 0, 0, 0, 0, 0
1110011, 27.0067, 3.514, 0.327782, 2.18163, 0.5, 0.026, 4, 4, 5, 0, 0, 0, 0, 0
1111001, 27.4829, 1.59195, 0.256564, 2.22466, 0.5, 0.026, 4, 4, 5, 0, 0, 0, 0, 0
1101100, 24.8385, 3.43971, 0.234729, 2.3394, 0.5, 0.026, 4, 4, 5, 0, 0, 0, 0, 0
1011011, 27.1679, 2.54653, 0.300551, 2.41802, 0.5, 0.026, 4, 4, 5, 0, 0, 0, 0, 0
1011111, 25.916, 0.499497, 8.10336e-07, 2.43298, 0.5, 0.026, 4, 4, 5, 0, 0, 0, 0, 0
1110100, 24.9896, 2.48945, 0.244057, 2.19663, 0.5, 0.026, 4, 4, 5, 0, 0, 0, 0, 0
1111010, 25.2562, 1.47612, 0.114369, 2.32532, 0.5, 0.026, 4, 4, 5, 0, 0, 0, 0, 0
1101011, 26.766, 4.46387, 0.329311, 2.16025, 0.5, 0.026, 4, 4, 5, 0, 0, 0, 0, 0
0001001, 24.4321, 5.32248, 0.258131, 2.22358, 0.5, 0.026, 4, 4, 5, 0, 0, 0, 0, 0
1100011, 24.0693, 7.91555, 1.50625, 2.29996, 0.5, 0.026, 4, 4, 5, 0, 0, 0, 0, 0
1100101, 24.9838, 7.03901, 1.22337, 2.32124, 0.5, 0.026, 4, 4, 5, 0, 0, 0, 0, 0
0010001, 24.5602, 4.36029, 0.239018, 2.442, 0.5, 0.026, 4, 4, 5, 0, 0, 0, 0, 0
0001000, 26.2974, 6.3666, 0.31216, 2.21906, 0.5, 0.026, 4, 4, 5, 0, 0, 0, 0, 0
0010000, 26.5872, 5.42538, 0.311104, 2.32557, 0.5, 0.026, 4, 4, 5, 0, 0, 0, 0, 0
1100110, 26.839, 7.54805, 3.32351, 2.38689, 0.5, 0.026, 4, 4, 5, 0, 0, 0, 0, 0
1010001, 26.9912, 8.56137, 0.231756, 2.19396, 0.5, 0.026, 4, 4, 5, 0, 0, 0, 0, 0
0000011, 25.9909, 10.5136, 3.11942, 2.2517, 0.5, 0.026, 4, 4, 5, 0, 0, 0, 0, 0
1100001, 27.5758, 10.0682, 0.804063, 2.28731, 0.5, 0.026, 4, 4, 5, 0, 0, 0, 0, 0
1000001, 27.6965, 11.5004, 3.14161, 2.35195, 0.5, 0.026, 4, 4, 5, 0, 0, 0, 0, 0
1100100, 25.6301, 9.06969, 0.700197, 2.37972, 0.5, 0.026, 4, 4, 5, 0, 0, 0, 0, 0
1100010, 24.2173, 9.61473, 0.0985527, 2.27255, 0.5, 0.026, 4, 4, 5, 0, 0, 0, 0, 0
1000000, 25.3873, 11.5001, 3.1416, 2.32732, 0.5, 0.026, 4, 4, 5, 0, 0, 0, 0, 0
1011110, 28.3228, 0.514748, -0.0206605, 2.42986, 0.5, 0.026, 4, 4, 5, 0, 0, 0, 0, 0
1110001, 31.3652, 3.13631, 0.023334, 2.14135, 0.5, 0.026, 4, 4, 5, 0, 0, 0, 0, 0
1110010, 29.1801, 3.41987, -0.0171799, 2.26442, 0.5, 0.026, 4, 4, 5, 0, 0, 0, 0, 0
1111000, 29.6666, 1.47541, -0.0115782, 2.28819, 0.5, 0.026, 4, 4, 5, 0, 0, 0, 0, 0
1011001, 31.5909, 1.80552, -0.543592, 2.30999, 0.5, 0.026, 4, 4, 5, 0, 0, 0, 0, 0
1011101, 30.6785, 0.500352, 0.000675306, 2.32115, 0.5, 0.026, 4, 4, 5, 0, 0, 0, 0, 0
1011010, 29.4311, 2.44357, -0.00300514, 2.33333, 0.5, 0.026, 4, 4, 5, 0, 0, 0, 0, 0
1100111, 28.0945, 6.03576, 1.93347, 2.38368, 0.5, 0.026, 4, 4, 5, 0, 0, 0, 0, 0
1101010, 28.8912, 4.39376, -0.0258691, 2.23038, 0.5, 0.026, 4, 4, 5, 0, 0, 0, 0, 0
1101001, 31.1108, 4.11879, 0.0650846, 2.17168, 0.5, 0.026, 4, 4, 5, 0, 0, 0, 0, 0
1001010, 31.7368, 7.21795, 3.53758, 2.24526, 0.5, 0.026, 4, 4, 5, 0, 0, 0, 0, 0
1010011, 29.1587, 5.95307, 1.97093, 2.28238, 0.5, 0.026, 4, 4, 5, 0, 0, 0, 0, 0
1001101, 30.2418, 6.51644, 2.34273, 2.3507, 0.5, 0.026, 4, 4, 5, 0, 0, 0, 0, 0
1010100, 30.996, 5.08039, 3.21359, 2.34314, 0.5, 0.026, 4, 4, 5, 0, 0, 0, 0, 0
1010010, 28.526, 8.05037, 1.50787, 2.26642, 0.5, 0.026, 4, 4, 5, 0, 0, 0, 0, 0
1001001, 30.8734, 8.10777, 0.811807, 2.13967, 0.5, 0.026, 4, 4, 5, 0, 0, 0, 0, 0
1001100, 29.7824, 8.49787, 1.0978, 2.27188, 0.5, 0.026, 4, 4, 5, 0, 0, 0, 0, 0
1100000, 29.5512, 11.141, 0.589847, 2.29082, 0.5, 0.026, 4, 4, 5, 0, 0, 0, 0, 0
1010000, 29.1413, 9.81692, 0.270548, 2.30539, 0.5, 0.026, 4, 4, 5, 0, 0, 0, 0, 0
1001000, 30.7776, 10.0553, 1.8818, 2.23468, 0.5, 0.026, 4, 4, 5, 0, 0, 0, 0, 0
1000010, 31.7582, 11.5, 3.14158, 2.36814, 0.5, 0.026, 4, 4, 5, 0, 0, 0, 0, 0
1011100, 32.9954, 0.499931, 2.13556e-05, 2.33819, 0.5, 0.026, 4, 4, 5, 0, 0, 0, 0, 0
1110000, 33.3608, 2.51083, -0.102619, 2.25043, 0.5, 0.026, 4, 4, 5, 0, 0, 0, 0, 0
1101000, 33.2171, 3.65305, -0.320037, 2.22679, 0.5, 0.026, 4, 4, 5, 0, 0, 0, 0, 0
1011000, 33.746, 1.48015, -0.107257, 2.23888, 0.5, 0.026, 4, 4, 5, 0, 0, 0, 0, 0
1010111, 35.1445, 2.15852, 1.91804, 2.37744, 0.5, 0.026, 4, 4, 5, 0, 0, 0, 0, 0
1001110, 32.3536, 6.2161, 3.28379, 2.33034, 0.5, 0.026, 4, 4, 5, 0, 0, 0, 0, 0
1001011, 33.9141, 7.21378, 3.06074, 2.27385, 0.5, 0.026, 4, 4, 5, 0, 0, 0, 0, 0
1010101, 33.2371, 4.67566, 2.84064, 2.30778, 0.5, 0.026, 4, 4, 5, 0, 0, 0, 0, 0
1001111, 34.2767, 5.90036, 3.63675, 2.36882, 0.5, 0.026, 4, 4, 5, 0, 0, 0, 0, 0
1010110, 34.8636, 4.46879, 1.39298, 2.39161, 0.5, 0.026, 4, 4, 5, 0, 0, 0, 0, 0
1000100, 32.3024, 10.4043, 2.96964, 2.28572, 0.5, 0.026, 4, 4, 5, 0, 0, 0, 0, 0
1000110, 32.2352, 8.94395, 2.07221, 2.19163, 0.5, 0.026, 4, 4, 5, 0, 0, 0, 0, 0
1000111, 34.13, 8.19166, 3.06058, 2.27529, 0.5, 0.026, 4, 4, 5, 0, 0, 0, 0, 0
1000101, 33.8505, 9.24928, 3.00397, 2.23053, 0.5, 0.026, 4, 4, 5, 0, 0, 0, 0, 0
1000011, 34.1171, 11.4868, 3.12239, 2.3751, 0.5, 0.026, 4, 4, 5, 0, 0, 0, 0, 0

0011011, 11.9613, 1.99949, 0.668351, 2.65449, 0.5, 0.026, 4, 4, 5, 0, 0, 0, 0, 0
0011110, 11.3298, 0.499976, 1.64028e-07, 2.48049, 0.5, 0.026, 4, 4, 5, 0, 0, 0, 0, 0
0101110, 11.0574, 2.51364, 0.653437, 2.59571, 0.5, 0.026, 4, 4, 5, 0, 0, 0, 0, 0
0011111, 8.83305, 0.499987, -1.35415e-05, 2.52801, 0.5, 0.026, 4, 4, 5, 0, 0, 0, 0, 0
0111111, 8.36396, 2.92134, 0.666078, 2.50713, 0.5, 0.026, 4, 4, 5, 0, 0, 0, 0, 0
0101111, 8.74763, 1.47702, 0.00911295, 2.70622, 0.5, 0.026, 4, 4, 5, 0, 0, 0, 0, 0
0111110, 10.0336, 2.96302, 0.656486, 2.60476, 0.5, 0.026, 4, 4, 5, 0, 0, 0, 0, 0
0110111, 11.9535, 4.59207, 0.974739, 2.53273, 0.5, 0.026, 4, 4, 5, 0, 0, 0, 0, 0
0111010, 11.2624, 7.39647, 1.65417, 2.53253, 0.5, 0.026, 4, 4, 5, 0, 0, 0, 0, 0
0111011, 11.0937, 5.05648, 0.972539, 2.50063, 0.5, 0.026, 4, 4, 5, 0, 0, 0, 0, 0
0111100, 10.3109, 7.11235, 1.67169, 2.67258, 0.5, 0.026, 4, 4, 5, 0, 0, 0, 0, 0
0111101, 9.68318, 4.8225, 1.5869, 2.56348, 0.5, 0.026, 4, 4, 5, 0, 0, 0, 0, 0
0110011, 11.8535, 9.22793, 0.124032, 2.58593, 0.5, 0.026, 4, 4, 5, 0, 0, 0, 0, 0
0111000, 11.2639, 10.8512, 2.2508, 2.66893, 0.5, 0.026, 4, 4, 5, 0, 0, 0, 0, 0
0111001, 10.1275, 9.48597, 1.03241, 2.6117, 0.5, 0.026, 4, 4, 5, 0, 0, 0, 0, 0
0010110, 15.8653, 3.92071, 2.61748, 2.6017, 0.5, 0.026, 4, 4, 5, 0, 0, 0, 0, 0
0011100, 15.3845, 2.12914, 0.884855, 2.64019, 0.5, 0.026, 4, 4, 5, 0, 0, 0, 0, 0
1111111, 13.895, 0.516106, 0.0224756, 2.45218, 0.5, 0.026, 4, 4, 5, 0, 0, 0, 0, 0
0011101, 13.328, 1.64306, 0.450377, 2.53819, 0.5, 0.026, 4, 4, 5, 0, 0, 0, 0, 0
0101101, 13.4141, 3.77413, 0.324617, 2.71948, 0.5, 0.026, 4, 4, 5, 0, 0, 0, 0, 0
0011010, 14.2882, 3.05583, 0.257746, 2.55629, 0.5, 0.026, 4, 4, 5, 0, 0, 0, 0, 0
0001111, 15.0909, 6.40828, -0.290833, 2.68864, 0.5, 0.026, 4, 4, 5, 0, 0, 0, 0, 0
0011001, 15.0449, 5.40371, -0.313514, 2.5484, 0.5, 0.026, 4, 4, 5, 0, 0, 0, 0, 0
0101011, 14.0095, 7.60446, 0.166047, 2.63005, 0.5, 0.026, 4, 4, 5, 0, 0, 0, 0, 0
0101100, 13.3388, 5.64265, 1.60598, 2.73273, 0.5, 0.026, 4, 4, 5, 0, 0, 0, 0, 0
0110110, 12.2771, 6.96575, 1.66233, 2.50925, 0.5, 0.026, 4, 4, 5, 0, 0, 0, 0, 0
0110100, 15.7267, 9.55199, 0.0468066, 2.66427, 0.5, 0.026, 4, 4, 5, 0, 0, 0, 0, 0
0110000, 15.4649, 11.5001, -3.99377e-06, 2.57028, 0.5, 0.026, 4, 4, 5, 0, 0, 0, 0, 0
0101000, 15.0642, 10.5432, 3.12629, 2.63036, 0.5, 0.026, 4, 4, 5, 0, 0, 0, 0, 0
0110101, 13.6902, 8.51708, 0.156664, 2.54503, 0.5, 0.026, 4, 4, 5, 0, 0, 0, 0, 0
0110001, 12.9417, 11.5002, -2.06051e-06, 2.5041, 0.5, 0.026, 4, 4, 5, 0, 0, 0, 0, 0
0110010, 13.3163, 10.0389, 2.459, 2.57499, 0.5, 0.026, 4, 4, 5, 0, 0, 0, 0, 0
0010011, 19.463, 3.66619, -0.39039, 2.68877, 0.5, 0.026, 4, 4, 5, 0, 0, 0, 0, 0
1110111, 18.1335, 1.4726, -0.049864, 2.44281, 0.5, 0.026, 4, 4, 5, 0, 0, 0, 0, 0
1111101, 18.7719, 0.49974, -1.97635e-05, 2.55073, 0.5, 0.026, 4, 4, 5, 0, 0, 0, 0, 0
1101111, 18.0205, 3.11503, -1.12089, 2.4989, 0.5, 0.026, 4, 4, 5, 0, 0, 0, 0, 0
0010111, 16.6041, 2.09204, 0.876216, 2.68395, 0.5, 0.026, 4, 4, 5, 0, 0, 0, 0, 0
1111110, 16.3104, 0.49938, 4.52343e-05, 2.4367, 0.5, 0.026, 4, 4, 5, 0, 0, 0, 0, 0
0010100, 19.8452, 4.53139, -0.388493, 2.57189, 0.5, 0.026, 4, 4, 5, 0, 0, 0, 0, 0
0001101, 19.7778, 5.5972, -0.390697, 2.56484, 0.5, 0.026, 4, 4, 5, 0, 0, 0, 0, 0
0010101, 17.3711, 4.7203, 0.125479, 2.58599, 0.5, 0.026, 4, 4, 5, 0, 0, 0, 0, 0
0100111, 16.4528, 7.49348, 0.284278, 2.67532, 0.5, 0.026, 4, 4, 5, 0, 0, 0, 0, 0
0100011, 19.013, 7.71434, 0.0704784, 2.60292, 0.5, 0.026, 4, 4, 5, 0, 0, 0, 0, 0
0001110, 17.6542, 6.64499, 0.0734316, 2.69527, 0.5, 0.026, 4, 4, 5, 0, 0, 0, 0, 0
0011000, 17.3837, 5.67658, 0.140393, 2.4318, 0.5, 0.026, 4, 4, 5, 0, 0, 0, 0, 0
0101001, 18.2921, 9.6006, 3.19646, 2.53613, 0.5, 0.026, 4, 4, 5, 0, 0, 0, 0, 0
0101010, 16.2297, 8.58696, 0.106184, 2.60512, 0.5, 0.026, 4, 4, 5, 0, 0, 0, 0, 0
0100110, 18.7925, 8.65622, 0.0686623, 2.58461, 0.5, 0.026, 4, 4, 5, 0, 0, 0, 0, 0
0100000, 18.0905, 11.5001, 3.14149, 2.7224, 0.5, 0.026, 4, 4, 5, 0, 0, 0, 0, 0
0100100, 17.6279, 10.5522, 3.19227, 2.52581, 0.5, 0.026, 4, 4, 5, 0, 0, 0, 0, 0
1110101, 23.1131, 1.454, 0.0153737, 2.56997, 0.5, 0.026, 4, 4, 5, 0, 0, 0, 0, 0
1111011, 23.8005, 0.499373, 6.43364e-06, 2.53629, 0.5, 0.026, 4, 4, 5, 0, 0, 0, 0, 0
1101101, 22.6787, 2.39345, 0.0377197, 2.65407, 0.5, 0.026, 4, 4, 5, 0, 0, 0, 0, 0
0010010, 22.3286, 3.31922, 0.0570445, 2.75624, 0.5, 0.026, 4, 4, 5, 0, 0, 0, 0, 0
1110110, 20.5976, 1.46606, 0.0500205, 2.49943, 0.5, 0.026, 4, 4, 5, 0, 0, 0, 0, 0
1101110, 20.0988, 2.38162, 0.0801079, 2.59999, 0.5, 0.026, 4, 4, 5, 0, 0, 0, 0, 0
1111100, 21.2895, 0.499589, 4.46663e-05, 2.54449, 0.5, 0.026, 4, 4, 5, 0, 0, 0, 0, 0
0000101, 23.2756, 7.88739, 1.47919, 2.57632, 0.5, 0.026, 4, 4, 5, 0, 0, 0, 0, 0
0001011, 20.2418, 6.59292, -0.229189, 2.53743, 0.5, 0.026, 4, 4, 5, 0, 0, 0, 0, 0
0000111, 23.0214, 6.17714, 2.91588, 2.64985, 0.5, 0.026, 4, 4, 5, 0, 0, 0, 0, 0
0001010, 22.1865, 5.40668, -0.177843, 2.54369, 0.5, 0.026, 4, 4, 5, 0, 0, 0, 0, 0
0000110, 21.494, 7.40441, 3.04178, 2.54188, 0.5, 0.026, 4, 4, 5, 0, 0, 0, 0, 0
0001100, 22.2265, 4.44844, -0.174922, 2.56389, 0.5, 0.026, 4, 4, 5, 0, 0, 0, 0, 0
0000001, 23.3115, 11.502, 3.14174, 2.55261, 0.5, 0.026, 4, 4, 5, 0, 0, 0, 0, 0
0100101, 20.7581, 9.43999, 2.97304, 2.49077, 0.5, 0.026, 4, 4, 5, 0, 0, 0, 0, 0
0000010, 23.8956, 10.567, 3.16631, 2.6168, 0.5, 0.026, 4, 4, 5, 0, 0, 0, 0, 0
0100001, 20.1986, 10.5136, 3.05637, 2.67175, 0.5, 0.026, 4, 4, 5, 0, 0, 0, 0, 0
0100010, 21.3747, 8.36835, -0.0823127, 2.67108, 0.5, 0.026, 4, 4, 5, 0, 0, 0, 0, 0
0000100, 22.2596, 9.97241, 1.9454, 2.64894, 0.5, 0.026, 4, 4, 5, 0, 0, 0, 0, 0
0000000, 20.6501, 11.5008, 3.14155, 2.44416, 0.5, 0.026, 4, 4, 5, 0, 0, 0, 0, 0
1110011, 27.522, 3.44385, 0.193543, 2.4845, 0.5, 0.026, 4, 4, 5, 0, 0, 0, 0, 0
1101100, 24.995, 3.33408, 0.204448, 2.66418, 0.5, 0.026, 4, 4, 5, 0, 0, 0, 0, 0
1011011, 27.7061, 2.50452, 0.193534, 2.75371, 0.5, 0.026, 4, 4, 5, 0, 0, 0, 0, 0
1011111, 26.4325, 0.498065, 3.05805e-05, 2.77075, 0.5, 0.026, 4, 4, 5, 0, 0, 0, 0, 0
1110100, 25.1877, 2.43057, 0.20382, 2.50158, 0.5, 0.026, 4, 4, 5, 0, 0, 0, 0, 0
1111010, 25.7061, 1.42395, 0.00952759, 2.64815, 0.5, 0.026, 4, 4, 5, 0, 0, 0, 0, 0
1101011, 27.3394, 4.3916, 0.193649, 2.46016, 0.5, 0.026, 4, 4, 5, 0, 0, 0, 0, 0
0001001, 24.6075, 5.14264, 0.205365, 2.53228, 0.5, 0.026, 4, 4, 5, 0, 0, 0, 0, 0
1100011, 24.2037, 7.85261, 1.48049, 2.61926, 0.5, 0.026, 4, 4, 5, 0, 0, 0, 0, 0
1100101, 25.1008, 6.91263, 1.19944, 2.64349, 0.5, 0.026, 4, 4, 5, 0, 0, 0, 0, 0
0010001, 24.7962, 4.23739, 0.205628, 2.78102, 0.5, 0.026, 4, 4, 5, 0, 0, 0, 0, 0
0001000, 26.6777, 6.23229, 0.177246, 2.52713, 0.5, 0.026, 4, 4, 5, 0, 0, 0, 0, 0
0010000, 27.1182, 5.32864, 0.197974, 2.64843, 0.5, 0.026, 4, 4, 5, 0, 0, 0, 0, 0
1100110, 27.0622, 7.3949, 3.44196, 2.71826, 0.5, 0.026, 4, 4, 5, 0, 0, 0, 0, 0
1010001, 26.9549, 8.37729, 0.328872, 2.49855, 0.5, 0.026, 4, 4, 5, 0, 0, 0, 0, 0
0000011, 26.4698, 10.5307, 3.1736, 2.5643, 0.5, 0.026, 4, 4, 5, 0, 0, 0, 0, 0
1100100, 25.9434, 9.09726, 0.584473, 2.7101, 0.5, 0.026, 4, 4, 5, 0, 0, 0, 0, 0
1100010, 24.2428, 9.64055, 0.0185626, 2.58805, 0.5, 0.026, 4, 4, 5, 0, 0, 0, 0, 0
1000000, 25.8831, 11.5004, 3.14157, 2.65042, 0.5, 0.026, 4, 4, 5, 0, 0, 0, 0, 0
1111001, 28.2727, 1.48253, 0.02119, 2.5335, 0.5, 0.026, 4, 4, 5, 0, 0, 0, 0, 0
1011110, 29.1833, 0.499751, -2.75911e-05, 2.76719, 0.5, 0.026, 4, 4, 5, 0, 0, 0, 0, 0
1110010, 30.0606, 3.40249, 0.090892, 2.57879, 0.5, 0.026, 4, 4, 5, 0, 0, 0, 0, 0
1111000, 30.8218, 1.47201, 0.00730717, 2.60586, 0.5, 0.026, 4, 4, 5, 0, 0, 0, 0, 0
1011101, 31.8757, 0.508385, 0.0102935, 2.6434, 0.5, 0.026, 4, 4, 5, 0, 0, 0, 0, 0
1011010, 30.3087, 2.46173, 0.0988945, 2.65726, 0.5, 0.026, 4, 4, 5, 0, 0, 0, 0, 0
1100111, 28.7341, 6.01343, 2.06062, 2.71461, 0.5, 0.026, 4, 4, 5, 0, 0, 0, 0, 0
1101010, 29.7564, 4.32755, 0.0850379, 2.54002, 0.5, 0.026, 4, 4, 5, 0, 0, 0, 0, 0
1010011, 29.811, 6.02749, 2.09811, 2.59924, 0.5, 0.026, 4, 4, 5, 0, 0, 0, 0, 0
1001101, 30.3524, 6.97412, 2.12471, 2.67705, 0.5, 0.026, 4, 4, 5, 0, 0, 0, 0, 0
1010100, 31.9994, 5.24883, 3.28145, 2.66843, 0.5, 0.026, 4, 4, 5, 0, 0, 0, 0, 0
1100001, 28.2693, 10.0683, 0.61328, 2.60485, 0.5, 0.026, 4, 4, 5, 0, 0, 0, 0, 0
1000001, 28.5164, 11.5005, 3.14165, 2.67847, 0.5, 0.026, 4, 4, 5, 0, 0, 0, 0, 0
1010010, 28.7318, 8.31594, 1.81702, 2.58106, 0.5, 0.026, 4, 4, 5, 0, 0, 0, 0, 0
1001001, 31.6155, 8.091, 0.131719, 2.43672, 0.5, 0.026, 4, 4, 5, 0, 0, 0, 0, 0
1001100, 30.4159, 8.86052, 0.279837, 2.58728, 0.5, 0.026, 4, 4, 5, 0, 0, 0, 0, 0
1100000, 30.5813, 11.0999, 0.52067, 2.60885, 0.5, 0.026, 4, 4, 5, 0, 0, 0, 0, 0
1010000, 30.1576, 9.78555, 0.279727, 2.62545, 0.5, 0.026, 4, 4, 5, 0, 0, 0, 0, 0
1001000, 31.9726, 9.89973, 1.83032, 2.54491, 0.5, 0.026, 4, 4, 5, 0, 0, 0, 0, 0
1110001, 32.5243, 3.38246, 0.122861, 2.43863, 0.5, 0.026, 4, 4, 5, 0, 0, 0, 0, 0
1011001, 32.7408, 1.87573, -0.626406, 2.63069, 0.5, 0.026, 4, 4, 5, 0, 0, 0, 0, 0
1011100, 34.5777, 0.499681, -2.3707e-05, 2.6628, 0.5, 0.026, 4, 4, 5, 0, 0, 0, 0, 0
1110000, 34.2931, 2.50629, -0.0282164, 2.56285, 0.5, 0.026, 4, 4, 5, 0, 0, 0, 0, 0
1101000, 34.586, 3.82653, -0.501589, 2.53593, 0.5, 0.026, 4, 4, 5, 0, 0, 0, 0, 0
1011000, 35.1464, 1.49225, -0.0358068, 2.54969, 0.5, 0.026, 4, 4, 5, 0, 0, 0, 0, 0
1101001, 32.2221, 4.31476, 0.127536, 2.47317, 0.5, 0.026, 4, 4, 5, 0, 0, 0, 0, 0
1001010, 32.1882, 7.19953, 3.27079, 2.55697, 0.5, 0.026, 4, 4, 5, 0, 0, 0, 0, 0
1001110, 32.5911, 6.30058, 3.28832, 2.65386, 0.5, 0.026, 4, 4, 5, 0, 0, 0, 0, 0
1001011, 34.7404, 7.31663, 3.21715, 2.58953, 0.5, 0.026, 4, 4, 5, 0, 0, 0, 0, 0
1010101, 34.5316, 4.95382, 2.67436, 2.62816, 0.5, 0.026, 4, 4, 5, 0, 0, 0, 0, 0
1001111, 35.1949, 6.30445, 3.32624, 2.69768, 0.5, 0.026, 4, 4, 5, 0, 0, 0, 0, 0
1000010, 33.1036, 11.5002, 3.14156, 2.69691, 0.5, 0.026, 4, 4, 5, 0, 0, 0, 0, 0
1000100, 33.6179, 10.5296, 3.11035, 2.60305, 0.5, 0.026, 4, 4, 5, 0, 0, 0, 0, 0
1000110, 33.271, 8.84996, 1.8446, 2.49589, 0.5, 0.026, 4, 4, 5, 0, 0, 0, 0, 0
1000111, 35.1852, 8.41048, 3.03957, 2.59116, 0.5, 0.026, 4, 4, 5, 0, 0, 0, 0, 0
1000101, 34.8713, 9.43468, 3.02558, 2.54019, 0.5, 0.026, 4, 4, 5, 0, 0, 0, 0, 0
1000011, 35.7833, 11.4548, 3.08858, 2.70483, 0.5, 0.026, 4, 4, 5, 0, 0, 0, 0, 0
1010111, 36.5947, 2.18688, 2.3226, 2.7075, 0.5, 0.026, 4, 4, 5, 0, 0, 0, 0, 0
1010110, 36.2494, 4.64192, 1.5238, 2.72363, 0.5, 0.026, 4, 4, 5, 0, 0, 0, 0, 0

0011111, 7.05419, 0.499983, -2.33393e-05, 2.87897, 0.5, 0.026, 4, 4, 5, 0, 0, 0, 0, 0
0101111, 7.11777, 1.48426, -0.0064871, 3.08192, 0.5, 0.026, 4, 4, 5, 0, 0, 0, 0, 0
0111111, 7.14407, 3.17287, 0.799315, 2.85519, 0.5, 0.026, 4, 4, 5, 0, 0, 0, 0, 0
0111001, 7.9306, 9.55919, 1.46815, 2.97427, 0.5, 0.026, 4, 4, 5, 0, 0, 0, 0, 0
0011011, 10.6503, 2.05134, 0.605475, 3.02301, 0.5, 0.026, 4, 4, 5, 0, 0, 0, 0, 0
0011110, 9.88517, 0.499951, -9.21479e-07, 2.82486, 0.5, 0.026, 4, 4, 5, 0, 0, 0, 0, 0
0101110, 9.76066, 2.59783, 0.590388, 2.95606, 0.5, 0.026, 4, 4, 5, 0, 0, 0, 0, 0
0111110, 8.6526, 3.02008, 0.594095, 2.96637, 0.5, 0.026, 4, 4, 5, 0, 0, 0, 0, 0
0101100, 11.957, 5.76554, 1.38414, 3.11212, 0.5, 0.026, 4, 4, 5, 0, 0, 0, 0, 0
0110110, 10.7359, 7.77364, 1.87452, 2.85761, 0.5, 0.026, 4, 4, 5, 0, 0, 0, 0, 0
0110111, 10.8168, 5.01515, 1.25938, 2.88435, 0.5, 0.026, 4, 4, 5, 0, 0, 0, 0, 0
0111011, 9.92986, 5.41205, 1.26154, 2.84779, 0.5, 0.026, 4, 4, 5, 0, 0, 0, 0, 0
0111100, 8.84892, 6.98424, 1.80164, 3.04361, 0.5, 0.026, 4, 4, 5, 0, 0, 0, 0, 0
0111101, 8.3513, 5.13823, 1.94034, 2.91936, 0.5, 0.026, 4, 4, 5, 0, 0, 0, 0, 0
0110001, 11.7771, 11.5001, -3.1742e-05, 2.85174, 0.5, 0.026, 4, 4, 5, 0, 0, 0, 0, 0
0111010, 9.60384, 8.10964, 1.8651, 2.88412, 0.5, 0.026, 4, 4, 5, 0, 0, 0, 0, 0
0110011, 9.91576, 9.85528, -0.299762, 2.94493, 0.5, 0.026, 4, 4, 5, 0, 0, 0, 0, 0
0111000, 9.23848, 11.1435, 2.78443, 3.03945, 0.5, 0.026, 4, 4, 5, 0, 0, 0, 0, 0
0010111, 15.8271, 2.08099, 0.675265, 3.05656, 0.5, 0.026, 4, 4, 5, 0, 0, 0, 0, 0
1111110, 15.3974, 0.49913, 9.00441e-05, 2.77498, 0.5, 0.026, 4, 4, 5, 0, 0, 0, 0, 0
0011100, 14.4548, 2.21227, 0.813832, 3.00672, 0.5, 0.026, 4, 4, 5, 0, 0, 0, 0, 0
1111111, 12.6627, 0.500068, 0.000321009, 2.79261, 0.5, 0.026, 4, 4, 5, 0, 0, 0, 0, 0
0011101, 12.2004, 1.75235, 0.427863, 2.89056, 0.5, 0.026, 4, 4, 5, 0, 0, 0, 0, 0
0101101, 12.4338, 3.91621, 0.293115, 3.09702, 0.5, 0.026, 4, 4, 5, 0, 0, 0, 0, 0
0011010, 13.3236, 3.1993, 0.225019, 2.91118, 0.5, 0.026, 4, 4, 5, 0, 0, 0, 0, 0
0100111, 15.4405, 7.72944, 0.115416, 3.04673, 0.5, 0.026, 4, 4, 5, 0, 0, 0, 0, 0
0010110, 15.2515, 4.00135, 2.66609, 2.9629, 0.5, 0.026, 4, 4, 5, 0, 0, 0, 0, 0
0001111, 14.014, 6.40883, 0.276099, 3.0619, 0.5, 0.026, 4, 4, 5, 0, 0, 0, 0, 0
0011001, 13.7348, 5.31173, 0.273342, 2.90219, 0.5, 0.026, 4, 4, 5, 0, 0, 0, 0, 0
0101011, 12.586, 7.67719, -0.40737, 2.99518, 0.5, 0.026, 4, 4, 5, 0, 0, 0, 0, 0
0101010, 15.3713, 8.65128, 0.116794, 2.96679, 0.5, 0.026, 4, 4, 5, 0, 0, 0, 0, 0
0110100, 14.8162, 9.52344, 0.132827, 3.03415, 0.5, 0.026, 4, 4, 5, 0, 0, 0, 0, 0
0110000, 14.6362, 11.5005, 7.92359e-05, 2.9271, 0.5, 0.026, 4, 4, 5, 0, 0, 0, 0, 0
0101000, 14.2527, 10.5606, 3.12764, 2.99553, 0.5, 0.026, 4, 4, 5, 0, 0, 0, 0, 0
0110101, 12.5818, 8.72762, -0.429739, 2.89835, 0.5, 0.026, 4, 4, 5, 0, 0, 0, 0, 0
0110010, 12.0106, 10.0934, 2.68526, 2.93247, 0.5, 0.026, 4, 4, 5, 0, 0, 0, 0, 0
1101110, 19.7425, 2.3506, 0.0178222, 2.96094, 0.5, 0.026, 4, 4, 5, 0, 0, 0, 0, 0
0010011, 19.288, 3.55226, -0.206744, 3.06204, 0.5, 0.026, 4, 4, 5, 0, 0, 0, 0, 0
1110111, 17.5382, 1.44397, -0.0478885, 2.78194, 0.5, 0.026, 4, 4, 5, 0, 0, 0, 0, 0
1111101, 18.1839, 0.499578, 3.52465e-05, 2.90485, 0.5, 0.026, 4, 4, 5, 0, 0, 0, 0, 0
1101111, 17.4375, 3.2393, -1.15253, 2.84582, 0.5, 0.026, 4, 4, 5, 0, 0, 0, 0, 0
0001011, 19.9173, 6.39172, -0.233149, 2.8897, 0.5, 0.026, 4, 4, 5, 0, 0, 0, 0, 0
0010100, 19.2538, 4.5529, -0.223705, 2.92894, 0.5, 0.026, 4, 4, 5, 0, 0, 0, 0, 0
0001101, 19.2183, 5.55809, -0.225352, 2.92092, 0.5, 0.026, 4, 4, 5, 0, 0, 0, 0, 0
0010101, 16.4192, 5.00874, 0.0376055, 2.945, 0.5, 0.026, 4, 4, 5, 0, 0, 0, 0, 0
0100011, 18.3985, 7.70865, 0.00740403, 2.96428, 0.5, 0.026, 4, 4, 5, 0, 0, 0, 0, 0
0001110, 17.0061, 6.79512, -0.0536824, 3.06945, 0.5, 0.026, 4, 4, 5, 0, 0, 0, 0, 0
0011000, 16.4533, 5.93173, 0.0452746, 2.76941, 0.5, 0.026, 4, 4, 5, 0, 0, 0, 0, 0
0101001, 17.7414, 9.67015, 3.20271, 2.88821, 0.5, 0.026, 4, 4, 5, 0, 0, 0, 0, 0
0100110, 18.3032, 8.66901, 0.00644586, 2.94342, 0.5, 0.026, 4, 4, 5, 0, 0, 0, 0, 0
0100000, 17.6149, 11.5013, 3.14158, 3.10034, 0.5, 0.026, 4, 4, 5, 0, 0, 0, 0, 0
0100100, 17.1784, 10.5904, 3.1995, 2.87646, 0.5, 0.026, 4, 4, 5, 0, 0, 0, 0, 0
1110101, 23.206, 1.4256, 0.0125532, 2.92675, 0.5, 0.026, 4, 4, 5, 0, 0, 0, 0, 0
1111011, 23.8749, 0.498777, 1.30572e-05, 2.8884, 0.5, 0.026, 4, 4, 5, 0, 0, 0, 0, 0
1101101, 22.7104, 2.32044, 0.0376081, 3.02253, 0.5, 0.026, 4, 4, 5, 0, 0, 0, 0, 0
0010010, 22.3273, 3.19901, 0.0587703, 3.13888, 0.5, 0.026, 4, 4, 5, 0, 0, 0, 0, 0
1110110, 20.3304, 1.43601, -0.0208748, 2.84642, 0.5, 0.026, 4, 4, 5, 0, 0, 0, 0, 0
1111100, 21.0301, 0.496977, -0.000116643, 2.89773, 0.5, 0.026, 4, 4, 5, 0, 0, 0, 0, 0
0000101, 23.2205, 7.79108, 1.40844, 2.93398, 0.5, 0.026, 4, 4, 5, 0, 0, 0, 0, 0
0000111, 22.7758, 5.89732, 3.11932, 3.01772, 0.5, 0.026, 4, 4, 5, 0, 0, 0, 0, 0
0001010, 21.9846, 4.98917, 0.0320939, 2.89683, 0.5, 0.026, 4, 4, 5, 0, 0, 0, 0, 0
0000110, 21.1725, 7.08008, 2.90555, 2.89477, 0.5, 0.026, 4, 4, 5, 0, 0, 0, 0, 0
0001100, 22.0719, 4.08611, 0.032831, 2.91983, 0.5, 0.026, 4, 4, 5, 0, 0, 0, 0, 0
0000001, 23.3658, 11.5038, 3.14146, 2.90698, 0.5, 0.026, 4, 4, 5, 0, 0, 0, 0, 0
0100101, 20.4968, 9.27516, 2.80552, 2.83656, 0.5, 0.026, 4, 4, 5, 0, 0, 0, 0, 0
0000010, 23.9312, 10.5994, 3.16436, 2.98008, 0.5, 0.026, 4, 4, 5, 0, 0, 0, 0, 0
0100001, 20.0802, 10.3715, 2.8875, 3.04267, 0.5, 0.026, 4, 4, 5, 0, 0, 0, 0, 0
0100010, 21.2211, 8.0178, -0.222795, 3.0419, 0.5, 0.026, 4, 4, 5, 0, 0, 0, 0, 0
0000100, 22.1616, 9.7027, 1.81755, 3.01669, 0.5, 0.026, 4, 4, 5, 0, 0, 0, 0, 0
0000000, 20.5293, 11.5004, 3.14163, 2.78348, 0.5, 0.026, 4, 4, 5, 0, 0, 0, 0, 0
1101100, 25.3481, 3.39522, 0.249223, 3.03404, 0.5, 0.026, 4, 4, 5, 0, 0, 0, 0, 0
1011111, 26.8513, 0.498785, 6.78484e-05, 3.15541, 0.5, 0.026, 4, 4, 5, 0, 0, 0, 0, 0
1110100, 25.5832, 2.49886, 0.248424, 2.84887, 0.5, 0.026, 4, 4, 5, 0, 0, 0, 0, 0
1111010, 26.157, 1.436, 0.0146214, 3.01578, 0.5, 0.026, 4, 4, 5, 0, 0, 0, 0, 0
1101011, 27.9212, 4.30252, -0.0569056, 2.8017, 0.5, 0.026, 4, 4, 5, 0, 0, 0, 0, 0
0001001, 24.8061, 5.15723, 0.254977, 2.88383, 0.5, 0.026, 4, 4, 5, 0, 0, 0, 0, 0
1100011, 24.1655, 7.77868, 1.41225, 2.98289, 0.5, 0.026, 4, 4, 5, 0, 0, 0, 0, 0
1100101, 25.2151, 7.01324, 1.07724, 3.01048, 0.5, 0.026, 4, 4, 5, 0, 0, 0, 0, 0
0010001, 25.0361, 4.27481, 0.25502, 3.1671, 0.5, 0.026, 4, 4, 5, 0, 0, 0, 0, 0
0001000, 26.9114, 6.24425, -0.100222, 2.87796, 0.5, 0.026, 4, 4, 5, 0, 0, 0, 0, 0
0010000, 27.69, 5.25806, -0.0387736, 3.01611, 0.5, 0.026, 4, 4, 5, 0, 0, 0, 0, 0
1100110, 27.4368, 7.53413, 3.40822, 3.09563, 0.5, 0.026, 4, 4, 5, 0, 0, 0, 0, 0
1010001, 27.4851, 8.55788, 0.259555, 2.84542, 0.5, 0.026, 4, 4, 5, 0, 0, 0, 0, 0
0000011, 26.8203, 10.4763, 3.28846, 2.92029, 0.5, 0.026, 4, 4, 5, 0, 0, 0, 0, 0
1100100, 26.2325, 9.14305, 0.388021, 3.08633, 0.5, 0.026, 4, 4, 5, 0, 0, 0, 0, 0
1100010, 24.1371, 9.70322, 0.0193517, 2.94734, 0.5, 0.026, 4, 4, 5, 0, 0, 0, 0, 0
1000000, 26.3031, 11.5019, 3.14161, 3.01837, 0.5, 0.026, 4, 4, 5, 0, 0, 0, 0, 0
1110011, 28.1877, 3.32764, -0.0518344, 2.82942, 0.5, 0.026, 4, 4, 5, 0, 0, 0, 0, 0
1011011, 28.4533, 2.39222, -0.00331722, 3.13601, 0.5, 0.026, 4, 4, 5, 0, 0, 0, 0, 0
1111001, 29.0681, 1.44998, -0.0933044, 2.88523, 0.5, 0.026, 4, 4, 5, 0, 0, 0, 0, 0
1011110, 29.9599, 0.498834, -3.64525e-06, 3.15136, 0.5, 0.026, 4, 4, 5, 0, 0, 0, 0, 0
1110010, 31.0545, 3.30398, -0.0124625, 2.9368, 0.5, 0.026, 4, 4, 5, 0, 0, 0, 0, 0
1111000, 31.9584, 1.44567, -0.0052862, 2.96762, 0.5, 0.026, 4, 4, 5, 0, 0, 0, 0, 0
1011010, 31.5003, 2.37643, 0.00904929, 3.02616, 0.5, 0.026, 4, 4, 5, 0, 0, 0, 0, 0
1100111, 29.2461, 6.03251, 2.28145, 3.09147, 0.5, 0.026, 4, 4, 5, 0, 0, 0, 0, 0
1101010, 30.7236, 4.24566, -0.0212141, 2.89264, 0.5, 0.026, 4, 4, 5, 0, 0, 0, 0, 0
1010011, 30.6446, 5.87576, 2.35417, 2.96009, 0.5, 0.026, 4, 4, 5, 0, 0, 0, 0, 0
1001101, 31.0547, 6.89542, 2.29667, 3.0487, 0.5, 0.026, 4, 4, 5, 0, 0, 0, 0, 0
1100001, 29.023, 10.1408, 0.427026, 2.96648, 0.5, 0.026, 4, 4, 5, 0, 0, 0, 0, 0
1000001, 29.3092, 11.5009, 3.14166, 3.05032, 0.5, 0.026, 4, 4, 5, 0, 0, 0, 0, 0
1010010, 29.3934, 8.30255, 1.58151, 2.93939, 0.5, 0.026, 4, 4, 5, 0, 0, 0, 0, 0
1001100, 31.3378, 8.81736, 0.171687, 2.94647, 0.5, 0.026, 4, 4, 5, 0, 0, 0, 0, 0
1100000, 31.7709, 11.0985, 0.420344, 2.97103, 0.5, 0.026, 4, 4, 5, 0, 0, 0, 0, 0
1010000, 31.2615, 9.78737, 0.169643, 2.98993, 0.5, 0.026, 4, 4, 5, 0, 0, 0, 0, 0
1011101, 33.0017, 0.498594, 9.01751e-05, 3.01038, 0.5, 0.026, 4, 4, 5, 0, 0, 0, 0, 0
1110001, 33.9367, 3.24456, 0.0509839, 2.77718, 0.5, 0.026, 4, 4, 5, 0, 0, 0, 0, 0
1011001, 34.2298, 1.5863, -0.734921, 2.9959, 0.5, 0.026, 4, 4, 5, 0, 0, 0, 0, 0
1110000, 35.8123, 2.49177, 0.17962, 2.91864, 0.5, 0.026, 4, 4, 5, 0, 0, 0, 0, 0
1001001, 32.4023, 7.85432, -0.00509332, 2.77503, 0.5, 0.026, 4, 4, 5, 0, 0, 0, 0, 0
1010100, 33.2988, 5.07255, 3.22222, 3.03888, 0.5, 0.026, 4, 4, 5, 0, 0, 0, 0, 0
1101001, 33.5369, 4.16127, 0.0589946, 2.81652, 0.5, 0.026, 4, 4, 5, 0, 0, 0, 0, 0
1001010, 33.2923, 6.95326, 3.20564, 2.91195, 0.5, 0.026, 4, 4, 5, 0, 0, 0, 0, 0
1001110, 33.7081, 6.04536, 3.22639, 3.02229, 0.5, 0.026, 4, 4, 5, 0, 0, 0, 0, 0
1001000, 33.2322, 9.73448, 1.65623, 2.89822, 0.5, 0.026, 4, 4, 5, 0, 0, 0, 0, 0
1000010, 34.6934, 11.5008, 3.14147, 3.07132, 0.5, 0.026, 4, 4, 5, 0, 0, 0, 0, 0
1000100, 35.1304, 10.5432, 3.11666, 2.96442, 0.5, 0.026, 4, 4, 5, 0, 0, 0, 0, 0
1000110, 34.4901, 8.71819, 1.8696, 2.84239, 0.5, 0.026, 4, 4, 5, 0, 0, 0, 0, 0
1101000, 36.3087, 3.86339, -0.334056, 2.88799, 0.5, 0.026, 4, 4, 5, 0, 0, 0, 0, 0
1011100, 36.8697, 0.499962, 2.66963e-05, 3.03247, 0.5, 0.026, 4, 4, 5, 0, 0, 0, 0, 0
1011000, 36.7128, 1.47844, -0.0108611, 2.90367, 0.5, 0.026, 4, 4, 5, 0, 0, 0, 0, 0
1010111, 38.4958, 2.0007, 2.20306, 3.08338, 0.5, 0.026, 4, 4, 5, 0, 0, 0, 0, 0
1001011, 36.1577, 7.28248, 3.45908, 2.94903, 0.5, 0.026, 4, 4, 5, 0, 0, 0, 0, 0
1010101, 36.2279, 4.90843, 2.83039, 2.99303, 0.5, 0.026, 4, 4, 5, 0, 0, 0, 0, 0
1001111, 36.6897, 6.44198, 3.47394, 3.0722, 0.5, 0.026, 4, 4, 5, 0, 0, 0, 0, 0
1010110, 38.1366, 4.79653, 1.71106, 3.10175, 0.5, 0.026, 4, 4, 5, 0, 0, 0, 0, 0
1000101, 36.2183, 9.53774, 3.15646, 2.89284, 0.5, 0.026, 4, 4, 5, 0, 0, 0, 0, 0
1000111, 36.5486, 8.5622, 3.16604, 2.95089, 0.5, 0.026, 4, 4, 5, 0, 0, 0, 0, 0
1000011, 37.7371, 11.3416, 2.98867, 3.08034, 0.5, 0.026, 4, 4, 5, 0, 0, 0, 0, 0

0111110, 7.16703, 3.2365, 0.414337, 3.37819, 0.5, 0.026, 4, 4, 5, 0, 0, 0, 0, 0
0011111, 4.87876, 0.500005, -0.000167961, 3.27865, 0.5, 0.026, 4, 4, 5, 0, 0, 0, 0, 0
0101111, 5.31167, 1.64546, -0.220433, 3.50978, 0.5, 0.026, 4, 4, 5, 0, 0, 0, 0, 0
0111111, 5.51833, 3.6418, 0.886739, 3.25157, 0.5, 0.026, 4, 4, 5, 0, 0, 0, 0, 0
0111100, 7.05696, 7.08778, 2.08354, 3.46615, 0.5, 0.026, 4, 4, 5, 0, 0, 0, 0, 0
0111101, 6.85134, 5.44772, 2.0429, 3.32465, 0.5, 0.026, 4, 4, 5, 0, 0, 0, 0, 0
0111010, 7.48338, 8.27683, 2.01257, 3.28451, 0.5, 0.026, 4, 4, 5, 0, 0, 0, 0, 0
0111000, 7.43394, 11.1778, 2.8767, 3.46142, 0.5, 0.026, 4, 4, 5, 0, 0, 0, 0, 0
0111001, 5.73326, 9.3774, 1.33369, 3.38719, 0.5, 0.026, 4, 4, 5, 0, 0, 0, 0, 0
1111111, 11.2289, 0.866285, 0.342856, 3.1803, 0.5, 0.026, 4, 4, 5, 0, 0, 0, 0, 0
0101101, 11.346, 3.84923, 0.300755, 3.52698, 0.5, 0.026, 4, 4, 5, 0, 0, 0, 0, 0
0011101, 10.8092, 1.71014, 0.348595, 3.29186, 0.5, 0.026, 4, 4, 5, 0, 0, 0, 0, 0
0011011, 9.21458, 2.01011, 0.445093, 3.44269, 0.5, 0.026, 4, 4, 5, 0, 0, 0, 0, 0
0011110, 8.11062, 0.499747, -1.90062e-05, 3.21703, 0.5, 0.026, 4, 4, 5, 0, 0, 0, 0, 0
0101110, 8.17183, 2.63097, 0.410894, 3.36645, 0.5, 0.026, 4, 4, 5, 0, 0, 0, 0, 0
0101011, 11.2158, 7.82419, -0.42585, 3.411, 0.5, 0.026, 4, 4, 5, 0, 0, 0, 0, 0
0101100, 10.4885, 5.76093, 1.40496, 3.54417, 0.5, 0.026, 4, 4, 5, 0, 0, 0, 0, 0
0110111, 9.4683, 5.19699, 1.31149, 3.28478, 0.5, 0.026, 4, 4, 5, 0, 0, 0, 0, 0
0111011, 8.6007, 5.76484, 1.32264, 3.24314, 0.5, 0.026, 4, 4, 5, 0, 0, 0, 0, 0
0110110, 9.00729, 8.11532, 2.31729, 3.25433, 0.5, 0.026, 4, 4, 5, 0, 0, 0, 0, 0
0110101, 11.1852, 8.84838, -0.449459, 3.30072, 0.5, 0.026, 4, 4, 5, 0, 0, 0, 0, 0
0110010, 10.7226, 10.1425, 2.78773, 3.33958, 0.5, 0.026, 4, 4, 5, 0, 0, 0, 0, 0
0110001, 10.4616, 11.5008, -7.92373e-05, 3.24764, 0.5, 0.026, 4, 4, 5, 0, 0, 0, 0, 0
0110011, 8.10412, 10.0039, -0.311493, 3.35376, 0.5, 0.026, 4, 4, 5, 0, 0, 0, 0, 0
0010111, 14.8826, 2.06042, 0.506715, 3.48089, 0.5, 0.026, 4, 4, 5, 0, 0, 0, 0, 0
1111110, 13.933, 0.498801, 0.00011218, 3.16023, 0.5, 0.026, 4, 4, 5, 0, 0, 0, 0, 0
0011100, 13.9152, 2.5869, 0.49173, 3.42414, 0.5, 0.026, 4, 4, 5, 0, 0, 0, 0, 0
0011010, 12.3493, 3.19334, 0.222837, 3.31533, 0.5, 0.026, 4, 4, 5, 0, 0, 0, 0, 0
0001110, 15.9205, 6.97911, -0.00979394, 3.49558, 0.5, 0.026, 4, 4, 5, 0, 0, 0, 0, 0
0010101, 15.5864, 5.28104, 0.0623991, 3.35385, 0.5, 0.026, 4, 4, 5, 0, 0, 0, 0, 0
0011000, 15.533, 6.13736, 0.0617167, 3.15388, 0.5, 0.026, 4, 4, 5, 0, 0, 0, 0, 0
0010110, 14.626, 4.203, 2.92375, 3.37423, 0.5, 0.026, 4, 4, 5, 0, 0, 0, 0, 0
0100111, 14.3191, 7.89956, -0.00416808, 3.46971, 0.5, 0.026, 4, 4, 5, 0, 0, 0, 0, 0
0001111, 12.5976, 6.37879, 0.443037, 3.48698, 0.5, 0.026, 4, 4, 5, 0, 0, 0, 0, 0
0011001, 12.4853, 5.27334, 0.462902, 3.30509, 0.5, 0.026, 4, 4, 5, 0, 0, 0, 0, 0
0101010, 14.2599, 8.8005, -0.00693761, 3.37866, 0.5, 0.026, 4, 4, 5, 0, 0, 0, 0, 0
0110100, 14.0156, 9.69069, 0.00177484, 3.45537, 0.5, 0.026, 4, 4, 5, 0, 0, 0, 0, 0
0110000, 13.7151, 11.5037, 1.77484e-05, 3.33347, 0.5, 0.026, 4, 4, 5, 0, 0, 0, 0, 0
0101000, 13.4413, 10.6079, 3.13183, 3.4114, 0.5, 0.026, 4, 4, 5, 0, 0, 0, 0, 0
1110110, 19.8724, 1.40194, -0.0146849, 3.24159, 0.5, 0.026, 4, 4, 5, 0, 0, 0, 0, 0
1101110, 19.1525, 2.31175, 0.00785618, 3.37201, 0.5, 0.026, 4, 4, 5, 0, 0, 0, 0, 0
0010011, 18.852, 3.674, -0.322908, 3.48714, 0.5, 0.026, 4, 4, 5, 0, 0, 0, 0, 0
1110111, 16.7096, 1.35621, -0.0304956, 3.16816, 0.5, 0.026, 4, 4, 5, 0, 0, 0, 0, 0
1111101, 17.1204, 0.491264, -0.000243587, 3.30812, 0.5, 0.026, 4, 4, 5, 0, 0, 0, 0, 0
1101111, 16.8362, 3.34676, -1.40921, 3.2409, 0.5, 0.026, 4, 4, 5, 0, 0, 0, 0, 0
0001011, 19.1925, 6.56872, -0.350072, 3.29087, 0.5, 0.026, 4, 4, 5, 0, 0, 0, 0, 0
0010100, 18.7826, 4.68999, -0.349782, 3.33556, 0.5, 0.026, 4, 4, 5, 0, 0, 0, 0, 0
0001101, 18.8061, 5.69627, -0.351032, 3.32642, 0.5, 0.026, 4, 4, 5, 0, 0, 0, 0, 0
0100011, 17.6861, 7.90997, 0.0524847, 3.37581, 0.5, 0.026, 4, 4, 5, 0, 0, 0, 0, 0
0101001, 17.3631, 9.71708, 3.18862, 3.28918, 0.5, 0.026, 4, 4, 5, 0, 0, 0, 0, 0
0100110, 17.5837, 8.80834, 0.0520137, 3.35205, 0.5, 0.026, 4, 4, 5, 0, 0, 0, 0, 0
0100000, 17.1051, 11.5038, 3.14171, 3.53076, 0.5, 0.026, 4, 4, 5, 0, 0, 0, 0, 0
0100100, 16.7634, 10.621, 3.18483, 3.2758, 0.5, 0.026, 4, 4, 5, 0, 0, 0, 0, 0
0001100, 21.9257, 3.94412, 0.0246902, 3.32524, 0.5, 0.026, 4, 4, 5, 0, 0, 0, 0, 0
1110101, 23.1553, 1.38863, 0.00972976, 3.33307, 0.5, 0.026, 4, 4, 5, 0, 0, 0, 0, 0
1111011, 23.6178, 0.495753, 1.57858e-05, 3.28939, 0.5, 0.026, 4, 4, 5, 0, 0, 0, 0, 0
1101101, 22.6523, 2.25599, 0.034738, 3.44214, 0.5, 0.026, 4, 4, 5, 0, 0, 0, 0, 0
0010010, 22.2401, 3.09306, 0.0572381, 3.57465, 0.5, 0.026, 4, 4, 5, 0, 0, 0, 0, 0
1111100, 20.375, 0.495572, 7.59073e-05, 3.30002, 0.5, 0.026, 4, 4, 5, 0, 0, 0, 0, 0
0100010, 20.9261, 7.90559, -0.344203, 3.46422, 0.5, 0.026, 4, 4, 5, 0, 0, 0, 0, 0
0000101, 23.2187, 7.70242, 1.19323, 3.3413, 0.5, 0.026, 4, 4, 5, 0, 0, 0, 0, 0
0000111, 22.2857, 5.67715, 3.13877, 3.43667, 0.5, 0.026, 4, 4, 5, 0, 0, 0, 0, 0
0001010, 21.8948, 4.80798, 0.023693, 3.29899, 0.5, 0.026, 4, 4, 5, 0, 0, 0, 0, 0
0000110, 20.7288, 7.01111, 2.78815, 3.29664, 0.5, 0.026, 4, 4, 5, 0, 0, 0, 0, 0
0000001, 23.7113, 11.5078, 3.14159, 3.31055, 0.5, 0.026, 4, 4, 5, 0, 0, 0, 0, 0
0100101, 20.4629, 9.03546, 2.69845, 3.23036, 0.5, 0.026, 4, 4, 5, 0, 0, 0, 0, 0
0100001, 20.039, 10.3009, 2.83416, 3.46507, 0.5, 0.026, 4, 4, 5, 0, 0, 0, 0, 0
0000100, 22.2514, 9.53206, 1.76006, 3.43549, 0.5, 0.026, 4, 4, 5, 0, 0, 0, 0, 0
0000000, 20.4251, 11.5039, 3.14149, 3.16991, 0.5, 0.026, 4, 4, 5, 0, 0, 0, 0, 0
1101100, 25.677, 3.32627, 0.160923, 3.45525, 0.5, 0.026, 4, 4, 5, 0, 0, 0, 0, 0
1011111, 27.0056, 0.500039, 0.00238548, 3.59347, 0.5, 0.026, 4, 4, 5, 0, 0, 0, 0, 0
1110100, 25.9383, 2.44271, 0.149192, 3.24438, 0.5, 0.026, 4, 4, 5, 0, 0, 0, 0, 0
1111010, 26.5293, 1.37939, -0.0329953, 3.43446, 0.5, 0.026, 4, 4, 5, 0, 0, 0, 0, 0
0001001, 25.1641, 5.07924, 0.173911, 3.28419, 0.5, 0.026, 4, 4, 5, 0, 0, 0, 0, 0
1100011, 24.1856, 7.68748, 1.20194, 3.397, 0.5, 0.026, 4, 4, 5, 0, 0, 0, 0, 0
1100101, 25.1722, 6.89603, 0.936271, 3.42842, 0.5, 0.026, 4, 4, 5, 0, 0, 0, 0, 0
0010001, 25.3236, 4.19217, 0.174468, 3.60679, 0.5, 0.026, 4, 4, 5, 0, 0, 0, 0, 0
0001000, 27.0559, 6.11778, -0.17005, 3.27751, 0.5, 0.026, 4, 4, 5, 0, 0, 0, 0, 0
1100110, 27.7985, 7.43087, 3.34447, 3.5254, 0.5, 0.026, 4, 4, 5, 0, 0, 0, 0, 0
0000010, 24.2219, 10.6193, 3.16151, 3.39381, 0.5, 0.026, 4, 4, 5, 0, 0, 0, 0, 0
1010001, 27.9198, 8.44354, 0.207771, 3.24044, 0.5, 0.026, 4, 4, 5, 0, 0, 0, 0, 0
0000011, 27.5089, 10.4698, 3.25089, 3.32571, 0.5, 0.026, 4, 4, 5, 0, 0, 0, 0, 0
1100100, 26.7255, 9.13733, 0.321708, 3.5148, 0.5, 0.026, 4, 4, 5, 0, 0, 0, 0, 0
1100010, 24.3832, 9.73885, 0.0171237, 3.35652, 0.5, 0.026, 4, 4, 5, 0, 0, 0, 0, 0
1000000, 27.0517, 11.502, 3.14159, 3.4374, 0.5, 0.026, 4, 4, 5, 0, 0, 0, 0, 0
1110011, 28.913, 3.17421, -0.0791898, 3.22222, 0.5, 0.026, 4, 4, 5, 0, 0, 0, 0, 0
1011011, 29.2321, 2.25983, -0.020194, 3.57137, 0.5, 0.026, 4, 4, 5, 0, 0, 0, 0, 0
1111001, 29.8468, 1.36734, -0.111012, 3.28578, 0.5, 0.026, 4, 4, 5, 0, 0, 0, 0, 0
1011110, 30.5466, 0.493955, -0.000158628, 3.58886, 0.5, 0.026, 4, 4, 5, 0, 0, 0, 0, 0
0010000, 28.4665, 5.04645, -0.0577127, 3.43483, 0.5, 0.026, 4, 4, 5, 0, 0, 0, 0, 0
1101011, 28.645, 4.13134, -0.0862629, 3.19065, 0.5, 0.026, 4, 4, 5, 0, 0, 0, 0, 0
1100111, 29.8856, 5.94841, 2.57801, 3.52066, 0.5, 0.026, 4, 4, 5, 0, 0, 0, 0, 0
1101010, 31.8023, 4.24935, -0.040499, 3.29422, 0.5, 0.026, 4, 4, 5, 0, 0, 0, 0, 0
1010011, 31.6424, 5.95384, 2.41233, 3.37103, 0.5, 0.026, 4, 4, 5, 0, 0, 0, 0, 0
1001101, 31.9531, 6.89833, 2.42992, 3.47194, 0.5, 0.026, 4, 4, 5, 0, 0, 0, 0, 0
1100001, 29.9304, 10.1033, 0.407875, 3.37831, 0.5, 0.026, 4, 4, 5, 0, 0, 0, 0, 0
1000001, 30.4692, 11.5039, 3.14171, 3.47379, 0.5, 0.026, 4, 4, 5, 0, 0, 0, 0, 0
1010010, 30.1489, 8.18756, 1.31832, 3.34746, 0.5, 0.026, 4, 4, 5, 0, 0, 0, 0, 0
1110010, 32.1186, 3.2955, -0.0323372, 3.34451, 0.5, 0.026, 4, 4, 5, 0, 0, 0, 0, 0
1011010, 32.6885, 2.3341, -0.0061452, 3.44628, 0.5, 0.026, 4, 4, 5, 0, 0, 0, 0, 0
1111000, 33.1248, 1.4335, -0.019608, 3.37962, 0.5, 0.026, 4, 4, 5, 0, 0, 0, 0, 0
1011101, 34.0176, 0.496719, -2.63707e-05, 3.4283, 0.5, 0.026, 4, 4, 5, 0, 0, 0, 0, 0
1110001, 35.3378, 3.21239, 0.0172663, 3.16273, 0.5, 0.026, 4, 4, 5, 0, 0, 0, 0, 0
1011001, 35.7286, 1.36596, -0.801101, 3.41182, 0.5, 0.026, 4, 4, 5, 0, 0, 0, 0, 0
1001001, 33.501, 7.72584, -0.0616428, 3.16028, 0.5, 0.026, 4, 4, 5, 0, 0, 0, 0, 0
1010100, 34.7745, 5.02353, 3.19108, 3.46077, 0.5, 0.026, 4, 4, 5, 0, 0, 0, 0, 0
1101001, 35.0226, 4.1212, 0.0238944, 3.20753, 0.5, 0.026, 4, 4, 5, 0, 0, 0, 0, 0
1001010, 34.6884, 6.8351, 3.17561, 3.31621, 0.5, 0.026, 4, 4, 5, 0, 0, 0, 0, 0
1001110, 35.0414, 5.94489, 3.19372, 3.44187, 0.5, 0.026, 4, 4, 5, 0, 0, 0, 0, 0
1001100, 32.4416, 8.7569, 0.100834, 3.35553, 0.5, 0.026, 4, 4, 5, 0, 0, 0, 0, 0
1010000, 32.5529, 9.71208, 0.0963403, 3.40502, 0.5, 0.026, 4, 4, 5, 0, 0, 0, 0, 0
1100000, 33.0714, 11.0468, 0.391121, 3.3835, 0.5, 0.026, 4, 4, 5, 0, 0, 0, 0, 0
1001000, 34.7078, 9.72739, 1.43924, 3.30058, 0.5, 0.026, 4, 4, 5, 0, 0, 0, 0, 0
1110000, 37.3971, 2.57957, 0.355958, 3.32384, 0.5, 0.026, 4, 4, 5, 0, 0, 0, 0, 0
1101000, 38.3302, 3.98045, 0.169036, 3.28892, 0.5, 0.026, 4, 4, 5, 0, 0, 0, 0, 0
1011100, 38.777, 0.499815, 3.0501e-05, 3.45346, 0.5, 0.026, 4, 4, 5, 0, 0, 0, 0, 0
1011000, 38.1846, 1.51671, 0.0816812, 3.30678, 0.5, 0.026, 4, 4, 5, 0, 0, 0, 0, 0
1001011, 38.0337, 7.1606, 3.55089, 3.35844, 0.5, 0.026, 4, 4, 5, 0, 0, 0, 0, 0
1010101, 38.1088, 4.9296, 3.31363, 3.40855, 0.5, 0.026, 4, 4, 5, 0, 0, 0, 0, 0
1001111, 38.3577, 6.24973, 3.54707, 3.49871, 0.5, 0.026, 4, 4, 5, 0, 0, 0, 0, 0
1000110, 36.0952, 8.58658, 1.97534, 3.237, 0.5, 0.026, 4, 4, 5, 0, 0, 0, 0, 0
1000010, 36.8074, 11.5016, 3.14154, 3.49771, 0.5, 0.026, 4, 4, 5, 0, 0, 0, 0, 0
1000100, 36.9949, 10.5558, 3.13145, 3.37597, 0.5, 0.026, 4, 4, 5, 0, 0, 0, 0, 0
1000101, 37.8761, 9.57869, 3.13188, 3.29445, 0.5, 0.026, 4, 4, 5, 0, 0, 0, 0, 0
1000111, 38.3327, 8.60528, 3.1453, 3.36055, 0.5, 0.026, 4, 4, 5, 0, 0, 0, 0, 0
1010111, 40.1665, 2.1304, 2.16628, 3.51144, 0.5, 0.026, 4, 4, 5, 0, 0, 0, 0, 0
1010110, 40.3612, 4.77136, 1.71189, 3.53236, 0.5, 0.026, 4, 4, 5, 0, 0, 0, 0, 0
1000011, 40.1311, 10.9049, 2.64712, 3.50798, 0.5, 0.026, 4, 4, 5, 0, 0, 0, 0, 0

