1, 23.5, 5.75, 1.5708, 2, 0.5, 0.013, 4, 3.94738, 5, 0, 0, 0, 0, 0
0, 22, 6, 0, 2, 0.5, 0.013, 4, 3.92416, 5, 0, 0, 0, 0, 0

1, 23.5295, 5.75, 1.5708, 2.13432, 0.5, 0.013, 4, 3.94738, 5, 0.00640848, -3.20482e-09, 0, 0.000982715, -1.27714e-09
0, 21.9705, 6, 4.134e-13, 2.13432, 0.5, 0.013, 4, 3.92416, 5, -0.00640848, 3.20482e-09, 0, -0.000982715, 1.27714e-09

1, 23.5653, 5.75, 1.5708, 2.27766, 0.5, 0.013, 4, 3.94738, 5, 0.00737928, -7.71177e-09, 0, 0.000205269, -9.9507e-10
0, 21.9347, 6, 1.61893e-12, 2.27766, 0.5, 0.013, 4, 3.92416, 5, -0.00737928, 7.71177e-09, 0, -0.000205269, 9.9507e-10

1, 23.6034, 5.75, 1.57079, 2.43062, 0.5, 0.013, 4, 3.94738, 5, 0.00787112, -1.22107e-08, 0, 0.000110479, -9.4484e-10
0, 21.8966, 6, 3.60442e-12, 2.43062, 0.5, 0.013, 4, 3.92416, 5, -0.00787112, 1.22107e-08, 0, -0.000110479, 9.4484e-10

1, 23.644, 5.75, 1.57079, 2.59386, 0.5, 0.013, 4, 3.94738, 5, 0.0083928, -1.70137e-08, 0, 0.000109507, -9.96445e-10
0, 21.856, 6, 6.40128e-12, 2.59386, 0.5, 0.013, 4, 3.92416, 5, -0.0083928, 1.70137e-08, 0, -0.000109507, 9.96445e-10

1, 23.6874, 5.75, 1.57079, 2.76806, 0.5, 0.013, 4, 3.94738, 5, 0.00895543, -2.21604e-08, 0, 0.000116539, -1.06508e-09
0, 21.8126, 6, 1.00229e-11, 2.76806, 0.5, 0.013, 4, 3.92416, 5, -0.00895543, 2.21604e-08, 0, -0.000116539, 1.06508e-09

1, 23.7336, 5.75, 1.57079, 2.95396, 0.5, 0.013, 4, 3.94738, 5, 0.00955731, -2.76685e-08, 0, 0.00012442, -1.13928e-09
0, 21.7664, 6, 1.44732e-11, 2.95396, 0.5, 0.013, 4, 3.92416, 5, -0.00955731, 2.76685e-08, 0, -0.00012442, 1.13928e-09

1, 23.783, 5.75, 1.57079, 3.15235, 0.5, 0.013, 4, 3.94738, 5, 0.0102, -3.356e-08, 0, 0.000132793, -1.21837e-09
0, 21.717, 6, 1.97498e-11, 3.15235, 0.5, 0.013, 4, 3.92416, 5, -0.0102, 3.356e-08, 0, -0.000132793, 1.21837e-09

1, 23.8357, 5.75, 1.57079, 3.36406, 0.5, 0.013, 4, 3.94738, 5, 0.0108859, -3.98601e-08, 0, 0.000141713, -1.30272e-09
0, 21.6643, 6, 2.58455e-11, 3.36406, 0.5, 0.013, 4, 3.92416, 5, -0.0108859, 3.98601e-08, 0, -0.000141713, 1.30272e-09

1, 23.892, 5.75, 1.57079, 3.58998, 0.5, 0.013, 4, 3.94738, 5, 0.011618, -4.6596e-08, 0, 0.000151231, -1.39272e-09
0, 21.608, 6, 3.27489e-11, 3.58998, 0.5, 0.013, 4, 3.92416, 5, -0.011618, 4.6596e-08, 0, -0.000151231, 1.39272e-09

1, 23.952, 5.75, 1.57079, 3.83108, 0.5, 0.013, 4, 3.94738, 5, 0.0123992, -5.37971e-08, 0, 0.000161391, -1.48877e-09
0, 21.548, 6, 4.04456e-11, 3.83108, 0.5, 0.013, 4, 3.92416, 5, -0.0123992, 5.37971e-08, 0, -0.000161391, 1.48877e-09

10, 23.9603, 6.78254, 1.5708, 2.04713, 0.5, 0.013, 4, 3.94738, 5, -0.0208842, 0.0222584, 0, -0.0300398, -0.00936925
01, 20.4612, 6.00286, 0.0413248, 1.99776, 0.5, 0.013, 4, 3.94799, 5, -0.0325886, 0.000558055, 0, -0.0109749, 0.000937672
00, 22.483, 5.97593, -1.33259e-06, 2.09062, 0.5, 0.013, 4, 3.92416, 5, -0.0499917, -0.0181769, 0, 0.0366311, 0.00386158
11, 24.2376, 4.75042, 1.58902, 2.04125, 0.5, 0.013, 4, 3.96323, 5, 0.103196, -0.00440231, 0, 0.00271798, 0.00424093

10, 23.8153, 6.90059, 1.57081, 2.18461, 0.5, 0.013, 4, 3.94738, 5, -0.0338877, 0.0281125, 0, -0.00499401, 0.000816899
01, 20.2108, 6.01937, 0.0413259, 2.13192, 0.5, 0.013, 4, 3.94799, 5, -0.0448798, 0.00512411, 0, -0.00124444, 0.00152482
00, 22.3497, 5.84692, -5.09139e-06, 2.23102, 0.5, 0.013, 4, 3.92416, 5, -0.0269552, -0.0330487, 0, 0.00580993, -0.00236517
11, 24.7647, 4.7458, 1.58902, 2.17833, 0.5, 0.013, 4, 3.96323, 5, 0.105991, -4.08652e-05, 0, 2.6198e-05, 4.08774e-05

10, 23.586, 7.05226, 1.57081, 2.33133, 0.5, 0.013, 4, 3.94738, 5, -0.0585435, 0.0313453, 0, -0.0051048, -0.000159003
01, 20.0182, 6.0516, 0.0413273, 2.2751, 0.5, 0.013, 4, 3.94799, 5, -0.029538, 0.00632543, 0, 0.00354035, -0.000510855
00, 22.2425, 5.66341, -9.47107e-06, 2.38086, 0.5, 0.013, 4, 3.92416, 5, -0.017698, -0.037701, 0, 0.00156495, 0.000622506
11, 25.2948, 4.74578, 1.58902, 2.32463, 0.5, 0.013, 4, 3.96323, 5, 0.106022, 6.43841e-06, 0, 4.27405e-07, 6.66892e-07

01, 19.9065, 6.07447, 0.041328, 2.42789, 0.5, 0.013, 4, 3.94799, 5, -0.0171624, 0.00281226, 0, 0.00120406, -0.000516106
10, 23.2291, 7.19112, 1.57082, 2.4879, 0.5, 0.013, 4, 3.94738, 5, -0.0828859, 0.0217845, 0, -0.00392609, -0.00358485
00, 22.1819, 5.50095, -1.32505e-05, 2.54075, 0.5, 0.013, 4, 3.92416, 5, -0.00587197, -0.0248285, 0, 0.00268725, 0.00407562
11, 25.8249, 4.74581, 1.58902, 2.48075, 0.5, 0.013, 4, 3.96323, 5, 0.106022, 7.29872e-06, 0, 1.08721e-08, 1.6964e-08

01, 19.8239, 6.08959, 0.0413286, 2.59095, 0.5, 0.013, 4, 3.94799, 5, -0.0176588, 0.00459972, 0, -0.000288383, 0.000448523
10, 22.7814, 7.2482, 1.57082, 2.65498, 0.5, 0.013, 4, 3.94738, 5, -0.0929392, 0.00424663, 0, -0.000406005, 0.000944372
00, 22.1822, 5.42767, -1.36521e-05, 2.71139, 0.5, 0.013, 4, 3.92416, 5, 0.00458067, -0.0089179, 0, 0.000732273, -0.00129567
11, 26.355, 4.74585, 1.58902, 2.64735, 0.5, 0.013, 4, 3.96323, 5, 0.106022, 7.32291e-06, 0, 4.04066e-10, 6.30476e-10

01, 19.7427, 6.10723, 0.0413292, 2.76495, 0.5, 0.013, 4, 3.94799, 5, -0.0154167, 0.00305832, 0, -0.000246535, 0.000449637
10, 22.3144, 7.28319, 1.57082, 2.83329, 0.5, 0.013, 4, 3.94738, 5, -0.0935756, 0.00757627, 0, -2.12033e-05, 5.77226e-05
00, 22.2009, 5.37487, -1.37097e-05, 2.89348, 0.5, 0.013, 4, 3.92416, 5, 0.00311143, -0.0106493, 0, 0.000241821, -0.000473566
11, 26.8851, 4.74588, 1.58902, 2.82515, 0.5, 0.013, 4, 3.96323, 5, 0.106022, 7.3239e-06, 0, 2.08222e-11, 3.24894e-11

01, 19.6668, 6.12284, 0.0413297, 2.95065, 0.5, 0.013, 4, 3.94799, 5, -0.0145212, 0.00257587, 0, 0.000247696, -0.000219913
10, 21.8464, 7.32241, 1.57082, 3.02357, 0.5, 0.013, 4, 3.94738, 5, -0.0936115, 0.0084677, 0, -1.32117e-06, 0.000356919
00, 22.2155, 5.31999, -1.30521e-05, 3.0878, 0.5, 0.013, 4, 3.92416, 5, 0.00226773, -0.0110663, 0, -0.000246123, -0.000135328
11, 27.4152, 4.74592, 1.58902, 3.01488, 0.5, 0.013, 4, 3.96323, 5, 0.106022, 7.32395e-06, 0, 1.42547e-12, 2.22421e-12

01, 19.4507, 6.11481, 0.0413292, 3.14881, 0.5, 0.013, 4, 3.94799, 5, -0.0738432, -0.00630492, 0, 0.0281535, 0.00287604
10, 21.5219, 7.38021, 1.57083, 3.22663, 0.5, 0.013, 4, 3.94738, 5, -0.0334295, 0.0120885, 0, -0.0267007, -0.00483292
00, 22.2234, 5.26956, -1.23472e-05, 3.29518, 0.5, 0.013, 4, 3.92416, 5, 0.000838978, -0.00599415, 0, -0.000199416, 0.00208722
11, 27.9453, 4.74596, 1.58902, 3.21736, 0.5, 0.013, 4, 3.96323, 5, 0.106022, 7.32396e-06, 0, 1.25138e-13, 1.95255e-13

01, 19.1406, 6.09038, 0.0413289, 3.36028, 0.5, 0.013, 4, 3.94799, 5, -0.0620894, -0.00467341, 0, 0.0112878, 0.00112631
10, 21.2993, 7.44495, 1.57083, 3.44333, 0.5, 0.013, 4, 3.94738, 5, -0.0441152, 0.0128935, 0, -0.0109116, -0.00266308
00, 22.2263, 5.22909, -1.13801e-05, 3.51648, 0.5, 0.013, 4, 3.92416, 5, 0.000431332, -0.00823567, 0, -2.33193e-05, 0.00153466
11, 28.4754, 4.74599, 1.58902, 3.43343, 0.5, 0.013, 4, 3.96323, 5, 0.106022, 7.32396e-06, 0, 1.36758e-14, 2.13388e-14

01, 18.8225, 6.06942, 0.0413286, 3.58595, 0.5, 0.013, 4, 3.94799, 5, -0.0619076, -0.00345715, 0, 0.00135634, 0.000381973
10, 21.0861, 7.51142, 1.57084, 3.67458, 0.5, 0.013, 4, 3.94738, 5, -0.0442328, 0.0136996, 0, -0.00134124, -0.000667908
00, 22.2283, 5.18367, -1.01965e-05, 3.75264, 0.5, 0.013, 4, 3.92416, 5, 0.00037975, -0.0102005, 0, -3.43623e-06, 0.000273333
11, 29.0055, 4.74603, 1.58902, 3.66402, 0.5, 0.013, 4, 3.96323, 5, 0.106022, 7.32396e-06, 0, 1.81474e-15, 2.83159e-15

01, 18.4976, 6.05597, 0.0413287, 3.82678, 0.5, 0.013, 4, 3.94799, 5, -0.0641272, -0.00165234, 0, -0.000547939, 0.000445855
001, 21.3077, 5.11424, -0.0213781, 1.9658, 0.5, 0.013, 4, 3.99762, 5, -0.0167404, -0.0211811, 0, -0.00608727, 0.00731799
10, 20.8801, 7.58144, 1.57085, 3.92136, 0.5, 0.013, 4, 3.94738, 5, -0.0419367, 0.0140269, 0, 0.000488146, -0.00416947
000, 23.2922, 5.14033, -9.28336e-06, 2.03887, 0.5, 0.013, 4, 3.92416, 5, 0.0166371, -0.000951777, 0, 0.00646422, 0.00297161
11, 29.5357, 4.74607, 1.58902, 3.91009, 0.5, 0.013, 4, 3.96323, 5, 0.106022, 7.32396e-06, 0, 2.86232e-16, 4.46615e-16

011, 17.1478, 6.00295, 0.0579896, 2.09286, 0.5, 0.013, 4, 4.07169, 5, -0.0486639, -0.00187864, 0, 0.00407772, 0.000108022
010, 19.1877, 6.08906, 0.0413287, 1.99092, 0.5, 0.013, 4, 3.94799, 5, -0.0178123, 0.000405188, 0, -0.00223218, -6.6338e-06
101, 20.7078, 6.68204, 1.60516, 2.04691, 0.5, 0.013, 4, 4.04906, 5, -0.0380843, 0.00152373, 0, -0.000511792, -0.00063952
001, 21.2423, 5.04246, -0.0213783, 2.09782, 0.5, 0.013, 4, 3.99762, 5, -0.0126341, -0.0131164, 0, 0.000936961, -3.10115e-05
000, 23.3608, 5.14798, -9.4667e-06, 2.1758, 0.5, 0.013, 4, 3.92416, 5, 0.0134023, 0.0025642, 0, -0.000879026, 0.000126525
100, 20.4834, 8.74432, 1.57085, 2.1378, 0.5, 0.013, 4, 3.94738, 5, -0.0956101, 0.0147278, 0, -0.00131698, 0.000236556
111, 30.0844, 3.66808, 1.62992, 2.10839, 0.5, 0.013, 4, 4.01908, 5, 0.10596, -0.0114855, 0, -2.3154e-05, -0.00129622
110, 30.0487, 5.74168, 1.58902, 2.0643, 0.5, 0.013, 4, 3.96323, 5, 0.106085, 0.0114491, 0, 2.38685e-05, 0.00139192

011, 16.8898, 5.99283, 0.0579896, 2.23342, 0.5, 0.013, 4, 4.07169, 5, -0.0612322, -0.00240088, 0, 0.0049924, 0.000178851
010, 19.0562, 6.09, 0.0413287, 2.12463, 0.5, 0.013, 4, 3.94799, 5, -0.0295133, 0.000128426, 0, -0.00688269, -0.00024567
101, 20.5787, 6.7047, 1.60516, 2.18438, 0.5, 0.013, 4, 4.04906, 5, -0.0134757, 0.0085535, 0, 0.00119179, 0.000455228
001, 21.1797, 4.97455, -0.0213788, 2.2387, 0.5, 0.013, 4, 3.99762, 5, -0.0124757, -0.0141175, 0, -1.91444e-06, -0.000236118
000, 23.4272, 5.16351, -9.84517e-06, 2.32192, 0.5, 0.013, 4, 3.92416, 5, 0.0132438, 0.00366171, 0, -1.94318e-06, 0.00023596
100, 20.0019, 8.80408, 1.57085, 2.28138, 0.5, 0.013, 4, 3.94738, 5, -0.0957129, 0.00831693, 0, 0.000113503, -0.000468252
111, 30.6139, 3.5988, 1.62992, 2.24998, 0.5, 0.013, 4, 4.01908, 5, 0.10585, -0.0145038, 0, -2.54992e-05, -0.000441921
110, 30.5794, 5.81107, 1.58902, 2.20294, 0.5, 0.013, 4, 3.96323, 5, 0.106195, 0.0145268, 0, 2.56014e-05, 0.000445389

011, 16.597, 5.98116, 0.0579896, 2.38341, 0.5, 0.013, 4, 4.07169, 5, -0.0601436, -0.0024382, 0, -0.000348468, -3.11079e-05
010, 18.906, 6.09067, 0.0413288, 2.26732, 0.5, 0.013, 4, 3.94799, 5, -0.029194, 0.000215188, 0, 0.00023618, 2.70102e-05
100, 19.5239, 8.84343, 1.57085, 2.43459, 0.5, 0.013, 4, 3.94738, 5, -0.0955709, 0.007731, 0, 2.55817e-06, -1.05536e-05
101, 20.4998, 6.74894, 1.60517, 2.33108, 0.5, 0.013, 4, 4.04906, 5, -0.0149867, 0.00898333, 0, 8.64412e-05, 9.88975e-06
001, 21.1177, 4.90094, -0.0213794, 2.38905, 0.5, 0.013, 4, 3.99762, 5, -0.0121931, -0.0153255, 0, 9.87555e-05, -0.000249375
000, 23.493, 5.18484, -1.0434e-05, 2.47786, 0.5, 0.013, 4, 3.92416, 5, 0.0129636, 0.00486894, 0, -9.80293e-05, 0.000248992
111, 31.1429, 3.52438, 1.62992, 2.40109, 0.5, 0.013, 4, 4.01908, 5, 0.105722, -0.0153672, 0, -2.89367e-05, -0.000156736
110, 31.1106, 5.88558, 1.58902, 2.35088, 0.5, 0.013, 4, 3.96323, 5, 0.106323, 0.0153833, 0, 2.89769e-05, 0.000154976

011, 16.2951, 5.9687, 0.0579897, 2.54348, 0.5, 0.013, 4, 4.07169, 5, -0.0612209, -0.0025802, 0, -0.000425637, -4.14863e-05
010, 18.7591, 6.09195, 0.0413288, 2.41959, 0.5, 0.013, 4, 3.94799, 5, -0.0292873, 0.00031718, 0, 0.000131981, 3.15923e-05
100, 19.0461, 8.88203, 1.57085, 2.5981, 0.5, 0.013, 4, 3.94738, 5, -0.0955673, 0.00771637, 0, 8.57114e-08, -3.53597e-07
101, 20.4268, 6.79396, 1.60517, 2.48763, 0.5, 0.013, 4, 4.04906, 5, -0.0138605, 0.00903109, 0, 0.000299455, 1.04961e-05
001, 21.0586, 4.82127, -0.0213803, 2.5495, 0.5, 0.013, 4, 3.99762, 5, -0.0113493, -0.0165288, 0, 0.00022837, -0.00023016
000, 23.556, 5.21222, -1.12264e-05, 2.64427, 0.5, 0.013, 4, 3.92416, 5, 0.0121292, 0.00607266, 0, -0.000226189, 0.000230578
111, 31.6711, 3.44515, 1.62992, 2.56235, 0.5, 0.013, 4, 4.01908, 5, 0.10555, -0.0163579, 0, -3.98707e-05, -0.000203084
110, 31.6427, 5.96489, 1.58902, 2.50877, 0.5, 0.013, 4, 3.96323, 5, 0.106497, 0.016374, 0, 3.99791e-05, 0.000203088

011, 15.9846, 5.95529, 0.0579897, 2.7143, 0.5, 0.013, 4, 4.07169, 5, -0.0629662, -0.00278996, 0, -0.000377852, -4.82451e-05
010, 18.6138, 6.09393, 0.0413288, 2.58209, 0.5, 0.013, 4, 3.94799, 5, -0.0288691, 0.000482185, 0, 5.88117e-05, 3.75181e-05
100, 18.5682, 8.92061, 1.57085, 2.77258, 0.5, 0.013, 4, 3.94738, 5, -0.0955672, 0.00771583, 0, 4.03806e-09, -1.66588e-08
101, 20.3607, 6.83923, 1.60517, 2.6547, 0.5, 0.013, 4, 4.04906, 5, -0.0125321, 0.00907713, 0, 0.000318799, 1.09914e-05
001, 21.0053, 4.73598, -0.0213813, 2.72072, 0.5, 0.013, 4, 3.99762, 5, -0.00984996, -0.0175291, 0, 0.000373096, -0.000158736
000, 23.6132, 5.24524, -1.21838e-05, 2.82186, 0.5, 0.013, 4, 3.92416, 5, 0.0106425, 0.00707778, 0, -0.000370269, 0.000160349
111, 32.1983, 3.36068, 1.62992, 2.73443, 0.5, 0.013, 4, 4.01908, 5, 0.105316, -0.0174363, 0, -5.39041e-05, -0.000221577
110, 32.1757, 6.04944, 1.58902, 2.67725, 0.5, 0.013, 4, 3.96323, 5, 0.106731, 0.0174531, 0, 5.40653e-05, 0.000221745

011, 15.6651, 5.94069, 0.0579897, 2.89659, 0.5, 0.013, 4, 4.07169, 5, -0.0648473, -0.00306051, 0, -0.000391454, -6.17403e-05
010, 18.4704, 6.09686, 0.0413287, 2.7555, 0.5, 0.013, 4, 3.94799, 5, -0.0285001, 0.000702159, 0, 8.14994e-05, 5.14483e-05
100, 18.0904, 8.95919, 1.57085, 2.95878, 0.5, 0.013, 4, 3.94738, 5, -0.0955672, 0.0077158, 0, 2.55662e-10, -1.05472e-09
101, 20.3018, 6.88474, 1.60518, 2.83299, 0.5, 0.013, 4, 4.04906, 5, -0.0110192, 0.00912928, 0, 0.000310667, 1.07072e-05
001, 20.9614, 4.64691, -0.0213823, 2.90344, 0.5, 0.013, 4, 3.99762, 5, -0.00760767, -0.0179661, 0, 0.000520826, 1.47742e-06
000, 23.6612, 5.28208, -1.32094e-05, 3.01137, 0.5, 0.013, 4, 3.92416, 5, 0.00841503, 0.00752748, 0, -0.000517873, 2.11106e-06
111, 32.7241, 3.27068, 1.62992, 2.91807, 0.5, 0.013, 4, 4.01908, 5, 0.105003, -0.0185706, 0, -7.25636e-05, -0.000232358
110, 32.7101, 6.13952, 1.58902, 2.85706, 0.5, 0.013, 4, 3.96323, 5, 0.107045, 0.0185882, 0, 7.27917e-05, 0.000232494

011, 15.3359, 5.92454, 0.0579896, 3.09112, 0.5, 0.013, 4, 4.07169, 5, -0.0668496, -0.00341465, 0, -0.000409668, -8.10579e-05
010, 18.3289, 6.10109, 0.0413287, 2.94055, 0.5, 0.013, 4, 3.94799, 5, -0.0281003, 0.0010034, 0, 8.02814e-05, 7.02719e-05
100, 17.6126, 8.99777, 1.57085, 3.15749, 0.5, 0.013, 4, 3.94738, 5, -0.0955672, 0.0077158, 0, 2.09561e-11, -8.64532e-11
101, 20.2507, 6.93053, 1.60518, 3.02325, 0.5, 0.013, 4, 4.04906, 5, -0.00941471, 0.00918458, 0, 0.000329663, 1.13621e-05
001, 20.9303, 4.55812, -0.0213833, 3.09844, 0.5, 0.013, 4, 3.99762, 5, -0.00472855, -0.0173226, 0, 0.000614736, 0.000274843
000, 23.6963, 5.31874, -1.41275e-05, 3.21361, 0.5, 0.013, 4, 3.92416, 5, 0.00554848, 0.00690829, 0, -0.000612963, -0.000268644
111, 33.2481, 3.17489, 1.62992, 3.11405, 0.5, 0.013, 4, 4.01908, 5, 0.10458, -0.0197543, 0, -9.78189e-05, -0.000240966
110, 33.2464, 6.2354, 1.58902, 3.04893, 0.5, 0.013, 4, 3.96323, 5, 0.107469, 0.0197724, 0, 9.81439e-05, 0.000241072

011, 14.9964, 5.90635, 0.0579895, 3.29872, 0.5, 0.013, 4, 4.07169, 5, -0.0689583, -0.00388617, 0, -0.000431816, -0.000109104
010, 18.1894, 6.10709, 0.0413285, 3.13804, 0.5, 0.013, 4, 3.94799, 5, -0.0276913, 0.00141988, 0, 8.25885e-05, 9.7934e-05
100, 17.1347, 9.03635, 1.57085, 3.36955, 0.5, 0.013, 4, 3.94738, 5, -0.0955672, 0.0077158, 0, 2.15569e-12, -8.89316e-12
101, 20.2078, 6.9766, 1.60518, 3.22629, 0.5, 0.013, 4, 4.04906, 5, -0.00771335, 0.00924322, 0, 0.000349531, 1.20472e-05
001, 20.9143, 4.47637, -0.0213839, 3.30652, 0.5, 0.013, 4, 3.99762, 5, -0.00171418, -0.015084, 0, 0.000554712, 0.000619967
000, 23.7164, 5.3485, -1.46887e-05, 3.42943, 0.5, 0.013, 4, 3.92416, 5, 0.00253524, 0.00470608, 0, -0.000556552, -0.000612147
111, 33.7696, 3.07308, 1.62992, 3.32319, 0.5, 0.013, 4, 4.01908, 5, 0.10401, -0.0209724, 0, -0.000132008, -0.00024542
110, 33.7851, 6.3373, 1.58902, 3.2537, 0.5, 0.013, 4, 3.96323, 5, 0.108042, 0.0209909, 0, 0.000132471, 0.000245471

011, 14.6462, 5.8854, 0.0579893, 3.52025, 0.5, 0.013, 4, 4.07169, 5, -0.0711644, -0.00452657, 0, -0.000449493, -0.000149543
010, 18.052, 6.11556, 0.0413283, 3.34878, 0.5, 0.013, 4, 3.94799, 5, -0.027279, 0.00200387, 0, 8.15806e-05, 0.000138196
100, 16.6569, 9.07493, 1.57085, 3.59584, 0.5, 0.013, 4, 3.94738, 5, -0.0955672, 0.0077158, 0, 2.71085e-13, -1.11835e-12
101, 20.1737, 7.02296, 1.60519, 3.44296, 0.5, 0.013, 4, 4.04906, 5, -0.00591812, 0.0093051, 0, 0.000368135, 1.26888e-05
001, 20.9114, 4.40885, -0.021384, 3.52859, 0.5, 0.013, 4, 3.99762, 5, 0.00016814, -0.0122913, 0, 0.000148935, 0.000253951
000, 23.7234, 5.36418, -1.47627e-05, 3.65975, 0.5, 0.013, 4, 3.92416, 5, 0.00062201, 0.00191478, 0, -0.000158655, -0.000265209
111, 34.2879, 2.96516, 1.62992, 3.54637, 0.5, 0.013, 4, 4.01908, 5, 0.10324, -0.0221944, 0, -0.000178003, -0.000241551
110, 34.3271, 6.44532, 1.58902, 3.47221, 0.5, 0.013, 4, 3.96323, 5, 0.108814, 0.0222129, 0, 0.000178659, 0.000241485

011, 14.2847, 5.86068, 0.0579891, 3.75667, 0.5, 0.013, 4, 4.07169, 5, -0.0734359, -0.00541172, 0, -0.000456917, -0.00020817
010, 17.9166, 6.12753, 0.041328, 3.57369, 0.5, 0.013, 4, 3.94799, 5, -0.0268863, 0.00283261, 0, 7.41726e-05, 0.000197033
100, 16.179, 9.11351, 1.57085, 3.83734, 0.5, 0.013, 4, 3.94738, 5, -0.0955672, 0.0077158, 0, 4.07562e-14, -1.68137e-13
101, 20.1488, 7.06965, 1.60519, 3.67419, 0.5, 0.013, 4, 4.04906, 5, -0.00403888, 0.00936987, 0, 0.000382703, 1.31914e-05
001, 20.9133, 4.3492, -0.021384, 3.76556, 0.5, 0.013, 4, 3.99762, 5, 0.000491839, -0.0117393, 0, 2.13041e-05, 3.63259e-05
000, 23.7253, 5.37183, -1.47627e-05, 3.90554, 0.5, 0.013, 4, 3.92416, 5, 0.000265256, 0.00131843, 0, -2.49508e-05, -4.17079e-05
111, 34.8016, 2.85122, 1.62992, 3.78454, 0.5, 0.013, 4, 4.01908, 5, 0.102205, -0.0233619, 0, -0.000238856, -0.000221969
110, 34.8736, 6.55934, 1.58902, 3.7054, 0.5, 0.013, 4, 3.96323, 5, 0.109853, 0.0233796, 0, 0.000239768, 0.000221664

011, 13.9118, 5.8307, 0.0579886, 4.00897, 0.5, 0.013, 4, 4.07169, 5, -0.0756981, -0.00665144, 0, -0.000442858, -0.000292749
1001, 15.7006, 8.22523, 1.61245, 1.99867, 0.5, 0.013, 4, 3.98221, 5, -0.0958625, -0.00624367, 0, 0.000115333, 0.00587322
1000, 15.7018, 10.2635, 1.57085, 2.09638, 0.5, 0.013, 4, 3.94738, 5, -0.0952724, 0.0216765, 0, -0.000104238, -0.00533486
0011, 19.8303, 4.31398, -0.0473071, 2.05263, 0.5, 0.013, 4, 3.90199, 5, -0.00082847, -0.0116453, 0, -0.00819519, 6.69642e-05
010, 17.783, 6.14448, 0.0413275, 3.81369, 0.5, 0.013, 4, 3.94799, 5, -0.0265576, 0.00401851, 0, 5.43659e-05, 0.000282499
0001, 22.6101, 5.37919, 0.0322829, 2.1283, 0.5, 0.013, 4, 3.91232, 5, -0.012829, 0.00152184, 0, -0.00260301, 6.41117e-05
101, 20.1334, 7.11667, 1.6052, 3.92094, 0.5, 0.013, 4, 4.04906, 5, -0.00210685, 0.00943647, 0, 0.000387842, 1.33691e-05
0010, 21.829, 4.27124, -0.021384, 1.96582, 0.5, 0.013, 4, 3.99762, 5, 0.00201962, -0.0116672, 0, 0.00882211, -6.23491e-05
0000, 24.68, 5.37725, -1.47185e-05, 2.03953, 0.5, 0.013, 4, 3.92416, 5, 0.0133466, 0.00101488, 0, 0.00276655, -6.82222e-05
1111, 35.3638, 1.81135, 1.66796, 1.97776, 0.5, 0.013, 4, 3.96603, 5, 0.101081, -0.0296376, 0, 0.00187426, -0.0443253
1110, 35.2394, 3.79825, 1.62992, 2.06094, 0.5, 0.013, 4, 4.01908, 5, 0.074806, -0.111241, 0, -0.0359584, -0.0765432
110, 35.4284, 6.6866, 1.58902, 3.95425, 0.5, 0.013, 4, 3.96323, 5, 0.121676, 0.0615235, 0, 0.0177133, 0.0611952

0111, 12.4064, 5.72943, 0.0195547, 2.18884, 0.5, 0.013, 4, 4.03223, 5, -0.0775832, -0.00742176, 0, 0.000753096, 5.25527e-05
0110, 14.5542, 5.86659, 0.0579885, 2.08937, 0.5, 0.013, 4, 4.07169, 5, -0.0436254, -0.00127186, 0, 2.88849e-05, 7.60984e-05
1001, 15.2211, 8.19719, 1.61246, 2.1329, 0.5, 0.013, 4, 3.98221, 5, -0.0959392, -0.00606831, 0, -3.26275e-05, -0.000529348
1000, 15.2256, 10.3688, 1.57085, 2.23717, 0.5, 0.013, 4, 3.94738, 5, -0.0951964, 0.0215185, 0, 3.1248e-05, 0.000483848
0101, 16.6106, 6.11607, 0.0302734, 1.98686, 0.5, 0.013, 4, 3.99811, 5, -0.0722124, -0.000246794, 0, 0.0324426, 0.00135873
0011, 19.7679, 4.25614, -0.0473072, 2.19048, 0.5, 0.013, 4, 3.90199, 5, -0.0141582, -0.0115835, 0, -0.000893216, -7.16195e-06
0100, 18.6813, 6.19899, 0.0413272, 2.08296, 0.5, 0.013, 4, 3.94799, 5, -0.00453821, 0.00277053, 0, -0.00809347, 0.000147479
1011, 20.3054, 6.19152, 1.64242, 2.06431, 0.5, 0.013, 4, 3.95962, 5, 0.0170328, -0.000790704, 0, -0.0220315, 0.00583237
0001, 22.541, 5.38706, 0.032283, 2.27123, 0.5, 0.013, 4, 3.91232, 5, -0.0142884, 0.00162294, 0, -7.41086e-05, 1.77168e-05
0010, 21.8979, 4.21256, -0.021384, 2.09785, 0.5, 0.013, 4, 3.99762, 5, 0.0153448, -0.0117184, 0, 0.000862234, 7.48617e-06
1010, 20.0355, 8.25371, 1.6052, 2.11996, 0.5, 0.013, 4, 4.04906, 5, -0.0311882, 0.0201507, 0, -0.00179237, -0.00706041
0000, 24.7515, 5.38205, -1.46581e-05, 2.1765, 0.5, 0.013, 4, 3.92416, 5, 0.0147701, 0.000913265, 0, 5.7297e-05, -1.73938e-05
1111, 35.8753, 1.55838, 1.66796, 2.11058, 0.5, 0.013, 4, 3.96603, 5, 0.100762, -0.0263377, 0, -0.000111294, 0.00172071
1110, 35.7209, 3.77143, 1.62992, 2.19936, 0.5, 0.013, 4, 4.01908, 5, 0.105925, 0.000904308, 0, 0.000533929, -0.000544359
1100, 35.8906, 7.96661, 1.58902, 2.15519, 0.5, 0.013, 4, 3.96323, 5, 0.0819439, 0.0356543, 0, -0.00279086, -0.00882088
1101, 36.1086, 5.9112, 1.6207, 2.06463, 0.5, 0.013, 4, 3.98041, 5, 0.141588, 0.0113921, 0, 0.00243996, 0.00882188

0111, 12.0208, 5.69245, 0.0195547, 2.33584, 0.5, 0.013, 4, 4.03223, 5, -0.0787603, -0.00758498, 0, -0.00214356, -0.000239866
0110, 14.2903, 5.85043, 0.0579882, 2.22969, 0.5, 0.013, 4, 4.07169, 5, -0.0510219, -0.00313454, 0, -0.000594871, -0.000495392
1001, 14.7411, 8.16283, 1.61246, 2.27614, 0.5, 0.013, 4, 3.98221, 5, -0.0960811, -0.0073745, 0, -3.18789e-05, -0.000246973
1000, 14.7499, 10.4803, 1.57085, 2.38741, 0.5, 0.013, 4, 3.94738, 5, -0.0950558, 0.0228007, 0, 3.16543e-05, 0.000244924
0101, 16.4254, 6.13067, 0.030273, 2.12029, 0.5, 0.013, 4, 3.99811, 5, -0.0310876, 0.00323427, 0, 0.00348386, 0.000852012
0011, 19.6984, 4.19806, -0.0473073, 2.33759, 0.5, 0.013, 4, 3.90199, 5, -0.0143007, -0.0116464, 0, 2.12241e-05, -1.4009e-05
0100, 18.6244, 6.21347, 0.0413272, 2.22285, 0.5, 0.013, 4, 3.94799, 5, -0.0131821, 0.00292803, 0, -9.28236e-05, 1.69143e-06
1010, 19.8649, 8.34175, 1.6052, 2.26233, 0.5, 0.013, 4, 4.04906, 5, -0.0353505, 0.0168616, 0, -0.000102526, -0.000672843
1011, 20.3057, 6.19374, 1.64241, 2.20295, 0.5, 0.013, 4, 3.95962, 5, -0.00391752, 0.000863146, 0, -0.000156919, 0.000651857
0001, 22.4679, 5.39544, 0.0322832, 2.42376, 0.5, 0.013, 4, 3.91232, 5, -0.0150956, 0.00173698, 0, -0.000169783, 2.60207e-05
0010, 21.9729, 4.15413, -0.0213841, 2.23874, 0.5, 0.013, 4, 3.99762, 5, 0.0153875, -0.0116547, 0, -3.67041e-05, 1.40887e-05
0000, 24.827, 5.38636, -1.4579e-05, 2.32268, 0.5, 0.013, 4, 3.92416, 5, 0.0155679, 0.000798923, 0, 0.000168777, -2.61134e-05
1110, 36.253, 3.77347, 1.62992, 2.34706, 0.5, 0.013, 4, 4.01908, 5, 0.106553, 0.000263814, 0, 9.34525e-06, -9.5278e-06
1111, 36.3786, 1.43409, 1.66796, 2.25233, 0.5, 0.013, 4, 3.96603, 5, 0.100641, -0.0244552, 0, -1.42215e-06, 2.19878e-05
1101, 36.8599, 6.03509, 1.6207, 2.20329, 0.5, 0.013, 4, 3.98041, 5, 0.158374, 0.0395138, 0, 0.00216729, 0.0077027
1100, 36.2557, 8.07673, 1.58902, 2.29993, 0.5, 0.013, 4, 3.96323, 5, 0.0648079, 0.00733567, 0, -0.00223416, -0.00761854

0111, 11.6061, 5.65201, 0.0195546, 2.49271, 0.5, 0.013, 4, 4.03223, 5, -0.0868428, -0.00858835, 0, -0.00419091, -0.000527795
0110, 14.0198, 5.82688, 0.0579873, 2.37943, 0.5, 0.013, 4, 4.07169, 5, -0.058684, -0.00690508, 0, 0.00272764, -0.00017708
1001, 14.2603, 8.12358, 1.61246, 2.42901, 0.5, 0.013, 4, 3.98221, 5, -0.0962528, -0.00835441, 0, -3.90364e-05, -0.000197778
1000, 14.2751, 10.5967, 1.57085, 2.54775, 0.5, 0.013, 4, 3.94738, 5, -0.094885, 0.0237823, 0, 3.8848e-05, 0.000198373
0101, 16.2813, 6.15688, 0.0302721, 2.26269, 0.5, 0.013, 4, 3.99811, 5, -0.0293779, 0.00775656, 0, 0.00187882, 0.00074446
0011, 19.6247, 4.13963, -0.0473074, 2.49458, 0.5, 0.013, 4, 3.90199, 5, -0.0152329, -0.01173, 0, -0.000201711, -1.95619e-05
0100, 18.585, 6.22897, 0.0413272, 2.37213, 0.5, 0.013, 4, 3.94799, 5, 0.00135931, 0.00336116, 0, -0.000149997, -5.12414e-05
1010, 19.6858, 8.4221, 1.6052, 2.41427, 0.5, 0.013, 4, 4.04906, 5, -0.0359366, 0.0147982, 0, -1.4826e-05, -0.000493391
1011, 20.2873, 6.20185, 1.64241, 2.3509, 0.5, 0.013, 4, 3.95962, 5, -0.00364286, 0.00289474, 0, 9.9795e-06, 0.000490592
0001, 22.3899, 5.40449, 0.0322834, 2.58654, 0.5, 0.013, 4, 3.91232, 5, -0.016119, 0.00189181, 0, -0.000212277, 3.54637e-05
0010, 22.052, 4.09605, -0.0213841, 2.38909, 0.5, 0.013, 4, 3.99762, 5, 0.0163212, -0.0115706, 0, 0.00020286, 1.96849e-05
0000, 24.9074, 5.38998, -1.44745e-05, 2.47867, 0.5, 0.013, 4, 3.92416, 5, 0.0165936, 0.000643274, 0, 0.000212841, -3.56619e-05
1110, 36.7858, 3.77475, 1.62992, 2.50469, 0.5, 0.013, 4, 4.01908, 5, 0.106565, 0.000251333, 0, 2.52361e-07, -2.57291e-07
1111, 36.8818, 1.31192, 1.66796, 2.40359, 0.5, 0.013, 4, 3.96603, 5, 0.100639, -0.0244282, 0, -2.9416e-08, 4.548e-07
1100, 36.6034, 7.99513, 1.58901, 2.45439, 0.5, 0.013, 4, 3.96323, 5, 0.0834515, -0.0379807, 0, 0.00606166, -0.00507023
1101, 37.6259, 6.352, 1.6207, 2.35126, 0.5, 0.013, 4, 3.98041, 5, 0.138817, 0.0849589, 0, -0.00605057, 0.0048485

0111, 11.1552, 5.60691, 0.0195543, 2.66012, 0.5, 0.013, 4, 4.03223, 5, -0.0946525, -0.00956065, 0, -0.00319129, -0.000362439
0110, 13.7291, 5.78531, 0.0579856, 2.53923, 0.5, 0.013, 4, 4.07169, 5, -0.0594895, -0.0111371, 0, 0.00270521, -0.000569656
1001, 13.776, 8.03633, 1.61246, 2.59214, 0.5, 0.013, 4, 3.98221, 5, -0.099723, -0.0632765, 0, -0.00193814, -0.0264385
1000, 13.8035, 10.6397, 1.57085, 2.71885, 0.5, 0.013, 4, 3.94738, 5, -0.091572, -0.0256559, 0, 0.00189192, 0.0848762
0101, 16.1142, 6.20559, 0.0302706, 2.41465, 0.5, 0.013, 4, 3.99811, 5, -0.0347941, 0.0135519, 0, 0.000692737, 0.00117757
0011, 19.5458, 4.08071, -0.0473076, 2.66212, 0.5, 0.013, 4, 3.90199, 5, -0.0163053, -0.0118454, 0, -0.000222966, -2.6992e-05
0100, 18.5664, 6.24076, 0.0413273, 2.53144, 0.5, 0.013, 4, 3.94799, 5, -0.00376755, 0.00145387, 0, -0.000852283, -0.000325974
1010, 19.5127, 8.48226, 1.6052, 2.57641, 0.5, 0.013, 4, 4.04906, 5, -0.032818, 0.00908041, 0, 0.0003019, -0.000463139
1011, 20.321, 6.23452, 1.64241, 2.50878, 0.5, 0.013, 4, 3.95962, 5, 0.0124099, 0.0100196, 0, 0.000416926, 0.000489293
0001, 22.3066, 5.41444, 0.0322836, 2.76025, 0.5, 0.013, 4, 3.91232, 5, -0.017204, 0.00209577, 0, -0.000223673, 4.67697e-05
0010, 22.1364, 4.03848, -0.0213842, 2.54954, 0.5, 0.013, 4, 3.99762, 5, 0.0173963, -0.0114545, 0, 0.000223672, 2.71658e-05
0000, 24.9931, 5.39271, -1.43377e-05, 2.64513, 0.5, 0.013, 4, 3.92416, 5, 0.0176801, 0.000438193, 0, 0.000224021, -4.70372e-05
1110, 37.3224, 3.84703, 1.62992, 2.6729, 0.5, 0.013, 4, 4.01908, 5, 0.110549, 0.067986, 0, 0.00115238, 0.0103086
1111, 37.3811, 1.27636, 1.66796, 2.56502, 0.5, 0.013, 4, 3.96603, 5, 0.0964977, 0.00864628, 0, -0.00112832, 0.0862071
1100, 37.0521, 7.7789, 1.58901, 2.61922, 0.5, 0.013, 4, 3.96323, 5, 0.0919586, -0.0450964, 0, 0.0002125, -0.000177744
1101, 38.2901, 6.80076, 1.6207, 2.50917, 0.5, 0.013, 4, 3.98041, 5, 0.130869, 0.0913282, 0, -0.000165192, 0.000132374

0111, 10.6833, 5.55986, 0.019554, 2.83877, 0.5, 0.013, 4, 4.03223, 5, -0.0953463, -0.0093047, 0, -0.0036886, -0.000231714
0101, 15.9032, 6.29078, 0.0302686, 2.57681, 0.5, 0.013, 4, 3.99811, 5, -0.059304, 0.0272642, 0, 0.00106226, 0.00897446
1001, 13.2751, 7.76002, 1.61246, 2.76622, 0.5, 0.013, 4, 3.98221, 5, -0.101858, -0.0566216, 0, -0.00119621, -0.00485576
0110, 13.4334, 5.71852, 0.0579829, 2.70976, 0.5, 0.013, 4, 4.07169, 5, -0.063807, -0.0197925, 0, -0.00429435, -0.00640894
1000, 13.3484, 10.5498, 1.57085, 2.90145, 0.5, 0.013, 4, 3.94738, 5, -0.0893812, -0.0197798, 0, 0.00117118, 0.000449118
0011, 19.4615, 4.02111, -0.0473078, 2.8409, 0.5, 0.013, 4, 3.90199, 5, -0.0174297, -0.0120037, 0, -0.000232227, -3.69191e-05
0100, 18.4983, 6.23509, 0.0413278, 2.70145, 0.5, 0.013, 4, 3.94799, 5, -0.0230973, -0.00691655, 0, -0.000294494, -0.00256961
1010, 19.3503, 8.52512, 1.6052, 2.74944, 0.5, 0.013, 4, 4.04906, 5, -0.0323633, 0.00838291, 0, 1.36488e-05, -2.09383e-05
0010, 22.2261, 3.98158, -0.0213843, 2.72076, 0.5, 0.013, 4, 3.99762, 5, 0.0185223, -0.0112951, 0, 0.000232588, 3.71618e-05
1011, 20.3088, 6.30553, 1.6424, 2.67727, 0.5, 0.013, 4, 3.95962, 5, -0.0117142, 0.0201406, 0, -0.000551193, 0.00145067
0001, 22.2963, 5.41735, 0.0322853, 2.94563, 0.5, 0.013, 4, 3.91232, 5, 0.0151686, -0.00136449, 0, 0.0113489, -0.000980839
0000, 25.1499, 5.39049, -1.3913e-05, 2.82277, 0.5, 0.013, 4, 3.92416, 5, 0.0543117, -0.00188057, 0, -0.00269389, 0.00010677
1111, 37.8623, 1.36405, 1.66797, 2.73728, 0.5, 0.013, 4, 3.96603, 5, 0.0937094, 0.0182854, 0, -0.0017252, -0.00167276
1110, 37.8768, 4.10768, 1.62993, 2.85241, 0.5, 0.013, 4, 4.01908, 5, 0.113364, 0.0529422, 0, 0.00169392, 0.00492105
1100, 37.5131, 7.55242, 1.58901, 2.79513, 0.5, 0.013, 4, 3.96323, 5, 0.0922861, -0.0453703, 0, 1.04107e-05, -8.70795e-06
1101, 38.9436, 7.25811, 1.6207, 2.67768, 0.5, 0.013, 4, 3.98041, 5, 0.130629, 0.0915201, 0, -6.52401e-06, 5.22788e-06

0111, 10.1986, 5.51467, 0.0195539, 3.02941, 0.5, 0.013, 4, 4.03223, 5, -0.0872001, -0.00801953, 0, 0.00373988, 0.000327648
0101, 15.6142, 6.4427, 0.0302673, 2.74987, 0.5, 0.013, 4, 3.99811, 5, -0.0587009, 0.0204216, 0, -0.00356558, -0.0062056
1001, 12.7545, 7.50288, 1.61246, 2.952, 0.5, 0.013, 4, 3.98221, 5, -0.110702, -0.0279929, 0, -0.00828363, 0.00334339
0110, 13.1531, 5.59003, 0.057981, 2.89175, 0.5, 0.013, 4, 4.07169, 5, -0.0462506, -0.0512137, 0, 0.00582792, -0.0223783
1000, 12.9115, 10.4527, 1.57085, 3.09631, 0.5, 0.013, 4, 3.94738, 5, -0.0828922, -0.0192939, 0, 0.0063477, 0.00104236
0011, 19.3714, 3.96058, -0.047308, 3.03169, 0.5, 0.013, 4, 3.90199, 5, -0.0186194, -0.0122204, 0, -0.00024486, -5.05186e-05
0100, 18.3573, 6.18818, 0.0413293, 2.88288, 0.5, 0.013, 4, 3.94799, 5, -0.0314638, -0.00880412, 0, 0.00161325, 0.000199985
1010, 19.1886, 8.56692, 1.6052, 2.93408, 0.5, 0.013, 4, 4.04906, 5, -0.0323409, 0.00834847, 0, 8.33698e-07, -1.27896e-06
0010, 22.3217, 3.92562, -0.0213845, 2.90348, 0.5, 0.013, 4, 3.99762, 5, 0.0197137, -0.0110769, 0, 0.00024519, 5.08669e-05
1011, 20.263, 6.40628, 1.64239, 2.85707, 0.5, 0.013, 4, 3.95962, 5, -0.0131686, 0.0187917, 0, -0.00208443, -0.000664275
0001, 22.3663, 5.40926, 0.0322873, 3.14345, 0.5, 0.013, 4, 3.91232, 5, 0.00895008, -0.00147583, 0, -0.00168652, 0.00010113
0000, 25.4151, 5.38082, -1.33934e-05, 3.01235, 0.5, 0.013, 4, 3.92416, 5, 0.0493783, -0.00182558, 0, -0.00229242, 0.00010038
1111, 38.3199, 1.45559, 1.66797, 2.92111, 0.5, 0.013, 4, 3.96603, 5, 0.088724, 0.0188618, 0, -0.00165985, 0.000470248
1110, 38.4547, 4.35908, 1.62993, 3.04398, 0.5, 0.013, 4, 4.01908, 5, 0.118349, 0.0478412, 0, 0.00163258, 0.000480638
1100, 37.9746, 7.32552, 1.58901, 2.98285, 0.5, 0.013, 4, 3.96323, 5, 0.0923036, -0.045385, 0, 6.8198e-07, -5.70436e-07
1101, 39.5967, 7.71574, 1.6207, 2.85751, 0.5, 0.013, 4, 3.98041, 5, 0.130619, 0.0915284, 0, -3.54362e-07, 2.83961e-07

0111, 9.79421, 5.47668, 0.0195539, 3.23287, 0.5, 0.013, 4, 4.03223, 5, -0.077674, -0.00740938, 0, 0.000500621, 2.87164e-05
0101, 15.3114, 6.50892, 0.0302689, 2.93455, 0.5, 0.013, 4, 3.99811, 5, -0.0620516, 0.0115364, 0, -0.000505358, 0.000363278
1001, 12.1135, 7.29321, 1.61247, 3.15025, 0.5, 0.013, 4, 3.98221, 5, -0.129793, -0.0304534, 0, 0.00384783, 0.00619755
0110, 12.9447, 5.27611, 0.0579854, 3.08596, 0.5, 0.013, 4, 4.07169, 5, -0.0413319, -0.0448306, 0, -0.000588824, 0.0134069
1000, 12.5773, 10.3482, 1.57086, 3.30425, 0.5, 0.013, 4, 3.94738, 5, -0.0639299, -0.0215593, 0, -0.0028336, -9.46074e-05
0011, 19.2752, 3.89877, -0.0473083, 3.2353, 0.5, 0.013, 4, 3.90199, 5, -0.0198762, -0.0125172, 0, -0.000257846, -6.91969e-05
0100, 18.1952, 6.14489, 0.0413307, 3.07649, 0.5, 0.013, 4, 3.94799, 5, -0.0342664, -0.00993115, 0, -0.00126838, -0.000829646
1010, 19.0269, 8.60865, 1.6052, 3.13113, 0.5, 0.013, 4, 4.04906, 5, -0.0323394, 0.00834619, 0, 6.62214e-08, -1.01589e-07
0010, 22.4234, 3.87095, -0.0213847, 3.09848, 0.5, 0.013, 4, 3.99762, 5, 0.0209721, -0.010778, 0, 0.000258179, 6.9701e-05
1011, 20.1857, 6.49724, 1.64239, 3.04895, 0.5, 0.013, 4, 3.95962, 5, -0.0165897, 0.0184179, 0, 9.66668e-06, 0.000290527
0001, 22.3984, 5.4024, 0.0322892, 3.35456, 0.5, 0.013, 4, 3.91232, 5, 0.00562222, -0.00144322, 0, 0.000294726, -8.10882e-05
0000, 25.6515, 5.37176, -1.28939e-05, 3.21466, 0.5, 0.013, 4, 3.92416, 5, 0.0480229, -0.00199781, 0, 0.000770478, -0.00011034
1111, 38.6952, 1.55342, 1.66798, 3.11729, 0.5, 0.013, 4, 3.96603, 5, 0.0793364, 0.0200812, 0, 0.00998511, 0.00149566
1110, 39.2272, 4.47261, 1.62993, 3.24841, 0.5, 0.013, 4, 4.01908, 5, 0.142, 0.0201915, 0, -0.0156124, -0.00889511
1100, 38.321, 7.29954, 1.58901, 3.18317, 0.5, 0.013, 4, 3.96323, 5, 0.0787867, -0.0225221, 0, 0.00613869, -0.0103841
1101, 40.2498, 8.17338, 1.6207, 3.04942, 0.5, 0.013, 4, 3.98041, 5, 0.130618, 0.0915289, 0, -2.53996e-08, 2.03535e-08

1001, 11.487, 7.2248, 1.61247, 3.36182, 0.5, 0.013, 4, 3.98221, 5, -0.122786, -0.00189717, 0, 0.0039434, 0.00478314
0111, 9.40918, 5.43982, 0.0195539, 3.44998, 0.5, 0.013, 4, 4.03223, 5, -0.0766777, -0.00735223, 0, 5.55478e-05, 3.18631e-06
0101, 15.002, 6.57155, 0.030271, 3.13163, 0.5, 0.013, 4, 3.99811, 5, -0.0606908, 0.0134446, 0, 0.00074181, 0.000323223
0110, 12.7351, 5.12468, 0.0579879, 3.29321, 0.5, 0.013, 4, 4.07169, 5, -0.0423071, -0.0218534, 0, -0.000170553, 0.00326271
1000, 12.2403, 10.2371, 1.57086, 3.52616, 0.5, 0.013, 4, 3.94738, 5, -0.0693682, -0.0229436, 0, -0.0035637, -0.000265213
0011, 19.1726, 3.83522, -0.0473087, 3.45258, 0.5, 0.013, 4, 3.90199, 5, -0.0211951, -0.0129241, 0, -0.00026929, -9.49123e-05
0100, 18.0133, 6.08739, 0.0413325, 3.28311, 0.5, 0.013, 4, 3.94799, 5, -0.0379565, -0.0126546, 0, -0.00058443, -0.000348336
1010, 18.8652, 8.65038, 1.6052, 3.34142, 0.5, 0.013, 4, 4.04906, 5, -0.0323393, 0.008346, 0, 6.62571e-09, -1.01644e-08
0010, 22.5315, 3.81803, -0.021385, 3.30657, 0.5, 0.013, 4, 3.99762, 5, 0.0222926, -0.0103681, 0, 0.000269597, 9.56437e-05
1011, 20.097, 6.59193, 1.64238, 3.25372, 0.5, 0.013, 4, 3.95962, 5, -0.0187725, 0.0192087, 0, -0.000336895, 4.75876e-05
0001, 22.4286, 5.39453, 0.0322913, 3.57985, 0.5, 0.013, 4, 3.91232, 5, 0.00598285, -0.00159078, 0, -9.52968e-05, 2.85949e-05
0000, 25.9009, 5.36033, -1.23134e-05, 3.43055, 0.5, 0.013, 4, 3.92416, 5, 0.0510909, -0.00254264, 0, 0.000264133, -9.55537e-05
1111, 39.1552, 1.65756, 1.66798, 3.32665, 0.5, 0.013, 4, 3.96603, 5, 0.0945245, 0.021506, 0, -0.00572533, 0.000349652
1110, 39.8342, 4.51474, 1.62993, 3.46657, 0.5, 0.013, 4, 4.01908, 5, 0.114756, 0.00445773, 0, 0.00458199, 0.00244341
1100, 38.7552, 7.11845, 1.58901, 3.39695, 0.5, 0.013, 4, 3.96323, 5, 0.090532, -0.0427837, 0, 0.000720609, -0.00111585
1101, 40.9029, 8.63103, 1.6207, 3.25422, 0.5, 0.013, 4, 3.98041, 5, 0.130618, 0.0915289, 0, -2.32165e-09, 1.86041e-09

1001, 10.968, 7.29551, 1.61248, 3.5876, 0.5, 0.013, 4, 3.98221, 5, -0.104648, 0.0197124, 0, 0.00579577, -0.000487767
0111, 8.93306, 5.3344, 0.0195503, 3.68168, 0.5, 0.013, 4, 4.03223, 5, -0.105881, -0.0295878, 0, 0.0059836, 0.00405821
1000, 11.895, 10.1187, 1.57087, 3.76298, 0.5, 0.013, 4, 3.94738, 5, -0.0576674, -0.0244777, 0, -0.0110294, -0.000247034
0101, 14.7093, 6.64207, 0.0302731, 3.34195, 0.5, 0.013, 4, 3.99811, 5, -0.0560792, 0.014555, 0, 0.00108816, 6.72923e-05
0110, 12.5212, 5.06463, 0.0579884, 3.51438, 0.5, 0.013, 4, 4.07169, 5, -0.0432192, -0.00457241, 0, -9.88086e-05, 0.00147142
0011, 19.0632, 3.76928, -0.0473091, 3.68445, 0.5, 0.013, 4, 3.90199, 5, -0.0225629, -0.0134825, 0, -0.000276922, -0.00013035
1011, 19.9975, 6.68855, 1.64237, 3.47223, 0.5, 0.013, 4, 3.95962, 5, -0.0211756, 0.019427, 0, -0.00055884, 9.16915e-06
0100, 17.8147, 6.02069, 0.0413345, 3.5036, 0.5, 0.013, 4, 3.94799, 5, -0.0418344, -0.0138077, 0, -0.000889914, -6.63838e-05
1010, 18.7035, 8.69211, 1.6052, 3.56583, 0.5, 0.013, 4, 4.04906, 5, -0.0323393, 0.00834598, 0, 8.12974e-10, -1.24717e-09
0010, 22.6464, 3.76752, -0.0213853, 3.52864, 0.5, 0.013, 4, 3.99762, 5, 0.0236618, -0.00980526, 0, 0.000277134, 0.000131411
0001, 22.4565, 5.38732, 0.0322934, 3.82027, 0.5, 0.013, 4, 3.91232, 5, 0.00526547, -0.00121695, 0, -0.000138448, 0.000135103
0000, 26.162, 5.34607, -1.16593e-05, 3.66094, 0.5, 0.013, 4, 3.92416, 5, 0.0534609, -0.00321184, 0, 0.000505599, -0.000164215
1111, 39.6139, 1.76877, 1.66798, 3.55006, 0.5, 0.013, 4, 3.96603, 5, 0.0967343, 0.0229635, 0, 0.00156186, 0.000293428
1100, 39.2131, 6.89676, 1.58901, 3.62509, 0.5, 0.013, 4, 3.96323, 5, 0.092122, -0.0451351, 0, 9.78012e-05, -0.000144553
1110, 40.4158, 4.53888, 1.62993, 3.69938, 0.5, 0.013, 4, 4.01908, 5, 0.110919, 0.00206877, 0, -0.00166728, -0.000798431
1101, 41.556, 9.08867, 1.6207, 3.47277, 0.5, 0.013, 4, 3.98041, 5, 0.130618, 0.0915289, 0, -2.62951e-10, 2.1071e-10

1001, 10.504, 7.39604, 1.61248, 3.82854, 0.5, 0.013, 4, 3.98221, 5, -0.0865931, 0.0208133, 0, 0.00100994, 0.000265802
0111, 8.44836, 5.2135, 0.0195486, 3.92894, 0.5, 0.013, 4, 4.03223, 5, -0.0917601, -0.0216765, 0, 0.00122099, 0.000373117
10001, 11.5078, 8.90437, 1.53633, 2.0584, 0.5, 0.013, 4, 4.0952, 5, -0.0875634, -0.030784, 0, -0.000977018, -0.000271449
10000, 11.5077, 10.9055, 1.57087, 1.9573, 0.5, 0.013, 4, 3.94738, 5, -0.0876062, 0.00482713, 0, -0.000853568, 0.00851038
0101, 14.4452, 6.71125, 0.0302749, 3.56639, 0.5, 0.013, 4, 3.99811, 5, -0.048682, 0.0113646, 0, 0.00194737, -0.00179763
0110, 12.3044, 5.05219, 0.0579884, 3.7504, 0.5, 0.013, 4, 4.07169, 5, -0.0434332, -0.00138669, 0, -1.39813e-05, 0.000208204
00111, 17.937, 3.74787, -0.0308452, 1.98405, 0.5, 0.013, 4, 4.01196, 5, -0.0264374, -0.0140825, 0, -0.0081967, 0.000348548
00110, 19.8906, 3.656, -0.0473095, 1.94785, 0.5, 0.013, 4, 3.90199, 5, -0.00968017, -0.0129922, 0, 0.0222448, 0.00112341
1011, 19.9004, 6.78028, 1.64237, 3.70542, 0.5, 0.013, 4, 3.95962, 5, -0.0233095, 0.0170668, 0, 0.0036863, -0.000235548
0100, 17.6078, 5.95628, 0.041336, 3.73889, 0.5, 0.013, 4, 3.94799, 5, -0.0377294, -0.00997429, 0, -0.00310806, 0.00164905
1010, 18.5418, 8.73384, 1.6052, 3.8053, 0.5, 0.013, 4, 4.04906, 5, -0.0323393, 0.00834597, 0, 1.19578e-10, -1.83443e-10
0010, 22.7667, 3.72015, -0.0213857, 3.76562, 0.5, 0.013, 4, 3.99762, 5, 0.0202104, -0.00961388, 0, -0.00712382, -0.00072798
00011, 21.4835, 5.33716, 0.019757, 2.03531, 0.5, 0.013, 4, 4.06375, 5, -0.00739309, -0.00910099, 0, -0.0272019, -0.00193701
00010, 23.4789, 5.43266, 0.0322948, 2.04153, 0.5, 0.013, 4, 3.91232, 5, 0.0122735, 0.00966034, 0, 0.0137388, 0.00395158
0000, 26.414, 5.32961, -1.09817e-05, 3.90681, 0.5, 0.013, 4, 3.92416, 5, 0.0478334, -0.00366424, 0, 0.00315026, -0.000747468
1100, 39.6744, 6.67004, 1.58901, 3.86854, 0.5, 0.013, 4, 3.96323, 5, 0.0923401, -0.0454574, 0, 1.50138e-05, -2.21909e-05
1111, 40.1087, 1.8874, 1.66798, 3.78848, 0.5, 0.013, 4, 3.96603, 5, 0.100149, 0.0245061, 0, 0.000227055, 0.000316414
1110, 40.9581, 4.54338, 1.62993, 3.94783, 0.5, 0.013, 4, 4.01908, 5, 0.107134, 0.000255821, 0, -0.000269339, -0.000128982
1101, 42.2091, 9.54632, 1.6207, 3.706, 0.5, 0.013, 4, 3.98041, 5, 0.130618, 0.0915289, 0, -3.60176e-11, 2.8862e-11

01111, 6.9819, 5.08796, 0.0173736, 2.07674, 0.5, 0.013, 4, 3.91913, 5, -0.102436, -0.021186, 0, 0.0045341, -8.74558e-06
10011, 10.1275, 6.5844, 1.6688, 2.00119, 0.5, 0.013, 4, 4.02125, 5, -0.0815466, 0.00276108, 0, -0.000261447, -0.000203997
01110, 9.06916, 5.11719, 0.0195466, 2.11606, 0.5, 0.013, 4, 4.03223, 5, -0.0850444, -0.00922976, 0, -0.00498044, 0.00464712
10010, 10.0338, 8.6067, 1.61248, 2.08447, 0.5, 0.013, 4, 3.98221, 5, -0.0916074, 0.040699, 0, -0.00274623, -0.00147825
10001, 11.0677, 8.76815, 1.53633, 2.19664, 0.5, 0.013, 4, 4.0952, 5, -0.0857234, -0.0259315, 0, 0.00126005, 0.000113541
10000, 11.0667, 10.9431, 1.57087, 2.08875, 0.5, 0.013, 4, 3.94738, 5, -0.0883221, 0.00786041, 0, -4.70995e-06, 1.01753e-05
0101, 14.2142, 6.7625, 0.0302759, 3.8059, 0.5, 0.013, 4, 3.99811, 5, -0.04385, 0.00798206, 0, 0.00132245, -0.00250642
0110, 12.0947, 5.04533, 0.0579886, 4.00227, 0.5, 0.013, 4, 4.07169, 5, -0.0345258, -0.00254256, 0, 0.00404348, -0.000651947
00111, 17.7659, 3.679, -0.0308452, 2.11729, 0.5, 0.013, 4, 4.01196, 5, -0.0494513, -0.0129908, 0, -0.0263784, 0.0016091
00110, 19.8309, 3.58123, -0.047311, 2.07867, 0.5, 0.013, 4, 3.90199, 5, -0.0843234, -0.0283141, 0, -0.0221199, -0.00895191
10101, 18.4153, 7.75217, 1.58773, 2.03624, 0.5, 0.013, 4, 4.01943, 5, -0.0323237, 0.00798738, 0, 0.000172413, -0.0039609
01001, 16.4529, 5.87165, 0.094946, 1.96987, 0.5, 0.013, 4, 3.99455, 5, -0.0456552, -0.00814322, 0, -0.00796976, 0.000522717
1011, 19.7932, 6.86765, 1.64236, 3.95428, 0.5, 0.013, 4, 3.95962, 5, -0.0351161, 0.017634, 0, -0.00547155, -0.000771926
01000, 18.4338, 5.9551, 0.0413369, 2.02012, 0.5, 0.013, 4, 3.94799, 5, -0.0235873, -0.00404432, 0, 0.0196883, 0.00395152
10100, 18.3457, 9.77555, 1.6052, 2.02463, 0.5, 0.013, 4, 4.04906, 5, -0.032355, 0.00870839, 0, -0.000174202, 0.00400199
00101, 21.8179, 3.69905, 0.0202304, 2.0433, 0.5, 0.013, 4, 3.93797, 5, 0.111545, 0.00511142, 0, 0.0207244, 0.013275
00100, 23.7929, 3.65276, -0.0213861, 1.97521, 0.5, 0.013, 4, 3.99762, 5, 0.0233149, -0.010028, 0, 0.0332582, -0.00587664
00011, 21.4492, 5.27238, 0.019757, 2.172, 0.5, 0.013, 4, 4.06375, 5, -0.00570288, -0.0193137, 0, -0.0104388, -0.00115551
00010, 23.5683, 5.50168, 0.0322953, 2.17864, 0.5, 0.013, 4, 3.91232, 5, 0.0165729, 0.0222474, 0, 0.00214673, 0.0034601
00001, 25.6381, 5.27255, -0.0382664, 2.07335, 0.5, 0.013, 4, 3.91733, 5, 0.0356117, -0.019693, 0, 0.00129603, -0.00251076
00000, 27.6841, 5.34455, -1.14383e-05, 2.09583, 0.5, 0.013, 4, 3.92416, 5, 0.0613918, 0.00758012, 0, -0.00429118, 0.00129223
11111, 40.711, 1.01925, 1.72467, 2.026, 0.5, 0.013, 4, 4.09527, 5, 0.104865, -0.0196247, 0, 0.000374008, -0.0169944
11101, 41.5578, 3.40812, 1.69138, 2.15387, 0.5, 0.013, 4, 3.97558, 5, 0.106931, -0.0115457, 0, -5.45808e-05, 0.00124573
11110, 40.5129, 2.99611, 1.66798, 2.01691, 0.5, 0.013, 4, 3.96603, 5, 0.0964135, 0.0458837, 0, -0.000328626, -0.00746171
11000, 40.1183, 7.38147, 1.58901, 2.01741, 0.5, 0.013, 4, 3.96323, 5, 0.0918429, -0.0330435, 0, 0.0001664, -0.00420187
11001, 40.1574, 5.32709, 1.54703, 2.11094, 0.5, 0.013, 4, 3.90837, 5, 0.0928969, -0.058071, 0, -0.000155045, 0.00393977
11100, 41.437, 5.49936, 1.62993, 2.05909, 0.5, 0.013, 4, 4.01908, 5, 0.106425, 0.0114543, 0, 4.45877e-05, -0.0012202
1101, 42.8621, 10.004, 1.6207, 3.95489, 0.5, 0.013, 4, 3.98041, 5, 0.130618, 0.0915289, 0, -5.84411e-12, 4.68306e-12

01111, 6.47691, 4.9809, 0.0173736, 2.21621, 0.5, 0.013, 4, 3.91913, 5, -0.0974721, -0.0216359, 0, -0.0017486, -0.000258339
01101, 10.9365, 4.97738, 0.120591, 2.09334, 0.5, 0.013, 4, 3.94123, 5, -0.0491131, -0.00271175, 0, 0.000682135, 3.31454e-05
10011, 9.71945, 6.62104, 1.6688, 2.13559, 0.5, 0.013, 4, 4.02125, 5, -0.0813384, 0.00753611, 0, 0.000114411, 0.000348698
01110, 8.70061, 5.08054, 0.0195467, 2.25818, 0.5, 0.013, 4, 4.03223, 5, -0.070398, -0.00723629, 0, 0.00215615, 0.000228964
10010, 9.57731, 8.78125, 1.61248, 2.22446, 0.5, 0.013, 4, 3.98221, 5, -0.0906612, 0.0343507, 0, -4.02605e-05, -0.000365465
10001, 10.6318, 8.62149, 1.53633, 2.34416, 0.5, 0.013, 4, 4.0952, 5, -0.0879386, -0.0459081, 0, 0.000189221, -0.00931946
10000, 10.6245, 10.8857, 1.57087, 2.22903, 0.5, 0.013, 4, 3.94738, 5, -0.0889614, -0.0145491, 0, -0.000304549, 0.0017055
01011, 12.9551, 6.75204, 0.0300365, 2.05351, 0.5, 0.013, 4, 3.90072, 5, -0.0542139, 0.00192943, 0, -0.0144195, -0.000638887
01010, 14.9651, 6.81292, 0.0302759, 2.008, 0.5, 0.013, 4, 3.99811, 5, -0.0271304, 0.00276338, 0, 0.0148698, 0.000262874
01100, 13.0548, 5.10073, 0.0579887, 2.17772, 0.5, 0.013, 4, 4.07169, 5, -0.0265858, -0.000985412, 0, -0.000993565, 1.35418e-05
00111, 17.526, 3.61488, -0.0308451, 2.25949, 0.5, 0.013, 4, 4.01196, 5, -0.0264362, -0.0141587, 0, 0.000604998, -1.75376e-05
00110, 19.7577, 3.48619, -0.0473118, 2.21827, 0.5, 0.013, 4, 3.90199, 5, -0.0163816, -0.0158901, 0, -0.00811415, -0.00228004
10111, 19.7762, 5.97974, 1.67372, 2.08344, 0.5, 0.013, 4, 3.93945, 5, -0.0167304, 0.00183072, 0, 0.0136553, -0.00412661
10101, 18.2564, 7.72991, 1.58773, 2.17299, 0.5, 0.013, 4, 4.01943, 5, -0.03167, -0.00634431, 0, 8.46286e-05, -0.00168278
01001, 16.1077, 5.83181, 0.0949465, 2.10216, 0.5, 0.013, 4, 3.99455, 5, -0.0585683, -0.00770706, 0, 0.00257821, 1.65787e-05
01000, 18.2208, 5.92511, 0.0413364, 2.15579, 0.5, 0.013, 4, 3.94799, 5, -0.0303431, -0.00330109, 0, -0.00771573, -0.00052044
10110, 19.6717, 8.06793, 1.64236, 2.13641, 0.5, 0.013, 4, 3.95962, 5, -0.000976084, 0.0320198, 0, 0.00075649, 0.00227901
10100, 18.1811, 9.88141, 1.6052, 2.1606, 0.5, 0.013, 4, 4.04906, 5, -0.0330093, 0.0230501, 0, -8.48251e-05, 0.00168682
00101, 21.907, 3.70584, 0.0202307, 2.18053, 0.5, 0.013, 4, 3.93797, 5, 0.0127619, 0.00111381, 0, 0.0152994, 0.00208228
00011, 21.4422, 5.15272, 0.0197565, 2.31787, 0.5, 0.013, 4, 4.06375, 5, -0.00742368, -0.0142344, 0, -0.00376335, 0.00327568
00010, 23.6439, 5.62672, 0.0322951, 2.32495, 0.5, 0.013, 4, 3.91232, 5, 0.0116366, 0.0166293, 0, 0.00225254, -0.00348261
00100, 24.0221, 3.57422, -0.0213856, 2.10786, 0.5, 0.013, 4, 3.99762, 5, 0.0313186, -0.0170129, 0, -0.00753129, 0.000306488
00001, 25.7869, 5.15328, -0.038267, 2.2126, 0.5, 0.013, 4, 3.91733, 5, 0.0204079, -0.0207319, 0, -4.773e-05, 0.00274105
00000, 27.949, 5.40077, -1.31952e-05, 2.23658, 0.5, 0.013, 4, 3.92416, 5, 0.0389686, 0.0134413, 0, -0.00764095, -6.93218e-05
11111, 41.2459, 1.07095, 1.72467, 2.16206, 0.5, 0.013, 4, 4.09527, 5, 0.115538, 0.0155872, 0, 0.00125953, -0.000328658
11101, 42.0924, 3.33937, 1.69138, 2.29852, 0.5, 0.013, 4, 3.97558, 5, 0.106842, -0.0144126, 0, -2.41357e-05, -0.000660538
11110, 41.0516, 3.12258, 1.66798, 2.15237, 0.5, 0.013, 4, 3.96603, 5, 0.146635, 0.0539321, 0, 0.0365294, 0.0287552
11000, 40.5757, 7.2832, 1.58901, 2.1529, 0.5, 0.013, 4, 3.96323, 5, 0.0910125, 0.0474265, 0, 0.0023097, 0.014285
11001, 40.5598, 5.12914, 1.54703, 2.25271, 0.5, 0.013, 4, 3.90837, 5, 0.0350708, -0.00793174, 0, -0.0387071, 0.0320075
11100, 41.9692, 5.56846, 1.62993, 2.19738, 0.5, 0.013, 4, 4.01908, 5, 0.1065, 0.0144896, 0, 2.38393e-05, 0.000693748
11011, 43.5653, 8.27962, 1.58181, 2.11188, 0.5, 0.013, 4, 3.95661, 5, 0.130614, -0.221498, 0, -7.24015e-06, -0.00300576
11010, 43.4654, 10.9627, 1.6207, 2.10861, 0.5, 0.013, 4, 3.98041, 5, 0.130607, -0.0098889, 0, 6.17895e-06, -0.0220286

01111, 5.98701, 4.87096, 0.0173734, 2.36505, 0.5, 0.013, 4, 3.91913, 5, -0.0980859, -0.0223376, 0, -0.000216558, -0.000167417
01101, 10.6764, 4.96364, 0.120592, 2.23393, 0.5, 0.013, 4, 3.94123, 5, -0.0528411, -0.0027351, 0, -0.000740235, -2.06929e-06
10011, 9.31392, 6.65446, 1.6688, 2.27901, 0.5, 0.013, 4, 4.02125, 5, -0.085502, 0.00441347, 0, -0.0179651, -0.00675803
01110, 8.35333, 5.046, 0.0195466, 2.40983, 0.5, 0.013, 4, 4.03223, 5, -0.0692177, -0.00656657, 0, 0.000224532, 0.00016649
10010, 9.12229, 8.95662, 1.61248, 2.37385, 0.5, 0.013, 4, 3.98221, 5, -0.0913983, 0.0354395, 0, -0.000145553, -5.95864e-05
10001, 10.1927, 8.3895, 1.53633, 2.50159, 0.5, 0.013, 4, 4.0952, 5, -0.0836073, -0.044478, 0, 0.0160085, 0.00346328
10000, 10.1795, 10.8108, 1.57087, 2.37873, 0.5, 0.013, 4, 3.94738, 5, -0.0890789, -0.0154445, 0, -0.000146772, -0.000183096
01001, 15.8132, 5.79272, 0.0949467, 2.24334, 0.5, 0.013, 4, 3.99455, 5, -0.0609505, -0.00798472, 0, 0.000227556, -4.27374e-05
01011, 12.6793, 6.76071, 0.0300365, 2.19142, 0.5, 0.013, 4, 3.90072, 5, -0.0553471, 0.00168493, 0, 0.000886912, 2.4569e-05
01010, 14.8334, 6.8261, 0.0302759, 2.14285, 0.5, 0.013, 4, 3.99811, 5, -0.02618, 0.00260525, 0, -0.000942003, -2.9858e-05
01100, 12.9346, 5.09618, 0.0579889, 2.32397, 0.5, 0.013, 4, 4.07169, 5, -0.0233065, -0.000910444, 0, 0.000711345, 2.3953e-06
00111, 17.3396, 3.5491, -0.0308449, 2.41123, 0.5, 0.013, 4, 4.01196, 5, -0.0382036, -0.0129272, 0, 0.00181231, -0.000103499
00110, 19.7113, 3.39004, -0.0473132, 2.36724, 0.5, 0.013, 4, 3.90199, 5, -0.00628972, -0.0202097, 0, 5.65862e-05, 5.91248e-05
10111, 19.6911, 5.99632, 1.67371, 2.22336, 0.5, 0.013, 4, 3.93945, 5, -0.0171102, 0.0040849, 0, 0.00160909, 0.000398615
10101, 18.0982, 7.69852, 1.58773, 2.31892, 0.5, 0.013, 4, 4.01943, 5, -0.03161, -0.00671099, 0, 7.42215e-06, 4.26635e-05
01000, 18.0659, 5.90882, 0.0413361, 2.30057, 0.5, 0.013, 4, 3.94799, 5, -0.0310124, -0.00329414, 0, -0.00137351, -7.85996e-05
10110, 19.6733, 8.22352, 1.64236, 2.27989, 0.5, 0.013, 4, 3.95962, 5, 0.00139619, 0.0311394, 0, 0.000381433, -0.000459741
10100, 18.016, 9.99627, 1.6052, 2.3057, 0.5, 0.013, 4, 4.04906, 5, -0.0330687, 0.0234036, 0, -7.29714e-06, -4.53793e-05
00101, 21.9711, 3.73728, 0.0202311, 2.32697, 0.5, 0.013, 4, 3.93797, 5, 0.0123131, 0.00925014, 0, 0.00212055, 0.000258099
00011, 21.4274, 5.0838, 0.0197555, 2.47353, 0.5, 0.013, 4, 4.06375, 5, 0.000552459, -0.0145667, 0, 0.00112561, 0.000600716
00010, 23.7051, 5.69818, 0.0322939, 2.48109, 0.5, 0.013, 4, 3.91232, 5, 0.0136805, 0.0127535, 0, 0.000119427, -0.00169932
00100, 24.2003, 3.47472, -0.0213842, 2.24943, 0.5, 0.013, 4, 3.99762, 5, 0.0337815, -0.0221135, 0, -0.00416424, -0.000178439
00001, 25.8835, 5.044, -0.0382694, 2.36119, 0.5, 0.013, 4, 3.91733, 5, 0.0197879, -0.0227172, 0, 0.000142293, 0.000295362
00000, 28.1159, 5.48262, -1.58721e-05, 2.38679, 0.5, 0.013, 4, 3.92416, 5, 0.0285734, 0.0191202, 0, -0.0020336, 0.000985742
11111, 41.7579, 1.14567, 1.72468, 2.30726, 0.5, 0.013, 4, 4.09527, 5, 0.094335, 0.0148652, 0, -0.00140454, 0.000177775
11101, 42.7545, 3.27694, 1.69138, 2.45289, 0.5, 0.013, 4, 3.97558, 5, 0.118382, -0.0128367, 0, -0.00686703, -0.000390038
11110, 41.7113, 3.39488, 1.66798, 2.29692, 0.5, 0.013, 4, 3.96603, 5, 0.114134, 0.0446869, 0, -0.00414888, -0.00198648
11000, 41.0536, 7.32718, 1.58901, 2.29749, 0.5, 0.013, 4, 3.96323, 5, 0.0969547, -0.026508, 0, 0.000821055, -0.00273503
11001, 40.7123, 5.04965, 1.54702, 2.404, 0.5, 0.013, 4, 3.90837, 5, 0.0700614, -0.048256, 0, 0.0119199, -0.00917376
11100, 42.4995, 5.64907, 1.62993, 2.34495, 0.5, 0.013, 4, 4.01908, 5, 0.105323, 0.0141803, 0, -0.000297607, -0.000542098

01110, 7.98529, 4.98342, 0.0195446, 2.57167, 0.5, 0.013, 4, 4.03223, 5, -0.0784222, -0.0102515, 0, -0.00205366, 0.00180371
01111, 5.4753, 4.75377, 0.0173729, 2.52389, 0.5, 0.013, 4, 3.91913, 5, -0.110086, -0.0252371, 0, -0.000439523, -0.0002951
01101, 10.4306, 4.94434, 0.120593, 2.38396, 0.5, 0.013, 4, 3.94123, 5, -0.0449602, -0.00588972, 0, 0.00130871, -0.00039409
10011, 8.85772, 6.69068, 1.6688, 2.43207, 0.5, 0.013, 4, 4.02125, 5, -0.0832454, 0.010429, 0, -0.00321277, 0.00287582
10010, 8.66423, 9.15025, 1.61248, 2.53328, 0.5, 0.013, 4, 3.98221, 5, -0.0916643, 0.0398836, 0, 0.000242596, -0.00380672
10001, 9.82097, 8.15045, 1.53633, 2.6696, 0.5, 0.013, 4, 4.0952, 5, -0.0811323, -0.0474466, 0, 0.00200866, 0.00139157
10000, 9.72913, 10.731, 1.57087, 2.53848, 0.5, 0.013, 4, 3.94738, 5, -0.090588, -0.0164887, 0, -0.000131857, -0.000203347
01001, 15.5078, 5.75211, 0.0949469, 2.394, 0.5, 0.013, 4, 3.99455, 5, -0.0618088, -0.00829613, 0, -0.000585216, -8.72639e-05
01011, 12.4031, 6.76914, 0.0300365, 2.33859, 0.5, 0.013, 4, 3.90072, 5, -0.055654, 0.00167011, 0, -0.000143384, -5.11797e-06
01010, 14.7018, 6.83911, 0.0302759, 2.28676, 0.5, 0.013, 4, 3.99811, 5, -0.0258872, 0.0026155, 0, 0.0001445, 5.09688e-06
01100, 12.8347, 5.09182, 0.057989, 2.48004, 0.5, 0.013, 4, 4.07169, 5, -0.0114249, -0.000692545, 0, 0.00157913, 7.0345e-05
00111, 17.1601, 3.48418, -0.0308447, 2.57317, 0.5, 0.013, 4, 4.01196, 5, -0.0345292, -0.0129782, 0, 0.00084221, -4.96155e-05
00110, 19.69, 3.28963, -0.0473145, 2.52622, 0.5, 0.013, 4, 3.90199, 5, -0.00132713, -0.0196113, 0, 0.00116703, 0.000595523
10111, 19.6104, 6.01567, 1.67371, 2.37268, 0.5, 0.013, 4, 3.93945, 5, -0.0158025, 0.00393438, 0, 0.000255289, -1.00833e-05
10101, 17.9404, 7.66307, 1.58773, 2.47466, 0.5, 0.013, 4, 4.01943, 5, -0.0315108, -0.00758585, 0, 2.21954e-05, -0.000184802
01000, 17.9111, 5.893, 0.0413357, 2.45508, 0.5, 0.013, 4, 3.94799, 5, -0.0306716, -0.00303814, 0, 6.81569e-05, 3.41588e-05
10110, 19.6853, 8.37763, 1.64237, 2.433, 0.5, 0.013, 4, 3.95962, 5, 0.00343914, 0.0305745, 0, 0.000443416, 2.92582e-05
10100, 17.8504, 10.1152, 1.6052, 2.46055, 0.5, 0.013, 4, 4.04906, 5, -0.033168, 0.0242779, 0, -2.22055e-05, 0.000184793
00101, 22.0322, 3.79355, 0.0202322, 2.48325, 0.5, 0.013, 4, 3.93797, 5, 0.0121484, 0.0127152, 0, -0.000257411, 0.000154924
00011, 21.4327, 5.0129, 0.0197543, 2.63965, 0.5, 0.013, 4, 4.06375, 5, 0.00203969, -0.0140582, 0, 0.000480559, -3.86967e-05
00010, 23.7718, 5.75587, 0.0322922, 2.64772, 0.5, 0.013, 4, 3.91232, 5, 0.0121002, 0.0111833, 0, -0.000609468, 2.80188e-05
00100, 24.3481, 3.35373, -0.0213821, 2.4005, 0.5, 0.013, 4, 3.99762, 5, 0.0253201, -0.02614, 0, -0.00176617, -0.000705305
00001, 26.0008, 4.9273, -0.038273, 2.51977, 0.5, 0.013, 4, 3.91733, 5, 0.0288583, -0.0241089, 0, 0.00270659, 3.35254e-05
00000, 28.2311, 5.58773, -1.92139e-05, 2.54709, 0.5, 0.013, 4, 3.92416, 5, 0.0170132, 0.0222214, 0, -0.00275442, 9.49575e-06
11111, 42.2112, 1.22223, 1.72468, 2.46222, 0.5, 0.013, 4, 4.09527, 5, 0.0864197, 0.0158132, 0, -0.00177371, 0.000206607
11101, 43.3195, 3.20115, 1.69138, 2.61762, 0.5, 0.013, 4, 3.97558, 5, 0.115882, -0.0153285, 0, 0.00189619, -0.00020693
11110, 42.2664, 3.60184, 1.66798, 2.45118, 0.5, 0.013, 4, 3.96603, 5, 0.108167, 0.0407769, 0, -0.000292642, -0.000323579
11000, 41.5419, 7.17401, 1.58901, 2.45178, 0.5, 0.013, 4, 3.96323, 5, 0.0983808, -0.031738, 0, 0.00018083, -0.000200204
11001, 41.1235, 4.76912, 1.54702, 2.56545, 0.5, 0.013, 4, 3.90837, 5, 0.0859082, -0.0589642, 0, 0.000206349, -0.00015801
11100, 43.0225, 5.72778, 1.62993, 2.50244, 0.5, 0.013, 4, 4.01908, 5, 0.104269, 0.0160612, 0, -0.000165567, 0.000389462

01110, 7.59274, 4.93474, 0.0195427, 2.74439, 0.5, 0.013, 4, 4.03223, 5, -0.0784207, -0.00972997, 0, -0.000383194, 0.00128232
01111, 4.93061, 4.62544, 0.0173721, 2.69339, 0.5, 0.013, 4, 3.91913, 5, -0.108655, -0.0263929, 0, -0.000673259, -0.000520136
10001, 9.43173, 7.9047, 1.53633, 2.84888, 0.5, 0.013, 4, 4.0952, 5, -0.0777396, -0.0506091, 0, 0.000604879, 0.000240153
01101, 10.2064, 4.91556, 0.120594, 2.54406, 0.5, 0.013, 4, 3.94123, 5, -0.0450567, -0.00582106, 0, -0.000929021, -0.00027635
10011, 8.42698, 6.73593, 1.6688, 2.5954, 0.5, 0.013, 4, 4.02125, 5, -0.0852101, 0.0083206, 0, -0.000502725, -0.000803313
10010, 8.20409, 9.35551, 1.61248, 2.70341, 0.5, 0.013, 4, 3.98221, 5, -0.0924141, 0.042615, 0, -0.000122454, 0.000100966
10000, 9.27082, 10.6457, 1.57086, 2.70896, 0.5, 0.013, 4, 3.94738, 5, -0.0927389, -0.0176066, 0, -0.000334287, -0.000225553
01001, 15.1944, 5.71051, 0.0949469, 2.55478, 0.5, 0.013, 4, 3.99455, 5, -0.0571775, -0.00444728, 0, 0.0305434, 0.0193691
01011, 12.122, 6.77739, 0.0300365, 2.49565, 0.5, 0.013, 4, 3.90072, 5, -0.0567325, 0.00163297, 0, -0.000230411, -7.99817e-06
01010, 14.5753, 6.85228, 0.0302759, 2.44034, 0.5, 0.013, 4, 3.99811, 5, -0.0248043, 0.00265271, 0, 0.000231496, 8.03294e-06
01100, 12.7725, 5.08844, 0.057989, 2.6466, 0.5, 0.013, 4, 4.07169, 5, -0.0180454, -0.00401887, 0, -0.0277667, -0.018062
00111, 16.9963, 3.41866, -0.0308446, 2.74598, 0.5, 0.013, 4, 4.01196, 5, -0.0315318, -0.0131905, 0, 0.000362424, -3.17104e-05
00110, 19.6965, 3.19995, -0.0473151, 2.69588, 0.5, 0.013, 4, 3.90199, 5, 0.00377658, -0.0161668, 0, 0.000850189, 0.000730436
10111, 19.5334, 6.03654, 1.67371, 2.53202, 0.5, 0.013, 4, 3.93945, 5, -0.0152456, 0.00442817, 0, 0.000244294, 0.000137426
10101, 17.7825, 7.64545, 1.58773, 2.64086, 0.5, 0.013, 4, 4.01943, 5, -0.0314106, -0.00308367, 0, -3.68644e-05, 0.000802667
01000, 17.7598, 5.83614, 0.0413351, 2.61996, 0.5, 0.013, 4, 3.94799, 5, -0.0295101, -0.0210374, 0, 0.000794189, 0.000923398
10110, 19.7079, 8.52929, 1.64237, 2.5964, 0.5, 0.013, 4, 3.95962, 5, 0.00554344, 0.0298436, 0, 0.000395227, -0.000298747
10100, 17.6832, 10.2579, 1.6052, 2.6258, 0.5, 0.013, 4, 4.04906, 5, -0.0340059, 0.0375973, 0, 8.56801e-05, -0.00196548
00101, 22.0961, 3.85488, 0.0202341, 2.65002, 0.5, 0.013, 4, 3.93797, 5, 0.0139922, 0.011348, 0, 0.000751632, -0.000585818
00011, 21.4494, 4.9436, 0.0197531, 2.81693, 0.5, 0.013, 4, 4.06375, 5, 0.00448316, -0.0131466, 0, 0.000320147, 0.000475845
00010, 23.8236, 5.81109, 0.0322906, 2.82554, 0.5, 0.013, 4, 3.91232, 5, 0.00839961, 0.0105633, 0, -0.000817422, -0.000309939
00100, 24.4495, 3.21757, -0.0213796, 2.56171, 0.5, 0.013, 4, 3.99762, 5, 0.0153823, -0.0279828, 0, -0.00195526, -0.000103898
00001, 26.1814, 4.81543, -0.0382758, 2.68899, 0.5, 0.013, 4, 3.91733, 5, 0.043555, -0.0186045, 0, 0.00280762, 0.00238748
00000, 28.2795, 5.69048, -2.19409e-05, 2.71815, 0.5, 0.013, 4, 3.92416, 5, 0.00225224, 0.0168238, 0, -0.00281198, -0.00237184
11111, 42.6189, 1.30381, 1.72469, 2.62758, 0.5, 0.013, 4, 4.09527, 5, 0.072348, 0.0168848, 0, -0.00689999, 0.000503094
11101, 43.8999, 3.12398, 1.69138, 2.79342, 0.5, 0.013, 4, 3.97558, 5, 0.112933, -0.013383, 0, -0.00255803, 0.00206987
11110, 42.8028, 3.78542, 1.66799, 2.6158, 0.5, 0.013, 4, 3.96603, 5, 0.101637, 0.0361181, 0, 0.00818469, 0.0103966
11000, 42.0363, 7.01404, 1.58901, 2.61644, 0.5, 0.013, 4, 3.96323, 5, 0.0994636, -0.0320729, 0, 0.000206965, -9.61577e-05
11001, 41.5527, 4.47368, 1.54702, 2.73774, 0.5, 0.013, 4, 3.90837, 5, 0.0854102, -0.0591482, 0, -0.000191123, 7.70315e-05
11100, 43.5705, 5.82315, 1.62993, 2.6705, 0.5, 0.013, 4, 4.01908, 5, 0.127559, 0.0252642, 0, 0.00159262, -0.00255142

01110, 7.1399, 4.90759, 0.0195391, 2.9287, 0.5, 0.013, 4, 4.03223, 5, -0.0904223, -0.00862474, 0, -0.00211131, -0.00626471
01111, 4.34005, 4.47067, 0.01737, 2.87427, 0.5, 0.013, 4, 3.91913, 5, -0.126232, -0.0356877, 0, 0.0100941, 0.00337219
10010, 7.73962, 9.57546, 1.61248, 2.88497, 0.5, 0.013, 4, 3.98221, 5, -0.0940273, 0.0498426, 0, -0.000729919, 0.00389827
01011, 11.8357, 6.78546, 0.0300365, 2.66326, 0.5, 0.013, 4, 3.90072, 5, -0.057817, 0.00159434, 0, -0.000227514, -8.59073e-06
10001, 9.04852, 7.65039, 1.53633, 3.04021, 0.5, 0.013, 4, 4.0952, 5, -0.0756441, -0.0514092, 0, 0.000792371, 1.57502e-05
01101, 9.92084, 4.87828, 0.120598, 2.71492, 0.5, 0.013, 4, 3.94123, 5, -0.0494234, -0.00540385, 0, 0.00632971, 0.00160244
10011, 8.00074, 6.78809, 1.6688, 2.76971, 0.5, 0.013, 4, 4.02125, 5, -0.0841971, 0.0142782, 0, 0.000235848, -0.00206025
10000, 8.80149, 10.5548, 1.57086, 2.8909, 0.5, 0.013, 4, 3.94738, 5, -0.0951793, -0.0187903, 0, -0.000522564, -0.000245102
01001, 14.9606, 5.8657, 0.0949424, 2.72636, 0.5, 0.013, 4, 3.99455, 5, -0.0585868, 0.0293291, 0, -0.000814062, -0.0142907
01010, 14.4539, 6.86568, 0.030276, 2.60423, 0.5, 0.013, 4, 3.99811, 5, -0.0237658, 0.00317983, 0, -0.000207532, 0.0045536
01100, 12.6499, 4.90484, 0.0579834, 2.82435, 0.5, 0.013, 4, 4.07169, 5, -0.00921137, -0.0356664, 0, -0.000847539, 0.00922973
00111, 16.8416, 3.35242, -0.0308444, 2.9304, 0.5, 0.013, 4, 4.01196, 5, -0.0307007, -0.0132771, 0, -4.30413e-05, 1.95832e-06
00110, 19.7246, 3.12798, -0.0473152, 2.87694, 0.5, 0.013, 4, 3.90199, 5, 0.00711906, -0.0129397, 0, 0.000392461, 0.000318824
10111, 19.5059, 6.06524, 1.67371, 2.70207, 0.5, 0.013, 4, 3.93945, 5, -0.00907512, 0.00614589, 0, 0.00381343, 0.000900073
10101, 17.6254, 7.62855, 1.58773, 2.81821, 0.5, 0.013, 4, 4.01943, 5, -0.0313116, -0.00508083, 0, -2.24048e-05, 0.000965021
01000, 17.6632, 5.72866, 0.0413357, 2.79591, 0.5, 0.013, 4, 3.94799, 5, -0.0303016, -0.0221973, 0, -0.00401146, 0.000261831
10110, 19.7491, 8.69824, 1.64237, 2.77077, 0.5, 0.013, 4, 3.95962, 5, 0.0106409, 0.037423, 0, -0.00188356, -0.00557027
10100, 17.5143, 10.4201, 1.6052, 2.80214, 0.5, 0.013, 4, 4.04906, 5, -0.0337038, 0.0299372, 0, 7.5144e-06, -0.00061849
00101, 22.1777, 3.90081, 0.0202364, 2.82799, 0.5, 0.013, 4, 3.93797, 5, 0.0192758, 0.0025552, 0, 0.0012759, -0.0124493
00011, 21.5179, 4.86912, 0.0197535, 3.00611, 0.5, 0.013, 4, 4.06375, 5, 0.0238415, -0.0126688, 0, -0.00770845, 0.015708
00010, 23.8558, 5.85916, 0.0322893, 3.0153, 0.5, 0.013, 4, 3.91232, 5, 0.00440168, 0.0081743, 0, -0.000961398, -0.00110112
00100, 24.5027, 3.07883, -0.0213771, 2.73375, 0.5, 0.013, 4, 3.99762, 5, 0.00608715, -0.0270133, 0, -0.00134078, -6.4436e-05
00001, 26.4254, 4.7569, -0.0382763, 2.86959, 0.5, 0.013, 4, 3.91733, 5, 0.0518267, -0.00633532, 0, 0.00044665, 0.000924501
00000, 28.2645, 5.74023, -2.24e-05, 2.90069, 0.5, 0.013, 4, 3.92416, 5, -0.00607401, 0.004568, 0, -0.000459575, -0.000941333
11111, 42.9729, 1.3912, 1.7247, 2.80404, 0.5, 0.013, 4, 4.09527, 5, 0.0724439, 0.0180341, 0, 0.00145567, 0.000221612
11110, 43.3608, 3.93225, 1.668, 2.79147, 0.5, 0.013, 4, 3.96603, 5, 0.121947, 0.0169337, 0, 0.00236391, -0.00580839
11000, 42.5366, 6.85264, 1.58901, 2.79216, 0.5, 0.013, 4, 3.96323, 5, 0.100641, -0.032557, 0, 0.000230641, -0.000156876
11001, 41.9769, 4.17887, 1.54702, 2.9216, 0.5, 0.013, 4, 3.90837, 5, 0.0842624, -0.0586979, 0, -0.000229904, 0.000152969

