1, 23.5, 5.5, 1.5708, 2, 0.5, 0.026, 4, 4, 5, 0, 0, 0, 0, 0
0, 22, 6, 0, 2, 0.5, 0.026, 4, 4, 5, 0, 0, 0, 0, 0

1, 23.553, 5.49816, 1.50552, 2.27766, 0.5, 0.026, 4, 4, 5, 0, 0, 0, 0, 0
0, 21.947, 6.00184, 0.00281571, 2.27766, 0.5, 0.026, 4, 4, 5, 0, 0, 0, 0, 0

1, 23.6188, 5.49188, 1.4489, 2.59386, 0.5, 0.026, 4, 4, 5, 0, 0, 0, 0, 0
0, 21.8812, 6.00812, 0.0125905, 2.59386, 0.5, 0.026, 4, 4, 5, 0, 0, 0, 0, 0

1, 23.6952, 5.48053, 1.40002, 2.95396, 0.5, 0.026, 4, 4, 5, 0, 0, 0, 0, 0
0, 21.8048, 6.01947, 0.0304728, 2.95396, 0.5, 0.026, 4, 4, 5, 0, 0, 0, 0, 0

1, 23.7804, 5.46384, 1.35618, 3.36406, 0.5, 0.026, 4, 4, 5, 0, 0, 0, 0, 0
0, 21.7196, 6.03616, 0.0568575, 3.36406, 0.5, 0.026, 4, 4, 5, 0, 0, 0, 0, 0

1, 23.8722, 5.44181, 1.31493, 3.83108, 0.5, 0.026, 4, 4, 5, 0, 0, 0, 0, 0
0, 21.6278, 6.05819, 0.0914127, 3.83108, 0.5, 0.026, 4, 4, 5, 0, 0, 0, 0, 0

01, 20.4162, 5.94287, 0.119273, 2.22746, 0.5, 0.026, 4, 4, 5, 0, 0, 0, 0, 0
11, 23.5979, 4.33001, 1.31024, 2.21333, 0.5, 0.026, 4, 4, 5, 0, 0, 0, 0, 0
00, 22.5805, 6.18178, 0.108004, 2.13548, 0.5, 0.026, 4, 4, 5, 0, 0, 0, 0, 0
10, 24.2115, 6.41809, 1.33743, 2.14961, 0.5, 0.026, 4, 4, 5, 0, 0, 0, 0, 0

01, 20.2095, 5.92285, 0.127062, 2.53669, 0.5, 0.026, 4, 4, 5, 0, 0, 0, 0, 0
11, 23.551, 4.23533, 1.3426, 2.52061, 0.5, 0.026, 4, 4, 5, 0, 0, 0, 0, 0
00, 22.6684, 6.22297, 0.178814, 2.43195, 0.5, 0.026, 4, 4, 5, 0, 0, 0, 0, 0
10, 24.3866, 6.4954, 1.48036, 2.44804, 0.5, 0.026, 4, 4, 5, 0, 0, 0, 0, 0

01, 19.9853, 5.92314, 0.171834, 2.88886, 0.5, 0.026, 4, 4, 5, 0, 0, 0, 0, 0
11, 23.521, 4.20637, 1.37511, 2.87054, 0.5, 0.026, 4, 4, 5, 0, 0, 0, 0, 0
00, 22.7415, 6.2295, 0.321243, 2.76957, 0.5, 0.026, 4, 4, 5, 0, 0, 0, 0, 0
10, 24.5772, 6.51845, 1.55942, 2.78789, 0.5, 0.026, 4, 4, 5, 0, 0, 0, 0, 0

01, 19.8697, 5.96096, 0.251442, 3.28992, 0.5, 0.026, 4, 4, 5, 0, 0, 0, 0, 0
11, 23.5063, 4.20081, 1.39282, 3.26905, 0.5, 0.026, 4, 4, 5, 0, 0, 0, 0, 0
00, 22.7531, 6.19039, 0.489713, 3.15407, 0.5, 0.026, 4, 4, 5, 0, 0, 0, 0, 0
10, 24.7005, 6.52381, 1.56994, 3.17493, 0.5, 0.026, 4, 4, 5, 0, 0, 0, 0, 0

01, 19.8483, 5.98151, 0.282877, 3.74665, 0.5, 0.026, 4, 4, 5, 0, 0, 0, 0, 0
11, 23.5058, 4.20076, 1.39346, 3.72289, 0.5, 0.026, 4, 4, 5, 0, 0, 0, 0, 0
00, 22.6997, 6.16967, 0.576596, 3.59194, 0.5, 0.026, 4, 4, 5, 0, 0, 0, 0, 0
10, 24.7764, 6.52315, 1.55099, 3.6157, 0.5, 0.026, 4, 4, 5, 0, 0, 0, 0, 0

011, 18.8248, 5.68246, 0.280114, 2.13173, 0.5, 0.026, 4, 4, 5, 0, 0, 0, 0, 0
111, 23.3196, 3.16195, 1.39367, 2.11747, 0.5, 0.026, 4, 4, 5, 0, 0, 0, 0, 0
001, 21.8806, 5.5967, 0.63304, 1.99976, 0.5, 0.026, 4, 4, 5, 0, 0, 0, 0, 0
010, 20.8619, 6.30465, 0.320387, 2.13506, 0.5, 0.026, 4, 4, 5, 0, 0, 0, 0, 0
110, 23.6965, 5.24456, 1.38794, 2.12227, 0.5, 0.026, 4, 4, 5, 0, 0, 0, 0, 0
000, 23.5084, 6.82932, 0.649371, 2.09085, 0.5, 0.026, 4, 4, 5, 0, 0, 0, 0, 0
101, 24.7924, 5.51347, 1.53686, 2.05101, 0.5, 0.026, 4, 4, 5, 0, 0, 0, 0, 0
100, 24.9285, 7.55969, 1.60271, 2.06666, 0.5, 0.026, 4, 4, 5, 0, 0, 0, 0, 0

011, 18.6814, 5.63992, 0.278058, 2.42768, 0.5, 0.026, 4, 4, 5, 0, 0, 0, 0, 0
111, 23.288, 2.98412, 1.39336, 2.41143, 0.5, 0.026, 4, 4, 5, 0, 0, 0, 0, 0
001, 21.7738, 5.47351, 0.586135, 2.27738, 0.5, 0.026, 4, 4, 5, 0, 0, 0, 0, 0
010, 20.997, 6.35843, 0.351375, 2.43147, 0.5, 0.026, 4, 4, 5, 0, 0, 0, 0, 0
110, 23.7252, 5.35383, 1.36796, 2.4169, 0.5, 0.026, 4, 4, 5, 0, 0, 0, 0, 0
000, 23.4925, 7.00124, 0.606464, 2.38112, 0.5, 0.026, 4, 4, 5, 0, 0, 0, 0, 0
101, 24.8245, 5.38644, 1.50471, 2.33575, 0.5, 0.026, 4, 4, 5, 0, 0, 0, 0, 0
100, 25.0272, 7.68933, 1.70283, 2.35357, 0.5, 0.026, 4, 4, 5, 0, 0, 0, 0, 0

011, 18.4691, 5.58652, 0.288502, 2.76471, 0.5, 0.026, 4, 4, 5, 0, 0, 0, 0, 0
111, 23.2553, 2.77198, 1.38513, 2.74621, 0.5, 0.026, 4, 4, 5, 0, 0, 0, 0, 0
001, 21.7106, 5.36684, 0.502106, 2.59354, 0.5, 0.026, 4, 4, 5, 0, 0, 0, 0, 0
010, 21.0775, 6.42205, 0.483612, 2.76902, 0.5, 0.026, 4, 4, 5, 0, 0, 0, 0, 0
110, 23.7658, 5.4628, 1.30178, 2.75243, 0.5, 0.026, 4, 4, 5, 0, 0, 0, 0, 0
000, 23.5038, 7.18801, 0.680511, 2.71169, 0.5, 0.026, 4, 4, 5, 0, 0, 0, 0, 0
101, 24.8605, 5.26062, 1.43802, 2.66001, 0.5, 0.026, 4, 4, 5, 0, 0, 0, 0, 0
100, 25.1689, 7.82327, 1.79189, 2.68031, 0.5, 0.026, 4, 4, 5, 0, 0, 0, 0, 0

011, 18.3156, 5.58142, 0.344663, 3.14853, 0.5, 0.026, 4, 4, 5, 0, 0, 0, 0, 0
111, 23.2499, 2.57903, 1.34025, 3.12746, 0.5, 0.026, 4, 4, 5, 0, 0, 0, 0, 0
001, 21.6706, 5.24425, 0.381548, 2.9536, 0.5, 0.026, 4, 4, 5, 0, 0, 0, 0, 0
010, 21.1224, 6.4698, 0.711355, 3.15344, 0.5, 0.026, 4, 4, 5, 0, 0, 0, 0, 0
110, 23.7763, 5.59616, 1.19327, 3.13455, 0.5, 0.026, 4, 4, 5, 0, 0, 0, 0, 0
000, 23.4924, 7.32135, 0.776347, 3.08815, 0.5, 0.026, 4, 4, 5, 0, 0, 0, 0, 0
101, 24.8768, 5.13359, 1.38747, 3.0293, 0.5, 0.026, 4, 4, 5, 0, 0, 0, 0, 0
100, 25.3096, 7.94974, 1.86263, 3.05241, 0.5, 0.026, 4, 4, 5, 0, 0, 0, 0, 0

011, 18.2294, 5.6119, 0.420154, 3.58563, 0.5, 0.026, 4, 4, 5, 0, 0, 0, 0, 0
111, 23.2812, 2.40931, 1.24313, 3.56164, 0.5, 0.026, 4, 4, 5, 0, 0, 0, 0, 0
001, 21.5742, 5.08725, 0.410267, 3.36365, 0.5, 0.026, 4, 4, 5, 0, 0, 0, 0, 0
010, 21.1432, 6.53478, 0.807881, 3.59123, 0.5, 0.026, 4, 4, 5, 0, 0, 0, 0, 0
110, 23.8074, 5.71486, 1.1643, 3.56971, 0.5, 0.026, 4, 4, 5, 0, 0, 0, 0, 0
000, 23.4184, 7.41683, 0.767496, 3.51687, 0.5, 0.026, 4, 4, 5, 0, 0, 0, 0, 0
101, 24.893, 5.03772, 1.38518, 3.44985, 0.5, 0.026, 4, 4, 5, 0, 0, 0, 0, 0
100, 25.4651, 8.05363, 1.91143, 3.47618, 0.5, 0.026, 4, 4, 5, 0, 0, 0, 0, 0

0111, 17.3289, 5.20388, 0.453671, 2.01576, 0.5, 0.026, 4, 4, 5, 0, 0, 0, 0, 0
0110, 19.1472, 6.12519, 0.491225, 2.06766, 0.5, 0.026, 4, 4, 5, 0, 0, 0, 0, 0
1111, 22.8817, 1.28343, 1.19279, 2.03885, 0.5, 0.026, 4, 4, 5, 0, 0, 0, 0, 0
1110, 23.6555, 3.15392, 1.16377, 2.01724, 0.5, 0.026, 4, 4, 5, 0, 0, 0, 0, 0
0001, 22.6141, 6.82208, 0.757607, 1.99424, 0.5, 0.026, 4, 4, 5, 0, 0, 0, 0, 0
1101, 23.4648, 4.87268, 1.12798, 2.03117, 0.5, 0.026, 4, 4, 5, 0, 0, 0, 0, 0
0101, 20.4196, 5.77824, 0.869235, 2.06791, 0.5, 0.026, 4, 4, 5, 0, 0, 0, 0, 0
001, 21.4212, 4.96846, 0.447808, 3.83061, 0.5, 0.026, 4, 4, 5, 0, 0, 0, 0, 0
0100, 21.6974, 7.37, 0.866799, 2.02189, 0.5, 0.026, 4, 4, 5, 0, 0, 0, 0, 0
1100, 24.252, 6.74108, 1.1546, 2.03412, 0.5, 0.026, 4, 4, 5, 0, 0, 0, 0, 0
101, 25.0239, 4.96732, 1.45068, 3.92879, 0.5, 0.026, 4, 4, 5, 0, 0, 0, 0, 0
0000, 24.0589, 8.20584, 0.759193, 2.01087, 0.5, 0.026, 4, 4, 5, 0, 0, 0, 0, 0
100, 25.6273, 8.12808, 1.92767, 3.95877, 0.5, 0.026, 4, 4, 5, 0, 0, 0, 0, 0

0111, 17.1961, 5.13783, 0.451609, 2.2956, 0.5, 0.026, 4, 4, 5, 0, 0, 0, 0, 0
0110, 19.2503, 6.21404, 0.556769, 2.35471, 0.5, 0.026, 4, 4, 5, 0, 0, 0, 0, 0
1111, 22.8185, 1.13024, 1.19655, 2.3219, 0.5, 0.026, 4, 4, 5, 0, 0, 0, 0, 0
1110, 23.7051, 3.25814, 1.14498, 2.29729, 0.5, 0.026, 4, 4, 5, 0, 0, 0, 0, 0
0011, 20.4092, 4.40258, 0.458925, 2.20793, 0.5, 0.026, 4, 4, 5, 0, 0, 0, 0, 0
0001, 22.4643, 6.71107, 0.658896, 2.2711, 0.5, 0.026, 4, 4, 5, 0, 0, 0, 0, 0
1101, 23.4344, 4.7737, 0.898271, 2.31315, 0.5, 0.026, 4, 4, 5, 0, 0, 0, 0, 0
0101, 20.3496, 5.697, 0.740006, 2.35499, 0.5, 0.026, 4, 4, 5, 0, 0, 0, 0, 0
0010, 22.346, 5.39777, 0.465784, 2.15449, 0.5, 0.026, 4, 4, 5, 0, 0, 0, 0, 0
0100, 21.7423, 7.51215, 0.782466, 2.30258, 0.5, 0.026, 4, 4, 5, 0, 0, 0, 0, 0
1011, 24.97, 3.80609, 1.50045, 2.23597, 0.5, 0.026, 4, 4, 5, 0, 0, 0, 0, 0
1001, 26.1072, 7.12682, 2.03353, 2.25114, 0.5, 0.026, 4, 4, 5, 0, 0, 0, 0, 0
1100, 24.2239, 6.86494, 1.08785, 2.31652, 0.5, 0.026, 4, 4, 5, 0, 0, 0, 0, 0
1010, 25.1568, 6.03037, 1.44564, 2.23824, 0.5, 0.026, 4, 4, 5, 0, 0, 0, 0, 0
0000, 24.0243, 8.34813, 0.769178, 2.29004, 0.5, 0.026, 4, 4, 5, 0, 0, 0, 0, 0
1000, 25.3818, 9.2397, 1.98653, 2.25722, 0.5, 0.026, 4, 4, 5, 0, 0, 0, 0, 0

0111, 17.0497, 5.07141, 0.457972, 2.6143, 0.5, 0.026, 4, 4, 5, 0, 0, 0, 0, 0
0110, 19.3711, 6.30402, 0.640792, 2.68161, 0.5, 0.026, 4, 4, 5, 0, 0, 0, 0, 0
1111, 22.7143, 1.14534, 0.902636, 2.64425, 0.5, 0.026, 4, 4, 5, 0, 0, 0, 0, 0
1110, 23.7961, 3.46986, 1.04149, 2.61622, 0.5, 0.026, 4, 4, 5, 0, 0, 0, 0, 0
0011, 20.232, 4.27442, 0.477077, 2.51445, 0.5, 0.026, 4, 4, 5, 0, 0, 0, 0, 0
0001, 22.4743, 6.60587, 0.550368, 2.58639, 0.5, 0.026, 4, 4, 5, 0, 0, 0, 0, 0
1101, 23.3622, 4.7502, 0.733538, 2.63428, 0.5, 0.026, 4, 4, 5, 0, 0, 0, 0, 0
0101, 20.1702, 5.59115, 0.716834, 2.68193, 0.5, 0.026, 4, 4, 5, 0, 0, 0, 0, 0
0010, 22.4284, 5.41001, 0.573981, 2.45359, 0.5, 0.026, 4, 4, 5, 0, 0, 0, 0, 0
0100, 21.7682, 7.61431, 0.731962, 2.62225, 0.5, 0.026, 4, 4, 5, 0, 0, 0, 0, 0
0000, 23.9605, 8.52256, 0.716012, 2.60796, 0.5, 0.026, 4, 4, 5, 0, 0, 0, 0, 0
1011, 25.1161, 3.59649, 1.39507, 2.54639, 0.5, 0.026, 4, 4, 5, 0, 0, 0, 0, 0
1001, 26.2771, 7.06139, 2.0588, 2.56366, 0.5, 0.026, 4, 4, 5, 0, 0, 0, 0, 0
1100, 24.2596, 7.03051, 1.12482, 2.63811, 0.5, 0.026, 4, 4, 5, 0, 0, 0, 0, 0
1010, 25.1236, 6.07583, 1.38083, 2.54898, 0.5, 0.026, 4, 4, 5, 0, 0, 0, 0, 0
1000, 25.4856, 9.44261, 2.05114, 2.57058, 0.5, 0.026, 4, 4, 5, 0, 0, 0, 0, 0

0101, 19.9101, 5.46231, 0.755071, 3.05426, 0.5, 0.026, 4, 4, 5, 0, 0, 0, 0, 0
0111, 16.8586, 5.01619, 0.511425, 2.97724, 0.5, 0.026, 4, 4, 5, 0, 0, 0, 0, 0
0110, 19.438, 6.40037, 0.765192, 3.05389, 0.5, 0.026, 4, 4, 5, 0, 0, 0, 0, 0
1111, 22.7148, 1.15005, 0.702833, 3.01134, 0.5, 0.026, 4, 4, 5, 0, 0, 0, 0, 0
1110, 23.8264, 3.52766, 0.89012, 2.97943, 0.5, 0.026, 4, 4, 5, 0, 0, 0, 0, 0
0011, 20.0207, 4.14271, 0.610555, 2.86353, 0.5, 0.026, 4, 4, 5, 0, 0, 0, 0, 0
0001, 22.487, 6.58388, 0.535997, 2.94545, 0.5, 0.026, 4, 4, 5, 0, 0, 0, 0, 0
1101, 23.2597, 4.60409, 0.695877, 2.99999, 0.5, 0.026, 4, 4, 5, 0, 0, 0, 0, 0
0010, 22.4802, 5.27955, 0.672661, 2.79422, 0.5, 0.026, 4, 4, 5, 0, 0, 0, 0, 0
0100, 21.7603, 7.81902, 0.936535, 2.98629, 0.5, 0.026, 4, 4, 5, 0, 0, 0, 0, 0
0000, 23.902, 8.73249, 0.744385, 2.97002, 0.5, 0.026, 4, 4, 5, 0, 0, 0, 0, 0
1011, 25.2122, 3.40291, 1.20329, 2.8999, 0.5, 0.026, 4, 4, 5, 0, 0, 0, 0, 0
1001, 26.4927, 7.00419, 2.02078, 2.91957, 0.5, 0.026, 4, 4, 5, 0, 0, 0, 0, 0
1100, 24.411, 7.18945, 1.24775, 3.00436, 0.5, 0.026, 4, 4, 5, 0, 0, 0, 0, 0
1010, 25.205, 6.0599, 1.37094, 2.90285, 0.5, 0.026, 4, 4, 5, 0, 0, 0, 0, 0
1000, 25.6207, 9.68471, 2.12007, 2.92745, 0.5, 0.026, 4, 4, 5, 0, 0, 0, 0, 0

0011, 19.9481, 4.09648, 0.789988, 3.26107, 0.5, 0.026, 4, 4, 5, 0, 0, 0, 0, 0
0101, 19.7277, 5.31665, 0.804296, 3.47827, 0.5, 0.026, 4, 4, 5, 0, 0, 0, 0, 0
0111, 16.6742, 5.00114, 0.62118, 3.39056, 0.5, 0.026, 4, 4, 5, 0, 0, 0, 0, 0
0110, 19.4981, 6.51378, 0.804413, 3.47786, 0.5, 0.026, 4, 4, 5, 0, 0, 0, 0, 0
1111, 22.7268, 1.18952, 0.603647, 3.4294, 0.5, 0.026, 4, 4, 5, 0, 0, 0, 0, 0
1110, 23.6973, 3.35494, 0.799405, 3.39306, 0.5, 0.026, 4, 4, 5, 0, 0, 0, 0, 0
0001, 22.4935, 6.52502, 0.598787, 3.35437, 0.5, 0.026, 4, 4, 5, 0, 0, 0, 0, 0
1101, 23.2065, 4.42968, 0.676442, 3.41648, 0.5, 0.026, 4, 4, 5, 0, 0, 0, 0, 0
0010, 22.4615, 5.15374, 0.706641, 3.18213, 0.5, 0.026, 4, 4, 5, 0, 0, 0, 0, 0
0100, 21.8029, 8.01458, 1.09601, 3.40087, 0.5, 0.026, 4, 4, 5, 0, 0, 0, 0, 0
0000, 23.7712, 8.86925, 0.785456, 3.38234, 0.5, 0.026, 4, 4, 5, 0, 0, 0, 0, 0
1011, 25.2875, 3.30957, 1.06234, 3.30249, 0.5, 0.026, 4, 4, 5, 0, 0, 0, 0, 0
1001, 26.7336, 6.92558, 1.92994, 3.32489, 0.5, 0.026, 4, 4, 5, 0, 0, 0, 0, 0
1100, 24.5348, 7.35035, 1.32139, 3.42145, 0.5, 0.026, 4, 4, 5, 0, 0, 0, 0, 0
1010, 25.3355, 6.14086, 1.3917, 3.30584, 0.5, 0.026, 4, 4, 5, 0, 0, 0, 0, 0
1000, 25.7097, 9.92515, 2.23133, 3.33387, 0.5, 0.026, 4, 4, 5, 0, 0, 0, 0, 0

0011, 19.8274, 3.95691, 0.854204, 3.71379, 0.5, 0.026, 4, 4, 5, 0, 0, 0, 0, 0
0101, 19.5708, 5.14021, 0.835201, 3.96116, 0.5, 0.026, 4, 4, 5, 0, 0, 0, 0, 0
0111, 16.5779, 5.02595, 0.716069, 3.86127, 0.5, 0.026, 4, 4, 5, 0, 0, 0, 0, 0
0110, 19.5136, 6.56286, 0.835363, 3.96069, 0.5, 0.026, 4, 4, 5, 0, 0, 0, 0, 0
1111, 22.6048, 1.22653, 0.523721, 3.9055, 0.5, 0.026, 4, 4, 5, 0, 0, 0, 0, 0
1110, 23.5556, 3.19992, 0.689075, 3.86411, 0.5, 0.026, 4, 4, 5, 0, 0, 0, 0, 0
0001, 22.5381, 6.53403, 0.635833, 3.82005, 0.5, 0.026, 4, 4, 5, 0, 0, 0, 0, 0
1101, 23.1242, 4.24719, 0.615475, 3.89078, 0.5, 0.026, 4, 4, 5, 0, 0, 0, 0, 0
0010, 22.4238, 5.10556, 0.69808, 3.6239, 0.5, 0.026, 4, 4, 5, 0, 0, 0, 0, 0
0100, 21.7826, 8.24597, 1.23942, 3.87301, 0.5, 0.026, 4, 4, 5, 0, 0, 0, 0, 0
0000, 23.6675, 8.95355, 0.836095, 3.85191, 0.5, 0.026, 4, 4, 5, 0, 0, 0, 0, 0
1011, 25.5265, 3.28631, 1.05793, 3.76097, 0.5, 0.026, 4, 4, 5, 0, 0, 0, 0, 0
1001, 26.9077, 6.826, 1.84021, 3.78648, 0.5, 0.026, 4, 4, 5, 0, 0, 0, 0, 0
1100, 24.7044, 7.49002, 1.38275, 3.89644, 0.5, 0.026, 4, 4, 5, 0, 0, 0, 0, 0
1010, 25.4693, 6.25491, 1.43621, 3.76479, 0.5, 0.026, 4, 4, 5, 0, 0, 0, 0, 0
1000, 25.8273, 10.1689, 2.31105, 3.7967, 0.5, 0.026, 4, 4, 5, 0, 0, 0, 0, 0

01111, 15.6796, 4.23952, 0.73484, 2.25088, 0.5, 0.026, 4, 4, 5, 0, 0, 0, 0, 0
00111, 18.9108, 2.90005, 0.871059, 2.13988, 0.5, 0.026, 4, 4, 5, 0, 0, 0, 0, 0
01101, 18.6614, 5.673, 0.917823, 2.29692, 0.5, 0.026, 4, 4, 5, 0, 0, 0, 0, 0
01011, 18.7322, 4.19119, 0.819369, 2.21131, 0.5, 0.026, 4, 4, 5, 0, 0, 0, 0, 0
01110, 17.3087, 5.71098, 0.744492, 2.14645, 0.5, 0.026, 4, 4, 5, 0, 0, 0, 0, 0
11101, 22.597, 2.44108, 0.674272, 2.16071, 0.5, 0.026, 4, 4, 5, 0, 0, 0, 0, 0
11011, 22.1529, 3.51287, 0.633634, 2.18455, 0.5, 0.026, 4, 4, 5, 0, 0, 0, 0, 0
11111, 21.5289, 0.725857, 0.369563, 2.25057, 0.5, 0.026, 4, 4, 5, 0, 0, 0, 0, 0
11110, 23.4653, 1.79196, 0.616723, 2.19713, 0.5, 0.026, 4, 4, 5, 0, 0, 0, 0, 0
00101, 21.6021, 4.39888, 0.711014, 2.06925, 0.5, 0.026, 4, 4, 5, 0, 0, 0, 0, 0
00110, 20.2849, 4.49318, 0.942815, 2.08949, 0.5, 0.026, 4, 4, 5, 0, 0, 0, 0, 0
00011, 21.8259, 5.89889, 0.484554, 2.16293, 0.5, 0.026, 4, 4, 5, 0, 0, 0, 0, 0
01001, 21.4658, 7.45236, 1.60367, 2.21629, 0.5, 0.026, 4, 4, 5, 0, 0, 0, 0, 0
01100, 20.0893, 7.41012, 0.921805, 2.21362, 0.5, 0.026, 4, 4, 5, 0, 0, 0, 0, 0
01010, 20.1619, 5.92537, 0.855525, 2.29977, 0.5, 0.026, 4, 4, 5, 0, 0, 0, 0, 0
00010, 23.4613, 7.28932, 0.794773, 2.18745, 0.5, 0.026, 4, 4, 5, 0, 0, 0, 0, 0
11010, 23.9893, 4.72947, 0.453743, 2.24639, 0.5, 0.026, 4, 4, 5, 0, 0, 0, 0, 0
00100, 23.2223, 5.65084, 0.80265, 2.05775, 0.5, 0.026, 4, 4, 5, 0, 0, 0, 0, 0
00001, 22.8894, 8.12143, 0.788015, 2.24027, 0.5, 0.026, 4, 4, 5, 0, 0, 0, 0, 0
01000, 22.1247, 9.47973, 1.32602, 2.19441, 0.5, 0.026, 4, 4, 5, 0, 0, 0, 0, 0
10111, 25.1528, 2.3609, 1.12109, 2.1027, 0.5, 0.026, 4, 4, 5, 0, 0, 0, 0, 0
11100, 24.3595, 3.72923, 0.465307, 2.23985, 0.5, 0.026, 4, 4, 5, 0, 0, 0, 0, 0
10110, 26.3145, 4.14462, 1.02494, 2.1804, 0.5, 0.026, 4, 4, 5, 0, 0, 0, 0, 0
10101, 25.5585, 5.35047, 1.53435, 2.13964, 0.5, 0.026, 4, 4, 5, 0, 0, 0, 0, 0
10011, 27.2907, 5.69166, 1.91407, 2.1741, 0.5, 0.026, 4, 4, 5, 0, 0, 0, 0, 0
11001, 24.6625, 6.602, 1.44213, 2.21743, 0.5, 0.026, 4, 4, 5, 0, 0, 0, 0, 0
10010, 26.7988, 7.78087, 1.74838, 2.13805, 0.5, 0.026, 4, 4, 5, 0, 0, 0, 0, 0
10100, 25.7722, 7.46073, 1.62217, 2.14781, 0.5, 0.026, 4, 4, 5, 0, 0, 0, 0, 0
10001, 26.6706, 9.58692, 2.49241, 2.15341, 0.5, 0.026, 4, 4, 5, 0, 0, 0, 0, 0
00000, 24.2877, 9.79675, 0.86073, 2.14639, 0.5, 0.026, 4, 4, 5, 0, 0, 0, 0, 0
11000, 24.9711, 8.76821, 1.17983, 2.21995, 0.5, 0.026, 4, 4, 5, 0, 0, 0, 0, 0
10000, 25.1659, 11.1127, 2.41843, 2.17038, 0.5, 0.026, 4, 4, 5, 0, 0, 0, 0, 0

01111, 15.5647, 4.13842, 0.738035, 2.56336, 0.5, 0.026, 4, 4, 5, 0, 0, 0, 0, 0
01011, 18.55, 3.97227, 0.672207, 2.5183, 0.5, 0.026, 4, 4, 5, 0, 0, 0, 0, 0
00111, 18.6179, 2.56244, 0.8798, 2.43696, 0.5, 0.026, 4, 4, 5, 0, 0, 0, 0, 0
01010, 19.9934, 6.03079, 0.993806, 2.61904, 0.5, 0.026, 4, 4, 5, 0, 0, 0, 0, 0
01100, 19.8522, 7.67964, 1.03732, 2.52093, 0.5, 0.026, 4, 4, 5, 0, 0, 0, 0, 0
01101, 18.4739, 5.51898, 0.997892, 2.6158, 0.5, 0.026, 4, 4, 5, 0, 0, 0, 0, 0
01110, 17.3776, 5.85275, 0.852575, 2.44443, 0.5, 0.026, 4, 4, 5, 0, 0, 0, 0, 0
11101, 22.3494, 2.23055, 0.640852, 2.46067, 0.5, 0.026, 4, 4, 5, 0, 0, 0, 0, 0
11011, 21.9537, 3.28555, 0.757748, 2.48783, 0.5, 0.026, 4, 4, 5, 0, 0, 0, 0, 0
11111, 21.3931, 0.681015, 0.233747, 2.56301, 0.5, 0.026, 4, 4, 5, 0, 0, 0, 0, 0
11110, 23.5614, 1.88916, 0.716499, 2.50215, 0.5, 0.026, 4, 4, 5, 0, 0, 0, 0, 0
00001, 22.7558, 7.93586, 1.04666, 2.55129, 0.5, 0.026, 4, 4, 5, 0, 0, 0, 0, 0
00101, 21.4522, 4.31214, 0.900142, 2.35652, 0.5, 0.026, 4, 4, 5, 0, 0, 0, 0, 0
00110, 20.1766, 4.30607, 1.15173, 2.37958, 0.5, 0.026, 4, 4, 5, 0, 0, 0, 0, 0
00011, 21.7222, 5.91326, 0.208318, 2.4632, 0.5, 0.026, 4, 4, 5, 0, 0, 0, 0, 0
01001, 21.3253, 7.62203, 1.69053, 2.52397, 0.5, 0.026, 4, 4, 5, 0, 0, 0, 0, 0
00010, 23.5646, 7.3542, 1.05068, 2.49113, 0.5, 0.026, 4, 4, 5, 0, 0, 0, 0, 0
00100, 23.3476, 5.53305, 0.704004, 2.34343, 0.5, 0.026, 4, 4, 5, 0, 0, 0, 0, 0
01000, 22.2216, 9.57582, 1.43711, 2.49905, 0.5, 0.026, 4, 4, 5, 0, 0, 0, 0, 0
10110, 26.5682, 3.98984, 1.10541, 2.4831, 0.5, 0.026, 4, 4, 5, 0, 0, 0, 0, 0
10111, 25.1209, 2.18896, 1.2144, 2.39461, 0.5, 0.026, 4, 4, 5, 0, 0, 0, 0, 0
11100, 24.4185, 3.56974, 0.331881, 2.55081, 0.5, 0.026, 4, 4, 5, 0, 0, 0, 0, 0
11010, 24.0804, 4.587, 0.430656, 2.55825, 0.5, 0.026, 4, 4, 5, 0, 0, 0, 0, 0
10101, 25.8136, 5.31936, 1.50224, 2.43668, 0.5, 0.026, 4, 4, 5, 0, 0, 0, 0, 0
10011, 27.4577, 5.56751, 2.2177, 2.47593, 0.5, 0.026, 4, 4, 5, 0, 0, 0, 0, 0
11001, 24.8317, 6.66668, 1.60248, 2.52527, 0.5, 0.026, 4, 4, 5, 0, 0, 0, 0, 0
10010, 26.9616, 7.86818, 1.62872, 2.43487, 0.5, 0.026, 4, 4, 5, 0, 0, 0, 0, 0
10100, 25.9732, 7.73762, 1.62928, 2.44599, 0.5, 0.026, 4, 4, 5, 0, 0, 0, 0, 0
10001, 26.9926, 9.73013, 2.55794, 2.45236, 0.5, 0.026, 4, 4, 5, 0, 0, 0, 0, 0
00000, 24.1792, 9.95887, 0.789943, 2.44437, 0.5, 0.026, 4, 4, 5, 0, 0, 0, 0, 0
11000, 25.1366, 9.12394, 1.1616, 2.52814, 0.5, 0.026, 4, 4, 5, 0, 0, 0, 0, 0
10000, 25.4003, 11.294, 2.85784, 2.47169, 0.5, 0.026, 4, 4, 5, 0, 0, 0, 0, 0

01111, 15.4317, 4.03896, 0.761986, 2.91923, 0.5, 0.026, 4, 4, 5, 0, 0, 0, 0, 0
01011, 18.3105, 3.81354, 0.675127, 2.86791, 0.5, 0.026, 4, 4, 5, 0, 0, 0, 0, 0
00111, 18.3398, 2.27117, 0.934062, 2.77528, 0.5, 0.026, 4, 4, 5, 0, 0, 0, 0, 0
01010, 19.7997, 6.2176, 1.05977, 2.98264, 0.5, 0.026, 4, 4, 5, 0, 0, 0, 0, 0
01100, 19.6315, 7.99256, 1.10048, 2.87091, 0.5, 0.026, 4, 4, 5, 0, 0, 0, 0, 0
01101, 18.2027, 5.44883, 1.03655, 2.97895, 0.5, 0.026, 4, 4, 5, 0, 0, 0, 0, 0
01110, 17.3982, 6.02833, 1.04642, 2.78379, 0.5, 0.026, 4, 4, 5, 0, 0, 0, 0, 0
11101, 22.147, 1.99374, 0.598282, 2.80229, 0.5, 0.026, 4, 4, 5, 0, 0, 0, 0, 0
11011, 21.8112, 3.00862, 0.642, 2.83321, 0.5, 0.026, 4, 4, 5, 0, 0, 0, 0, 0
11111, 21.2818, 0.499985, -2.15449e-06, 2.91883, 0.5, 0.026, 4, 4, 5, 0, 0, 0, 0, 0
11110, 23.6263, 1.81412, 0.671137, 2.84952, 0.5, 0.026, 4, 4, 5, 0, 0, 0, 0, 0
00001, 22.6894, 7.84602, 1.15582, 2.90548, 0.5, 0.026, 4, 4, 5, 0, 0, 0, 0, 0
00101, 21.2869, 4.23576, 1.02031, 2.68367, 0.5, 0.026, 4, 4, 5, 0, 0, 0, 0, 0
00110, 20.0163, 4.19793, 1.28799, 2.70993, 0.5, 0.026, 4, 4, 5, 0, 0, 0, 0, 0
00011, 21.6476, 5.93967, 0.0654057, 2.80516, 0.5, 0.026, 4, 4, 5, 0, 0, 0, 0, 0
01001, 21.1812, 7.84093, 1.71197, 2.87437, 0.5, 0.026, 4, 4, 5, 0, 0, 0, 0, 0
00010, 23.6686, 7.43001, 1.23292, 2.83697, 0.5, 0.026, 4, 4, 5, 0, 0, 0, 0, 0
00100, 23.407, 5.38727, 0.598564, 2.66876, 0.5, 0.026, 4, 4, 5, 0, 0, 0, 0, 0
00000, 23.9515, 10.1006, 0.46001, 2.78372, 0.5, 0.026, 4, 4, 5, 0, 0, 0, 0, 0
01000, 22.1611, 9.76361, 1.44127, 2.84599, 0.5, 0.026, 4, 4, 5, 0, 0, 0, 0, 0
10110, 26.917, 3.70838, 1.13629, 2.82783, 0.5, 0.026, 4, 4, 5, 0, 0, 0, 0, 0
10111, 25.247, 1.95128, 1.22116, 2.72705, 0.5, 0.026, 4, 4, 5, 0, 0, 0, 0, 0
11100, 24.5066, 3.48031, 0.307495, 2.90493, 0.5, 0.026, 4, 4, 5, 0, 0, 0, 0, 0
11010, 24.247, 4.46518, 0.336803, 2.91341, 0.5, 0.026, 4, 4, 5, 0, 0, 0, 0, 0
10101, 26.1265, 5.31242, 1.60479, 2.77496, 0.5, 0.026, 4, 4, 5, 0, 0, 0, 0, 0
10011, 27.7672, 5.46005, 2.40147, 2.81966, 0.5, 0.026, 4, 4, 5, 0, 0, 0, 0, 0
11001, 24.9553, 6.69911, 1.74416, 2.87585, 0.5, 0.026, 4, 4, 5, 0, 0, 0, 0, 0
10010, 27.1007, 7.94689, 1.47574, 2.7729, 0.5, 0.026, 4, 4, 5, 0, 0, 0, 0, 0
10100, 26.1029, 8.07407, 1.46275, 2.78556, 0.5, 0.026, 4, 4, 5, 0, 0, 0, 0, 0
10001, 27.4413, 9.89077, 2.47902, 2.79282, 0.5, 0.026, 4, 4, 5, 0, 0, 0, 0, 0
11000, 25.3341, 9.44986, 1.10855, 2.87912, 0.5, 0.026, 4, 4, 5, 0, 0, 0, 0, 0
10000, 25.4817, 11.4387, 3.07403, 2.81483, 0.5, 0.026, 4, 4, 5, 0, 0, 0, 0, 0

01111, 15.2449, 3.90592, 0.812338, 3.3245, 0.5, 0.026, 4, 4, 5, 0, 0, 0, 0, 0
01011, 17.9805, 3.63159, 0.808552, 3.26606, 0.5, 0.026, 4, 4, 5, 0, 0, 0, 0, 0
00111, 17.985, 1.86314, 1.02301, 3.16056, 0.5, 0.026, 4, 4, 5, 0, 0, 0, 0, 0
00110, 19.7547, 4.27143, 1.22146, 3.08614, 0.5, 0.026, 4, 4, 5, 0, 0, 0, 0, 0
01010, 19.6277, 6.46165, 1.11398, 3.39672, 0.5, 0.026, 4, 4, 5, 0, 0, 0, 0, 0
01101, 17.897, 5.38531, 1.04265, 3.39251, 0.5, 0.026, 4, 4, 5, 0, 0, 0, 0, 0
01110, 17.3295, 6.31674, 1.09876, 3.17026, 0.5, 0.026, 4, 4, 5, 0, 0, 0, 0, 0
01100, 19.3676, 8.35757, 1.20316, 3.26948, 0.5, 0.026, 4, 4, 5, 0, 0, 0, 0, 0
11101, 22.0564, 1.91174, 0.403014, 3.19132, 0.5, 0.026, 4, 4, 5, 0, 0, 0, 0, 0
11011, 21.6706, 2.81579, 0.403026, 3.22654, 0.5, 0.026, 4, 4, 5, 0, 0, 0, 0, 0
11111, 20.9295, 0.499971, -9.69282e-06, 3.32404, 0.5, 0.026, 4, 4, 5, 0, 0, 0, 0, 0
11110, 23.846, 1.67617, 0.616782, 3.24512, 0.5, 0.026, 4, 4, 5, 0, 0, 0, 0, 0
00101, 21.0406, 4.23434, 0.990306, 3.05624, 0.5, 0.026, 4, 4, 5, 0, 0, 0, 0, 0
00011, 21.6627, 6.07667, -0.0504354, 3.1946, 0.5, 0.026, 4, 4, 5, 0, 0, 0, 0, 0
00010, 23.7708, 7.65072, 1.41391, 3.23082, 0.5, 0.026, 4, 4, 5, 0, 0, 0, 0, 0
00100, 23.3795, 5.24213, 0.555645, 3.03926, 0.5, 0.026, 4, 4, 5, 0, 0, 0, 0, 0
00001, 22.6737, 8.12276, 1.22904, 3.30884, 0.5, 0.026, 4, 4, 5, 0, 0, 0, 0, 0
01001, 21.025, 8.19239, 1.80472, 3.27342, 0.5, 0.026, 4, 4, 5, 0, 0, 0, 0, 0
00000, 23.9251, 10.3422, 0.146971, 3.17018, 0.5, 0.026, 4, 4, 5, 0, 0, 0, 0, 0
01000, 21.8604, 9.9731, 1.59222, 3.2411, 0.5, 0.026, 4, 4, 5, 0, 0, 0, 0, 0
10110, 27.3547, 3.37559, 1.17711, 3.22041, 0.5, 0.026, 4, 4, 5, 0, 0, 0, 0, 0
10111, 25.5256, 1.60834, 1.14714, 3.10564, 0.5, 0.026, 4, 4, 5, 0, 0, 0, 0, 0
11100, 24.8124, 3.34636, 0.202667, 3.30822, 0.5, 0.026, 4, 4, 5, 0, 0, 0, 0, 0
11010, 24.4424, 4.27171, 0.203427, 3.31787, 0.5, 0.026, 4, 4, 5, 0, 0, 0, 0, 0
10101, 26.4032, 5.32369, 1.80526, 3.1602, 0.5, 0.026, 4, 4, 5, 0, 0, 0, 0, 0
11001, 25.0632, 6.56642, 1.82542, 3.2751, 0.5, 0.026, 4, 4, 5, 0, 0, 0, 0, 0
10010, 27.2506, 8.02594, 1.26477, 3.15786, 0.5, 0.026, 4, 4, 5, 0, 0, 0, 0, 0
10100, 26.2632, 8.35219, 1.22125, 3.17228, 0.5, 0.026, 4, 4, 5, 0, 0, 0, 0, 0
10001, 27.9865, 10.0253, 2.39784, 3.18055, 0.5, 0.026, 4, 4, 5, 0, 0, 0, 0, 0
11000, 25.5743, 9.5784, 0.967426, 3.27882, 0.5, 0.026, 4, 4, 5, 0, 0, 0, 0, 0
10000, 25.4127, 11.5, 3.14159, 3.20561, 0.5, 0.026, 4, 4, 5, 0, 0, 0, 0, 0
10011, 28.1301, 5.38621, 2.48807, 3.21111, 0.5, 0.026, 4, 4, 5, 0, 0, 0, 0, 0

01111, 15.0461, 3.74577, 0.861658, 3.78603, 0.5, 0.026, 4, 4, 5, 0, 0, 0, 0, 0
01011, 17.6909, 3.45139, 0.975654, 3.71948, 0.5, 0.026, 4, 4, 5, 0, 0, 0, 0, 0
00111, 17.5935, 1.54858, 0.938726, 3.59934, 0.5, 0.026, 4, 4, 5, 0, 0, 0, 0, 0
00110, 19.6034, 4.46393, 0.933299, 3.51459, 0.5, 0.026, 4, 4, 5, 0, 0, 0, 0, 0
01010, 19.4408, 6.77848, 1.2384, 3.86828, 0.5, 0.026, 4, 4, 5, 0, 0, 0, 0, 0
01101, 17.5898, 5.27267, 1.05278, 3.86349, 0.5, 0.026, 4, 4, 5, 0, 0, 0, 0, 0
01110, 17.2511, 6.61999, 1.16, 3.61038, 0.5, 0.026, 4, 4, 5, 0, 0, 0, 0, 0
01100, 19.0236, 8.7468, 1.33475, 3.72337, 0.5, 0.026, 4, 4, 5, 0, 0, 0, 0, 0
11101, 22.0142, 1.75023, 0.206148, 3.63437, 0.5, 0.026, 4, 4, 5, 0, 0, 0, 0, 0
11011, 21.4493, 2.65541, 0.227402, 3.67447, 0.5, 0.026, 4, 4, 5, 0, 0, 0, 0, 0
11111, 20.5561, 0.499976, 3.05939e-06, 3.78551, 0.5, 0.026, 4, 4, 5, 0, 0, 0, 0, 0
00101, 20.8077, 4.25899, 0.85047, 3.48054, 0.5, 0.026, 4, 4, 5, 0, 0, 0, 0, 0
00011, 21.6674, 6.18964, -0.22406, 3.6381, 0.5, 0.026, 4, 4, 5, 0, 0, 0, 0, 0
00010, 23.7784, 7.85334, 1.53426, 3.67936, 0.5, 0.026, 4, 4, 5, 0, 0, 0, 0, 0
00100, 23.2228, 4.91732, 0.525541, 3.4612, 0.5, 0.026, 4, 4, 5, 0, 0, 0, 0, 0
00001, 22.7059, 8.37113, 1.42704, 3.76821, 0.5, 0.026, 4, 4, 5, 0, 0, 0, 0, 0
01001, 20.8259, 8.53233, 1.96933, 3.72786, 0.5, 0.026, 4, 4, 5, 0, 0, 0, 0, 0
00000, 23.8015, 10.5558, -0.202048, 3.61029, 0.5, 0.026, 4, 4, 5, 0, 0, 0, 0, 0
01000, 21.6058, 10.1649, 1.69536, 3.69105, 0.5, 0.026, 4, 4, 5, 0, 0, 0, 0, 0
11110, 24.0123, 1.31504, 0.649416, 3.69563, 0.5, 0.026, 4, 4, 5, 0, 0, 0, 0, 0
10110, 27.885, 3.00924, 1.25772, 3.6675, 0.5, 0.026, 4, 4, 5, 0, 0, 0, 0, 0
10111, 25.784, 1.43773, 0.832039, 3.53679, 0.5, 0.026, 4, 4, 5, 0, 0, 0, 0, 0
11100, 25.1135, 3.13044, 0.165885, 3.7675, 0.5, 0.026, 4, 4, 5, 0, 0, 0, 0, 0
11010, 24.6323, 4.03858, 0.167214, 3.77849, 0.5, 0.026, 4, 4, 5, 0, 0, 0, 0, 0
10101, 26.6459, 5.24383, 1.99753, 3.59893, 0.5, 0.026, 4, 4, 5, 0, 0, 0, 0, 0
11001, 25.078, 6.49281, 1.80176, 3.72978, 0.5, 0.026, 4, 4, 5, 0, 0, 0, 0, 0
10010, 27.5926, 8.08468, 1.04271, 3.59626, 0.5, 0.026, 4, 4, 5, 0, 0, 0, 0, 0
10100, 26.6008, 8.48659, 0.990768, 3.61268, 0.5, 0.026, 4, 4, 5, 0, 0, 0, 0, 0
11000, 25.8704, 9.67182, 0.686265, 3.73402, 0.5, 0.026, 4, 4, 5, 0, 0, 0, 0, 0
10000, 25.3547, 11.5001, 3.14158, 3.65064, 0.5, 0.026, 4, 4, 5, 0, 0, 0, 0, 0
10011, 28.4796, 5.3442, 2.56692, 3.6569, 0.5, 0.026, 4, 4, 5, 0, 0, 0, 0, 0
10001, 28.5565, 10.3042, 2.34724, 3.6221, 0.5, 0.026, 4, 4, 5, 0, 0, 0, 0, 0

011111, 14.2055, 2.75422, 0.874469, 2.14446, 0.5, 0.026, 4, 4, 5, 0, 0, 0, 0, 0
011110, 15.5074, 4.46259, 1.02192, 2.16719, 0.5, 0.026, 4, 4, 5, 0, 0, 0, 0, 0
001101, 18.7461, 3.81897, 0.793336, 2.00277, 0.5, 0.026, 4, 4, 5, 0, 0, 0, 0, 0
001111, 16.8319, 0.830848, 0.706947, 2.01876, 0.5, 0.026, 4, 4, 5, 0, 0, 0, 0, 0
010111, 16.8811, 2.48593, 1.07582, 2.16129, 0.5, 0.026, 4, 4, 5, 0, 0, 0, 0, 0
111111, 19.132, 0.501109, -0.0019971, 2.11024, 0.5, 0.026, 4, 4, 5, 0, 0, 0, 0, 0
001110, 18.3628, 2.18101, 0.733614, 2.08027, 0.5, 0.026, 4, 4, 5, 0, 0, 0, 0, 0
011101, 16.6829, 6.17076, 1.1165, 2.01087, 0.5, 0.026, 4, 4, 5, 0, 0, 0, 0, 0
010110, 17.8125, 4.35985, 0.961356, 2.07456, 0.5, 0.026, 4, 4, 5, 0, 0, 0, 0, 0
011011, 16.5785, 4.28819, 1.06823, 2.17975, 0.5, 0.026, 4, 4, 5, 0, 0, 0, 0, 0
010101, 19.137, 5.84264, 1.33602, 2.24586, 0.5, 0.026, 4, 4, 5, 0, 0, 0, 0, 0
010100, 19.6616, 7.96481, 1.26743, 2.15945, 0.5, 0.026, 4, 4, 5, 0, 0, 0, 0, 0
011010, 17.8872, 6.04053, 0.878862, 2.2201, 0.5, 0.026, 4, 4, 5, 0, 0, 0, 0, 0
011001, 18.6354, 8.00885, 1.25369, 2.10268, 0.5, 0.026, 4, 4, 5, 0, 0, 0, 0, 0
011100, 17.5441, 8.03208, 1.16936, 2.10074, 0.5, 0.026, 4, 4, 5, 0, 0, 0, 0, 0
011000, 19.0567, 10.0752, 1.38457, 2.13761, 0.5, 0.026, 4, 4, 5, 0, 0, 0, 0, 0
111011, 20.7314, 1.57029, 0.36159, 2.10506, 0.5, 0.026, 4, 4, 5, 0, 0, 0, 0, 0
110111, 20.2181, 2.43559, 0.37724, 2.10924, 0.5, 0.026, 4, 4, 5, 0, 0, 0, 0, 0
111101, 23.3723, 0.782931, 0.512748, 2.15348, 0.5, 0.026, 4, 4, 5, 0, 0, 0, 0, 0
110101, 23.7497, 3.91174, 0.286465, 2.14547, 0.5, 0.026, 4, 4, 5, 0, 0, 0, 0, 0
111010, 22.7541, 1.81347, 0.176428, 2.03386, 0.5, 0.026, 4, 4, 5, 0, 0, 0, 0, 0
110110, 22.2515, 2.74396, 0.194222, 2.07535, 0.5, 0.026, 4, 4, 5, 0, 0, 0, 0, 0
111110, 21.2815, 0.515127, 0.0252247, 2.20081, 0.5, 0.026, 4, 4, 5, 0, 0, 0, 0, 0
001100, 20.2139, 5.19908, 0.843606, 1.99975, 0.5, 0.026, 4, 4, 5, 0, 0, 0, 0, 0
000111, 20.7177, 6.56574, -0.349945, 2.04078, 0.5, 0.026, 4, 4, 5, 0, 0, 0, 0, 0
000101, 23.8165, 6.92131, 1.67237, 2.04561, 0.5, 0.026, 4, 4, 5, 0, 0, 0, 0, 0
010011, 21.152, 7.78143, 2.23079, 2.1157, 0.5, 0.026, 4, 4, 5, 0, 0, 0, 0, 0
000011, 22.8089, 7.46132, 1.59453, 2.19068, 0.5, 0.026, 4, 4, 5, 0, 0, 0, 0, 0
00101, 20.727, 4.17365, 0.677813, 3.96373, 0.5, 0.026, 4, 4, 5, 0, 0, 0, 0, 0
000110, 22.6626, 5.87092, -0.353921, 2.10239, 0.5, 0.026, 4, 4, 5, 0, 0, 0, 0, 0
00100, 23.0644, 4.51718, 0.540255, 3.94171, 0.5, 0.026, 4, 4, 5, 0, 0, 0, 0, 0
000001, 22.5813, 11.081, -0.361242, 2.04671, 0.5, 0.026, 4, 4, 5, 0, 0, 0, 0, 0
000100, 23.7371, 9.00527, 1.65492, 2.14455, 0.5, 0.026, 4, 4, 5, 0, 0, 0, 0, 0
010001, 21.7105, 8.98842, 1.88877, 2.11209, 0.5, 0.026, 4, 4, 5, 0, 0, 0, 0, 0
000010, 22.5664, 9.56846, 1.88582, 2.10066, 0.5, 0.026, 4, 4, 5, 0, 0, 0, 0, 0
010010, 20.3337, 9.70378, 1.99826, 2.12969, 0.5, 0.026, 4, 4, 5, 0, 0, 0, 0, 0
010000, 21.0789, 10.9846, 1.90581, 2.09139, 0.5, 0.026, 4, 4, 5, 0, 0, 0, 0, 0
101111, 25.2612, 0.768779, 0.56672, 2.00128, 0.5, 0.026, 4, 4, 5, 0, 0, 0, 0, 0
111001, 24.3071, 2.87918, 0.20837, 2.10678, 0.5, 0.026, 4, 4, 5, 0, 0, 0, 0, 0
111100, 25.0863, 1.90494, 0.27502, 2.05521, 0.5, 0.026, 4, 4, 5, 0, 0, 0, 0, 0
101110, 26.8766, 1.99233, 0.751212, 2.02652, 0.5, 0.026, 4, 4, 5, 0, 0, 0, 0, 0
111000, 26.4135, 3.15493, 0.249934, 2.18375, 0.5, 0.026, 4, 4, 5, 0, 0, 0, 0, 0
100101, 27.1388, 7.36573, 0.859403, 2.06611, 0.5, 0.026, 4, 4, 5, 0, 0, 0, 0, 0
101011, 27.4689, 4.36578, 2.15456, 2.08444, 0.5, 0.026, 4, 4, 5, 0, 0, 0, 0, 0
101001, 26.13, 7.79599, 0.839523, 2.09384, 0.5, 0.026, 4, 4, 5, 0, 0, 0, 0, 0
100110, 27.8406, 5.87216, 2.60818, 2.09549, 0.5, 0.026, 4, 4, 5, 0, 0, 0, 0, 0
110011, 25.338, 5.49893, 2.0869, 2.1544, 0.5, 0.026, 4, 4, 5, 0, 0, 0, 0, 0
110100, 25.8406, 4.03086, 0.242205, 2.15758, 0.5, 0.026, 4, 4, 5, 0, 0, 0, 0, 0
101010, 26.2517, 6.00155, 2.18515, 2.01412, 0.5, 0.026, 4, 4, 5, 0, 0, 0, 0, 0
110010, 24.7561, 7.50472, 1.67084, 2.09317, 0.5, 0.026, 4, 4, 5, 0, 0, 0, 0, 0
000000, 24.5209, 10.3276, -0.348551, 2.06479, 0.5, 0.026, 4, 4, 5, 0, 0, 0, 0, 0
100001, 26.442, 11.5, 3.1416, 2.12415, 0.5, 0.026, 4, 4, 5, 0, 0, 0, 0, 0
110001, 25.2925, 9.18733, 0.25586, 2.15043, 0.5, 0.026, 4, 4, 5, 0, 0, 0, 0, 0
101000, 27.4993, 9.3204, 0.830526, 2.02038, 0.5, 0.026, 4, 4, 5, 0, 0, 0, 0, 0
110000, 26.9664, 10.3611, 0.479046, 2.10198, 0.5, 0.026, 4, 4, 5, 0, 0, 0, 0, 0
100000, 24.3731, 11.5, 3.14159, 2.03331, 0.5, 0.026, 4, 4, 5, 0, 0, 0, 0, 0
101101, 28.0602, 1.66221, 1.21156, 2.12894, 0.5, 0.026, 4, 4, 5, 0, 0, 0, 0, 0
101100, 28.7211, 3.63732, 1.30869, 2.04772, 0.5, 0.026, 4, 4, 5, 0, 0, 0, 0, 0
100111, 29.6378, 4.82981, 2.58342, 2.06909, 0.5, 0.026, 4, 4, 5, 0, 0, 0, 0, 0
100100, 28.4764, 8.90753, 0.857356, 2.02942, 0.5, 0.026, 4, 4, 5, 0, 0, 0, 0, 0
100011, 29.8104, 9.65967, 2.27249, 2.05861, 0.5, 0.026, 4, 4, 5, 0, 0, 0, 0, 0
100010, 28.3593, 11.1094, 2.3194, 2.06634, 0.5, 0.026, 4, 4, 5, 0, 0, 0, 0, 0

011111, 13.9975, 2.47403, 0.841772, 2.44217, 0.5, 0.026, 4, 4, 5, 0, 0, 0, 0, 0
011110, 15.1272, 4.60673, 1.2861, 2.46805, 0.5, 0.026, 4, 4, 5, 0, 0, 0, 0, 0
110111, 19.8647, 2.4547, 0.425145, 2.40207, 0.5, 0.026, 4, 4, 5, 0, 0, 0, 0, 0
001011, 19.7109, 3.46189, 0.448364, 2.29514, 0.5, 0.026, 4, 4, 5, 0, 0, 0, 0, 0
001101, 18.3335, 3.81555, 0.639555, 2.28081, 0.5, 0.026, 4, 4, 5, 0, 0, 0, 0, 0
001111, 16.3202, 0.591403, 0.141194, 2.29902, 0.5, 0.026, 4, 4, 5, 0, 0, 0, 0, 0
010111, 16.6747, 2.307, 1.21132, 2.46134, 0.5, 0.026, 4, 4, 5, 0, 0, 0, 0, 0
111111, 18.654, 0.499989, -5.06417e-06, 2.4032, 0.5, 0.026, 4, 4, 5, 0, 0, 0, 0, 0
001110, 17.9742, 2.01156, 1.01527, 2.36907, 0.5, 0.026, 4, 4, 5, 0, 0, 0, 0, 0
011101, 16.5707, 6.38683, 0.766338, 2.29004, 0.5, 0.026, 4, 4, 5, 0, 0, 0, 0, 0
010110, 17.4937, 4.50556, 0.794429, 2.36257, 0.5, 0.026, 4, 4, 5, 0, 0, 0, 0, 0
011011, 16.0534, 4.24142, 1.28522, 2.48236, 0.5, 0.026, 4, 4, 5, 0, 0, 0, 0, 0
010101, 19.1352, 5.93177, 1.31888, 2.55764, 0.5, 0.026, 4, 4, 5, 0, 0, 0, 0, 0
011010, 17.6722, 6.00494, 0.705875, 2.52831, 0.5, 0.026, 4, 4, 5, 0, 0, 0, 0, 0
010100, 19.2438, 8.35909, 1.36369, 2.45924, 0.5, 0.026, 4, 4, 5, 0, 0, 0, 0, 0
011001, 18.1918, 8.15156, 1.34394, 2.39459, 0.5, 0.026, 4, 4, 5, 0, 0, 0, 0, 0
011100, 17.2548, 8.5059, 1.34413, 2.39238, 0.5, 0.026, 4, 4, 5, 0, 0, 0, 0, 0
011000, 18.8129, 10.4742, 1.38694, 2.43437, 0.5, 0.026, 4, 4, 5, 0, 0, 0, 0, 0
001001, 21.8753, 3.85964, 0.305643, 2.26403, 0.5, 0.026, 4, 4, 5, 0, 0, 0, 0, 0
111011, 20.5015, 1.56876, 0.293435, 2.3973, 0.5, 0.026, 4, 4, 5, 0, 0, 0, 0, 0
111101, 23.5075, 0.784357, 0.402334, 2.45244, 0.5, 0.026, 4, 4, 5, 0, 0, 0, 0, 0
111010, 22.7444, 1.62873, 0.263951, 2.31622, 0.5, 0.026, 4, 4, 5, 0, 0, 0, 0, 0
110110, 22.1713, 2.69444, -0.0162176, 2.36346, 0.5, 0.026, 4, 4, 5, 0, 0, 0, 0, 0
111110, 21.1009, 0.499948, 2.62086e-05, 2.50635, 0.5, 0.026, 4, 4, 5, 0, 0, 0, 0, 0
001100, 20.0073, 5.17268, 1.18131, 2.27737, 0.5, 0.026, 4, 4, 5, 0, 0, 0, 0, 0
000111, 20.5151, 6.89462, -0.786306, 2.3241, 0.5, 0.026, 4, 4, 5, 0, 0, 0, 0, 0
000101, 23.9282, 6.88484, 1.54962, 2.3296, 0.5, 0.026, 4, 4, 5, 0, 0, 0, 0, 0
010011, 21.0963, 7.69725, 2.365, 2.40942, 0.5, 0.026, 4, 4, 5, 0, 0, 0, 0, 0
000011, 22.9897, 7.43533, 1.48893, 2.49481, 0.5, 0.026, 4, 4, 5, 0, 0, 0, 0, 0
001010, 21.4197, 4.75547, 0.299482, 2.21887, 0.5, 0.026, 4, 4, 5, 0, 0, 0, 0, 0
000110, 22.5419, 5.78602, -0.361822, 2.39426, 0.5, 0.026, 4, 4, 5, 0, 0, 0, 0, 0
001000, 23.91, 4.74058, 0.324874, 2.22491, 0.5, 0.026, 4, 4, 5, 0, 0, 0, 0, 0
000001, 22.1378, 11.3221, -0.270584, 2.33085, 0.5, 0.026, 4, 4, 5, 0, 0, 0, 0, 0
000100, 23.687, 9.20514, 1.97973, 2.44227, 0.5, 0.026, 4, 4, 5, 0, 0, 0, 0, 0
010001, 21.7308, 8.76367, 2.04524, 2.40531, 0.5, 0.026, 4, 4, 5, 0, 0, 0, 0, 0
000010, 22.3525, 9.70761, 2.03994, 2.39229, 0.5, 0.026, 4, 4, 5, 0, 0, 0, 0, 0
010010, 20.1315, 9.81169, 2.02773, 2.42535, 0.5, 0.026, 4, 4, 5, 0, 0, 0, 0, 0
010000, 20.696, 10.9052, 2.10438, 2.38173, 0.5, 0.026, 4, 4, 5, 0, 0, 0, 0, 0
110101, 24.0198, 3.75853, 0.292164, 2.44332, 0.5, 0.026, 4, 4, 5, 0, 0, 0, 0, 0
101111, 25.5917, 0.683606, 0.291195, 2.27912, 0.5, 0.026, 4, 4, 5, 0, 0, 0, 0, 0
111001, 24.5314, 2.78113, 0.154493, 2.39927, 0.5, 0.026, 4, 4, 5, 0, 0, 0, 0, 0
111100, 25.4836, 1.84523, 0.0322677, 2.34054, 0.5, 0.026, 4, 4, 5, 0, 0, 0, 0, 0
101110, 27.4257, 1.93003, 0.930151, 2.30786, 0.5, 0.026, 4, 4, 5, 0, 0, 0, 0, 0
111000, 26.8967, 3.14618, 0.394357, 2.48691, 0.5, 0.026, 4, 4, 5, 0, 0, 0, 0, 0
100101, 27.1568, 7.3731, 0.893806, 2.35294, 0.5, 0.026, 4, 4, 5, 0, 0, 0, 0, 0
101001, 26.3425, 7.93125, 0.89555, 2.38452, 0.5, 0.026, 4, 4, 5, 0, 0, 0, 0, 0
110011, 25.3721, 5.43341, 2.31998, 2.4535, 0.5, 0.026, 4, 4, 5, 0, 0, 0, 0, 0
110100, 26.3574, 4.02375, 0.361231, 2.45711, 0.5, 0.026, 4, 4, 5, 0, 0, 0, 0, 0
101010, 26.2345, 5.94387, 2.34696, 2.29374, 0.5, 0.026, 4, 4, 5, 0, 0, 0, 0, 0
110010, 24.9306, 7.65035, 1.55156, 2.38377, 0.5, 0.026, 4, 4, 5, 0, 0, 0, 0, 0
000000, 24.8159, 10.4026, -0.160608, 2.35144, 0.5, 0.026, 4, 4, 5, 0, 0, 0, 0, 0
100001, 26.7084, 11.4996, 3.14211, 2.41904, 0.5, 0.026, 4, 4, 5, 0, 0, 0, 0, 0
110001, 25.4158, 9.30033, -0.096606, 2.44897, 0.5, 0.026, 4, 4, 5, 0, 0, 0, 0, 0
101000, 27.8719, 9.55966, 0.357363, 2.30087, 0.5, 0.026, 4, 4, 5, 0, 0, 0, 0, 0
110000, 27.1319, 10.3772, 0.303496, 2.39379, 0.5, 0.026, 4, 4, 5, 0, 0, 0, 0, 0
100000, 24.3552, 11.5, 3.14158, 2.31559, 0.5, 0.026, 4, 4, 5, 0, 0, 0, 0, 0
101101, 28.2388, 1.36179, 0.932662, 2.42449, 0.5, 0.026, 4, 4, 5, 0, 0, 0, 0, 0
101100, 29.2537, 3.4851, 1.26534, 2.332, 0.5, 0.026, 4, 4, 5, 0, 0, 0, 0, 0
101011, 28.0095, 4.59563, 2.14706, 2.37382, 0.5, 0.026, 4, 4, 5, 0, 0, 0, 0, 0
100110, 28.1815, 6.02594, 2.79608, 2.38641, 0.5, 0.026, 4, 4, 5, 0, 0, 0, 0, 0
100111, 30.1669, 4.81407, 2.33522, 2.35634, 0.5, 0.026, 4, 4, 5, 0, 0, 0, 0, 0
100100, 28.9158, 8.84862, 0.725165, 2.31116, 0.5, 0.026, 4, 4, 5, 0, 0, 0, 0, 0
100011, 30.3701, 9.51758, 1.82411, 2.3444, 0.5, 0.026, 4, 4, 5, 0, 0, 0, 0, 0
100010, 28.8251, 10.9658, 2.23149, 2.35321, 0.5, 0.026, 4, 4, 5, 0, 0, 0, 0, 0

010111, 15.8426, 2.28867, 1.10526, 2.80304, 0.5, 0.026, 4, 4, 5, 0, 0, 0, 0, 0
001111, 15.3593, 0.499963, 7.5267e-06, 2.61819, 0.5, 0.026, 4, 4, 5, 0, 0, 0, 0, 0
011111, 13.8553, 2.23039, 0.729434, 2.78121, 0.5, 0.026, 4, 4, 5, 0, 0, 0, 0, 0
011011, 15.4287, 4.33275, 1.43376, 2.82698, 0.5, 0.026, 4, 4, 5, 0, 0, 0, 0, 0
011110, 14.4818, 4.70948, 1.43599, 2.81069, 0.5, 0.026, 4, 4, 5, 0, 0, 0, 0, 0
110111, 19.4608, 2.4826, 0.393373, 2.73554, 0.5, 0.026, 4, 4, 5, 0, 0, 0, 0, 0
001011, 19.3477, 3.49, 0.415296, 2.61378, 0.5, 0.026, 4, 4, 5, 0, 0, 0, 0, 0
001101, 17.8539, 3.84387, 0.551497, 2.59745, 0.5, 0.026, 4, 4, 5, 0, 0, 0, 0, 0
111111, 18.0268, 0.500052, 6.08382e-05, 2.73683, 0.5, 0.026, 4, 4, 5, 0, 0, 0, 0, 0
001110, 17.2191, 1.99479, 0.844918, 2.69797, 0.5, 0.026, 4, 4, 5, 0, 0, 0, 0, 0
001100, 19.8052, 5.39983, 1.23588, 2.59353, 0.5, 0.026, 4, 4, 5, 0, 0, 0, 0, 0
011101, 16.1412, 6.50332, 0.360712, 2.60796, 0.5, 0.026, 4, 4, 5, 0, 0, 0, 0, 0
010110, 17.0596, 4.58637, 0.652938, 2.69056, 0.5, 0.026, 4, 4, 5, 0, 0, 0, 0, 0
010101, 19.0867, 6.09976, 1.15919, 2.91272, 0.5, 0.026, 4, 4, 5, 0, 0, 0, 0, 0
011010, 17.3228, 6.0014, 0.476526, 2.87931, 0.5, 0.026, 4, 4, 5, 0, 0, 0, 0, 0
010010, 19.8048, 9.77337, 2.25143, 2.76206, 0.5, 0.026, 4, 4, 5, 0, 0, 0, 0, 0
010100, 18.7737, 8.53469, 1.53072, 2.80065, 0.5, 0.026, 4, 4, 5, 0, 0, 0, 0, 0
011001, 17.7774, 8.1799, 1.51355, 2.72703, 0.5, 0.026, 4, 4, 5, 0, 0, 0, 0, 0
011100, 16.7944, 8.637, 1.52883, 2.72451, 0.5, 0.026, 4, 4, 5, 0, 0, 0, 0, 0
011000, 18.1568, 10.7563, 0.996015, 2.77233, 0.5, 0.026, 4, 4, 5, 0, 0, 0, 0, 0
001001, 21.8384, 3.60771, -0.0577243, 2.57834, 0.5, 0.026, 4, 4, 5, 0, 0, 0, 0, 0
111011, 20.2768, 1.54091, 0.149378, 2.73011, 0.5, 0.026, 4, 4, 5, 0, 0, 0, 0, 0
111101, 23.5992, 0.601639, 0.113626, 2.79291, 0.5, 0.026, 4, 4, 5, 0, 0, 0, 0, 0
111010, 22.9186, 1.50845, 0.0606505, 2.63778, 0.5, 0.026, 4, 4, 5, 0, 0, 0, 0, 0
110110, 22.0824, 2.62062, -0.0371219, 2.69158, 0.5, 0.026, 4, 4, 5, 0, 0, 0, 0, 0
111110, 20.8051, 0.49991, 1.59318e-05, 2.8543, 0.5, 0.026, 4, 4, 5, 0, 0, 0, 0, 0
000111, 20.4286, 7.3138, -0.932137, 2.64675, 0.5, 0.026, 4, 4, 5, 0, 0, 0, 0, 0
010011, 21.4294, 7.55843, 2.18614, 2.74392, 0.5, 0.026, 4, 4, 5, 0, 0, 0, 0, 0
000011, 23.131, 7.32368, 1.33862, 2.84116, 0.5, 0.026, 4, 4, 5, 0, 0, 0, 0, 0
001010, 21.3709, 4.62763, -0.0675746, 2.52691, 0.5, 0.026, 4, 4, 5, 0, 0, 0, 0, 0
000110, 22.1994, 5.57731, -0.207645, 2.72666, 0.5, 0.026, 4, 4, 5, 0, 0, 0, 0, 0
001000, 23.8788, 4.60307, 0.263023, 2.53379, 0.5, 0.026, 4, 4, 5, 0, 0, 0, 0, 0
000001, 21.8109, 11.4333, -0.0807692, 2.65444, 0.5, 0.026, 4, 4, 5, 0, 0, 0, 0, 0
000100, 23.7147, 9.38447, 2.18708, 2.78133, 0.5, 0.026, 4, 4, 5, 0, 0, 0, 0, 0
010001, 21.7955, 8.71084, 2.18412, 2.73923, 0.5, 0.026, 4, 4, 5, 0, 0, 0, 0, 0
000010, 22.2726, 9.73337, 2.17915, 2.72441, 0.5, 0.026, 4, 4, 5, 0, 0, 0, 0, 0
010000, 20.2123, 10.8814, 2.33407, 2.71238, 0.5, 0.026, 4, 4, 5, 0, 0, 0, 0, 0
110100, 26.8743, 3.98507, 0.596052, 2.79823, 0.5, 0.026, 4, 4, 5, 0, 0, 0, 0, 0
110101, 24.4557, 3.75222, 0.310875, 2.78252, 0.5, 0.026, 4, 4, 5, 0, 0, 0, 0, 0
101111, 26.2447, 0.499988, 4.54806e-06, 2.59552, 0.5, 0.026, 4, 4, 5, 0, 0, 0, 0, 0
111001, 24.7772, 2.5796, 0.048883, 2.73235, 0.5, 0.026, 4, 4, 5, 0, 0, 0, 0, 0
111100, 25.6979, 1.62738, 0.0131305, 2.66547, 0.5, 0.026, 4, 4, 5, 0, 0, 0, 0, 0
101110, 27.9807, 2.02989, 0.924438, 2.62825, 0.5, 0.026, 4, 4, 5, 0, 0, 0, 0, 0
111000, 27.3906, 3.14278, 0.595211, 2.83217, 0.5, 0.026, 4, 4, 5, 0, 0, 0, 0, 0
000101, 24.0163, 6.85144, 1.36871, 2.65316, 0.5, 0.026, 4, 4, 5, 0, 0, 0, 0, 0
100101, 27.4217, 7.40378, 0.930512, 2.6796, 0.5, 0.026, 4, 4, 5, 0, 0, 0, 0, 0
101001, 26.5964, 7.94392, 0.931804, 2.71556, 0.5, 0.026, 4, 4, 5, 0, 0, 0, 0, 0
110011, 25.5453, 5.32352, 2.46669, 2.79411, 0.5, 0.026, 4, 4, 5, 0, 0, 0, 0, 0
101010, 26.4802, 5.82188, 2.51573, 2.61218, 0.5, 0.026, 4, 4, 5, 0, 0, 0, 0, 0
110010, 25.1586, 7.70273, 1.40807, 2.7147, 0.5, 0.026, 4, 4, 5, 0, 0, 0, 0, 0
000000, 24.9419, 10.5389, 0.0128521, 2.67789, 0.5, 0.026, 4, 4, 5, 0, 0, 0, 0, 0
100001, 27.1182, 11.495, 3.14732, 2.75487, 0.5, 0.026, 4, 4, 5, 0, 0, 0, 0, 0
110001, 25.6788, 9.51341, -0.0531688, 2.78895, 0.5, 0.026, 4, 4, 5, 0, 0, 0, 0, 0
110000, 27.6186, 10.4852, 0.0528232, 2.72612, 0.5, 0.026, 4, 4, 5, 0, 0, 0, 0, 0
100000, 24.4324, 11.5001, 3.14159, 2.63705, 0.5, 0.026, 4, 4, 5, 0, 0, 0, 0, 0
101101, 28.6939, 1.07621, 0.713366, 2.76108, 0.5, 0.026, 4, 4, 5, 0, 0, 0, 0, 0
101100, 29.7848, 3.39785, 1.16969, 2.65575, 0.5, 0.026, 4, 4, 5, 0, 0, 0, 0, 0
101011, 28.5622, 4.8515, 2.14132, 2.70337, 0.5, 0.026, 4, 4, 5, 0, 0, 0, 0, 0
100110, 28.8869, 6.45543, 2.99997, 2.71771, 0.5, 0.026, 4, 4, 5, 0, 0, 0, 0, 0
100111, 30.8067, 4.86109, 2.33956, 2.68346, 0.5, 0.026, 4, 4, 5, 0, 0, 0, 0, 0
101000, 28.3643, 9.53956, 0.0243511, 2.6203, 0.5, 0.026, 4, 4, 5, 0, 0, 0, 0, 0
100100, 29.4599, 8.43282, 0.801231, 2.63201, 0.5, 0.026, 4, 4, 5, 0, 0, 0, 0, 0
100011, 30.9977, 9.58661, 1.61475, 2.66987, 0.5, 0.026, 4, 4, 5, 0, 0, 0, 0, 0
100010, 29.4871, 10.8202, 2.19846, 2.6799, 0.5, 0.026, 4, 4, 5, 0, 0, 0, 0, 0

010111, 14.9491, 2.29407, 0.841672, 3.19219, 0.5, 0.026, 4, 4, 5, 0, 0, 0, 0, 0
001111, 14.3133, 0.499913, -1.34504e-05, 2.98166, 0.5, 0.026, 4, 4, 5, 0, 0, 0, 0, 0
011111, 13.3018, 1.94127, 0.825787, 3.16732, 0.5, 0.026, 4, 4, 5, 0, 0, 0, 0, 0
011101, 15.3162, 6.75365, 0.0457556, 2.97002, 0.5, 0.026, 4, 4, 5, 0, 0, 0, 0, 0
011011, 14.7348, 4.62567, 1.49271, 3.21945, 0.5, 0.026, 4, 4, 5, 0, 0, 0, 0, 0
011110, 13.7506, 4.75128, 1.49313, 3.20089, 0.5, 0.026, 4, 4, 5, 0, 0, 0, 0, 0
011100, 15.8281, 8.77728, 1.92289, 3.10275, 0.5, 0.026, 4, 4, 5, 0, 0, 0, 0, 0
110111, 18.9312, 2.4516, 0.410188, 3.11532, 0.5, 0.026, 4, 4, 5, 0, 0, 0, 0, 0
001011, 19.1106, 3.58692, 0.455444, 2.97664, 0.5, 0.026, 4, 4, 5, 0, 0, 0, 0, 0
001101, 17.4641, 3.90923, 0.413897, 2.95805, 0.5, 0.026, 4, 4, 5, 0, 0, 0, 0, 0
111111, 17.3466, 0.511295, 0.0106732, 3.11678, 0.5, 0.026, 4, 4, 5, 0, 0, 0, 0, 0
001110, 16.5504, 2.06576, 0.74569, 3.07252, 0.5, 0.026, 4, 4, 5, 0, 0, 0, 0, 0
001100, 19.515, 5.68968, 1.27553, 2.95359, 0.5, 0.026, 4, 4, 5, 0, 0, 0, 0, 0
010110, 16.5336, 4.68859, 0.602453, 3.06409, 0.5, 0.026, 4, 4, 5, 0, 0, 0, 0, 0
010101, 18.7799, 6.35488, 1.20303, 3.31709, 0.5, 0.026, 4, 4, 5, 0, 0, 0, 0, 0
011010, 16.7792, 5.93264, 0.510207, 3.27905, 0.5, 0.026, 4, 4, 5, 0, 0, 0, 0, 0
010000, 19.7915, 10.8909, 2.51889, 3.08894, 0.5, 0.026, 4, 4, 5, 0, 0, 0, 0, 0
010010, 19.4192, 9.94622, 2.51194, 3.14551, 0.5, 0.026, 4, 4, 5, 0, 0, 0, 0, 0
010100, 18.197, 8.49536, 1.51906, 3.18946, 0.5, 0.026, 4, 4, 5, 0, 0, 0, 0, 0
011001, 17.2175, 8.34391, 1.51079, 3.10562, 0.5, 0.026, 4, 4, 5, 0, 0, 0, 0, 0
011000, 17.203, 10.7291, 0.796251, 3.1572, 0.5, 0.026, 4, 4, 5, 0, 0, 0, 0, 0
001001, 21.7114, 3.36265, -0.0169765, 2.93629, 0.5, 0.026, 4, 4, 5, 0, 0, 0, 0, 0
111011, 20.15, 1.44647, -0.0228103, 3.10913, 0.5, 0.026, 4, 4, 5, 0, 0, 0, 0, 0
111101, 23.698, 0.499357, 3.13009e-05, 3.18065, 0.5, 0.026, 4, 4, 5, 0, 0, 0, 0, 0
111010, 23.1847, 1.41893, -0.0451249, 3.00398, 0.5, 0.026, 4, 4, 5, 0, 0, 0, 0, 0
110110, 21.895, 2.40997, -0.0038936, 3.06525, 0.5, 0.026, 4, 4, 5, 0, 0, 0, 0, 0
111110, 20.5071, 0.500079, 0.000241075, 3.25056, 0.5, 0.026, 4, 4, 5, 0, 0, 0, 0, 0
000111, 20.2677, 7.62923, -0.913494, 3.01419, 0.5, 0.026, 4, 4, 5, 0, 0, 0, 0, 0
010011, 21.4389, 7.61109, 2.18734, 3.12485, 0.5, 0.026, 4, 4, 5, 0, 0, 0, 0, 0
000011, 23.2502, 7.09955, 1.21165, 3.23559, 0.5, 0.026, 4, 4, 5, 0, 0, 0, 0, 0
001010, 21.1859, 4.63736, -0.354212, 2.87772, 0.5, 0.026, 4, 4, 5, 0, 0, 0, 0, 0
000110, 21.5994, 5.50769, -0.363877, 3.10519, 0.5, 0.026, 4, 4, 5, 0, 0, 0, 0, 0
001000, 23.9718, 4.4212, 0.17296, 2.88555, 0.5, 0.026, 4, 4, 5, 0, 0, 0, 0, 0
000001, 21.6353, 11.5002, 1.24305e-05, 3.02295, 0.5, 0.026, 4, 4, 5, 0, 0, 0, 0, 0
000100, 23.7993, 9.44755, 2.27244, 3.16745, 0.5, 0.026, 4, 4, 5, 0, 0, 0, 0, 0
010001, 21.8654, 8.66202, 2.18581, 3.11951, 0.5, 0.026, 4, 4, 5, 0, 0, 0, 0, 0
000010, 22.3288, 9.6707, 2.18113, 3.10263, 0.5, 0.026, 4, 4, 5, 0, 0, 0, 0, 0
110100, 27.4393, 3.9108, 0.613877, 3.1867, 0.5, 0.026, 4, 4, 5, 0, 0, 0, 0, 0
110101, 24.7073, 3.58085, 0.250551, 3.16881, 0.5, 0.026, 4, 4, 5, 0, 0, 0, 0, 0
101111, 26.745, 0.499868, 4.60969e-06, 2.95586, 0.5, 0.026, 4, 4, 5, 0, 0, 0, 0, 0
111001, 24.9773, 2.40197, 0.0327891, 3.11168, 0.5, 0.026, 4, 4, 5, 0, 0, 0, 0, 0
111100, 26.1835, 1.45039, 0.0229401, 3.03551, 0.5, 0.026, 4, 4, 5, 0, 0, 0, 0, 0
111000, 27.9473, 3.08423, 0.612796, 3.22535, 0.5, 0.026, 4, 4, 5, 0, 0, 0, 0, 0
000101, 24.1244, 6.67196, 1.22186, 3.02149, 0.5, 0.026, 4, 4, 5, 0, 0, 0, 0, 0
100101, 27.8579, 7.49283, 0.916299, 3.0516, 0.5, 0.026, 4, 4, 5, 0, 0, 0, 0, 0
101001, 26.9317, 7.87609, 0.921514, 3.09256, 0.5, 0.026, 4, 4, 5, 0, 0, 0, 0, 0
110011, 25.8538, 5.18497, 2.68081, 3.18201, 0.5, 0.026, 4, 4, 5, 0, 0, 0, 0, 0
101010, 26.8973, 5.7457, 2.75732, 2.97482, 0.5, 0.026, 4, 4, 5, 0, 0, 0, 0, 0
110010, 25.4482, 7.61005, 1.26867, 3.09158, 0.5, 0.026, 4, 4, 5, 0, 0, 0, 0, 0
000000, 25.1845, 10.5535, 0.0131581, 3.04965, 0.5, 0.026, 4, 4, 5, 0, 0, 0, 0, 0
100001, 27.6875, 11.5002, 3.14159, 3.13733, 0.5, 0.026, 4, 4, 5, 0, 0, 0, 0, 0
110001, 26.022, 9.58012, -0.00930654, 3.17614, 0.5, 0.026, 4, 4, 5, 0, 0, 0, 0, 0
100000, 24.6321, 11.5004, 3.14159, 3.00315, 0.5, 0.026, 4, 4, 5, 0, 0, 0, 0, 0
101110, 28.81, 2.14895, 0.892646, 2.99313, 0.5, 0.026, 4, 4, 5, 0, 0, 0, 0, 0
101101, 29.7033, 0.902127, 0.384452, 3.1444, 0.5, 0.026, 4, 4, 5, 0, 0, 0, 0, 0
101100, 30.575, 3.11539, 1.19347, 3.02444, 0.5, 0.026, 4, 4, 5, 0, 0, 0, 0, 0
101011, 29.2967, 4.8666, 2.14466, 3.07868, 0.5, 0.026, 4, 4, 5, 0, 0, 0, 0, 0
100110, 29.5654, 6.66383, 3.07142, 3.095, 0.5, 0.026, 4, 4, 5, 0, 0, 0, 0, 0
100111, 31.24, 5.0493, 2.56629, 3.056, 0.5, 0.026, 4, 4, 5, 0, 0, 0, 0, 0
110000, 28.2458, 10.476, -0.055917, 3.10459, 0.5, 0.026, 4, 4, 5, 0, 0, 0, 0, 0
101000, 29.075, 9.43504, -0.111519, 2.98407, 0.5, 0.026, 4, 4, 5, 0, 0, 0, 0, 0
100100, 30.0923, 8.18933, 0.543117, 2.99741, 0.5, 0.026, 4, 4, 5, 0, 0, 0, 0, 0
100011, 31.9146, 9.58758, 1.60016, 3.04052, 0.5, 0.026, 4, 4, 5, 0, 0, 0, 0, 0
100010, 30.3338, 10.6582, 2.17925, 3.05195, 0.5, 0.026, 4, 4, 5, 0, 0, 0, 0, 0

001110, 15.7767, 2.10015, 0.539778, 3.49908, 0.5, 0.026, 4, 4, 5, 0, 0, 0, 0, 0
010111, 14.0175, 2.21073, 0.593036, 3.63535, 0.5, 0.026, 4, 4, 5, 0, 0, 0, 0, 0
001111, 13.2299, 0.499936, -7.21548e-06, 3.3956, 0.5, 0.026, 4, 4, 5, 0, 0, 0, 0, 0
011111, 12.1269, 2.1016, 0.642571, 3.60704, 0.5, 0.026, 4, 4, 5, 0, 0, 0, 0, 0
011010, 15.9887, 5.64975, 0.496601, 3.73427, 0.5, 0.026, 4, 4, 5, 0, 0, 0, 0, 0
010110, 15.9725, 4.57693, 0.552711, 3.48947, 0.5, 0.026, 4, 4, 5, 0, 0, 0, 0, 0
011101, 14.4076, 6.9356, -0.355693, 3.38234, 0.5, 0.026, 4, 4, 5, 0, 0, 0, 0, 0
011011, 13.8291, 4.80841, 1.66584, 3.6664, 0.5, 0.026, 4, 4, 5, 0, 0, 0, 0, 0
011110, 12.8089, 5.16172, 1.66949, 3.64527, 0.5, 0.026, 4, 4, 5, 0, 0, 0, 0, 0
011100, 14.8073, 8.74989, 2.05278, 3.53349, 0.5, 0.026, 4, 4, 5, 0, 0, 0, 0, 0
111011, 19.9791, 1.43471, -0.0152933, 3.54076, 0.5, 0.026, 4, 4, 5, 0, 0, 0, 0, 0
110111, 18.1603, 2.25882, 0.451107, 3.54781, 0.5, 0.026, 4, 4, 5, 0, 0, 0, 0, 0
001011, 18.8133, 3.66258, 0.536677, 3.38988, 0.5, 0.026, 4, 4, 5, 0, 0, 0, 0, 0
001101, 17.0446, 3.90034, 0.418493, 3.36871, 0.5, 0.026, 4, 4, 5, 0, 0, 0, 0, 0
111111, 16.6737, 0.666078, 0.130659, 3.54948, 0.5, 0.026, 4, 4, 5, 0, 0, 0, 0, 0
001100, 19.0356, 6.08989, 1.4993, 3.36363, 0.5, 0.026, 4, 4, 5, 0, 0, 0, 0, 0
010101, 18.2454, 6.71133, 1.40156, 3.77759, 0.5, 0.026, 4, 4, 5, 0, 0, 0, 0, 0
000111, 19.788, 8.01629, -0.87706, 3.43267, 0.5, 0.026, 4, 4, 5, 0, 0, 0, 0, 0
010000, 19.4707, 10.8889, 2.63469, 3.51777, 0.5, 0.026, 4, 4, 5, 0, 0, 0, 0, 0
010010, 19.0405, 10.038, 2.63565, 3.58219, 0.5, 0.026, 4, 4, 5, 0, 0, 0, 0, 0
010100, 17.3358, 8.5803, 1.58713, 3.63225, 0.5, 0.026, 4, 4, 5, 0, 0, 0, 0, 0
011001, 16.3785, 8.27399, 1.5758, 3.53676, 0.5, 0.026, 4, 4, 5, 0, 0, 0, 0, 0
011000, 16.3327, 10.7362, 0.629251, 3.59551, 0.5, 0.026, 4, 4, 5, 0, 0, 0, 0, 0
001001, 21.323, 3.32211, 0.00322061, 3.34392, 0.5, 0.026, 4, 4, 5, 0, 0, 0, 0, 0
111101, 23.8432, 0.499607, 2.2218e-05, 3.62221, 0.5, 0.026, 4, 4, 5, 0, 0, 0, 0, 0
111010, 23.4293, 1.42602, -0.0373364, 3.42102, 0.5, 0.026, 4, 4, 5, 0, 0, 0, 0, 0
110110, 21.5519, 2.38796, 0.0174777, 3.49079, 0.5, 0.026, 4, 4, 5, 0, 0, 0, 0, 0
111110, 20.2057, 0.499079, -2.00998e-05, 3.70183, 0.5, 0.026, 4, 4, 5, 0, 0, 0, 0, 0
010011, 21.3877, 7.49973, 2.19104, 3.55867, 0.5, 0.026, 4, 4, 5, 0, 0, 0, 0, 0
000011, 23.5136, 7.01365, 1.17508, 3.68479, 0.5, 0.026, 4, 4, 5, 0, 0, 0, 0, 0
001010, 20.9527, 4.7956, -0.485643, 3.27722, 0.5, 0.026, 4, 4, 5, 0, 0, 0, 0, 0
000110, 21.1626, 5.70688, -0.458645, 3.53628, 0.5, 0.026, 4, 4, 5, 0, 0, 0, 0, 0
000001, 21.5636, 11.5006, -1.6876e-05, 3.44262, 0.5, 0.026, 4, 4, 5, 0, 0, 0, 0, 0
010001, 21.89, 8.45451, 2.18983, 3.55259, 0.5, 0.026, 4, 4, 5, 0, 0, 0, 0, 0
000010, 22.3334, 9.49433, 2.18519, 3.53337, 0.5, 0.026, 4, 4, 5, 0, 0, 0, 0, 0
110101, 24.7735, 3.45835, 0.0729366, 3.60874, 0.5, 0.026, 4, 4, 5, 0, 0, 0, 0, 0
101111, 27.3169, 0.499865, -1.28046e-05, 3.36621, 0.5, 0.026, 4, 4, 5, 0, 0, 0, 0, 0
111001, 25.0555, 2.41164, 0.010738, 3.54367, 0.5, 0.026, 4, 4, 5, 0, 0, 0, 0, 0
111100, 26.8389, 1.4508, 0.0184512, 3.45693, 0.5, 0.026, 4, 4, 5, 0, 0, 0, 0, 0
001000, 24.0907, 4.3402, -0.0239301, 3.28616, 0.5, 0.026, 4, 4, 5, 0, 0, 0, 0, 0
000101, 24.3296, 6.53346, 1.18873, 3.44096, 0.5, 0.026, 4, 4, 5, 0, 0, 0, 0, 0
101001, 27.346, 7.69728, 0.839784, 3.5219, 0.5, 0.026, 4, 4, 5, 0, 0, 0, 0, 0
110011, 26.1465, 4.97515, 2.88771, 3.62377, 0.5, 0.026, 4, 4, 5, 0, 0, 0, 0, 0
101010, 27.3297, 5.64792, 2.99553, 3.38781, 0.5, 0.026, 4, 4, 5, 0, 0, 0, 0, 0
110010, 25.7125, 7.43111, 1.20826, 3.52078, 0.5, 0.026, 4, 4, 5, 0, 0, 0, 0, 0
000100, 24.07, 9.41028, 2.48386, 3.60719, 0.5, 0.026, 4, 4, 5, 0, 0, 0, 0, 0
000000, 25.4223, 10.5633, 0.0103408, 3.47303, 0.5, 0.026, 4, 4, 5, 0, 0, 0, 0, 0
110001, 26.6749, 9.5934, -0.0116783, 3.61707, 0.5, 0.026, 4, 4, 5, 0, 0, 0, 0, 0
100000, 24.9682, 11.5007, 3.14153, 3.42008, 0.5, 0.026, 4, 4, 5, 0, 0, 0, 0, 0
110100, 28.0539, 3.91235, 0.608257, 3.62911, 0.5, 0.026, 4, 4, 5, 0, 0, 0, 0, 0
111000, 28.721, 3.20375, 0.610709, 3.67312, 0.5, 0.026, 4, 4, 5, 0, 0, 0, 0, 0
101110, 29.7794, 2.33025, 0.909532, 3.40866, 0.5, 0.026, 4, 4, 5, 0, 0, 0, 0, 0
101101, 30.7439, 0.790466, 0.227048, 3.58093, 0.5, 0.026, 4, 4, 5, 0, 0, 0, 0, 0
101100, 31.4177, 2.66713, 0.826751, 3.44432, 0.5, 0.026, 4, 4, 5, 0, 0, 0, 0, 0
100100, 31.1782, 7.92825, 0.177194, 3.41354, 0.5, 0.026, 4, 4, 5, 0, 0, 0, 0, 0
100101, 28.472, 7.51276, 0.827759, 3.47525, 0.5, 0.026, 4, 4, 5, 0, 0, 0, 0, 0
101011, 30.3615, 4.82792, 2.36296, 3.50609, 0.5, 0.026, 4, 4, 5, 0, 0, 0, 0, 0
100110, 30.2788, 6.75399, 3.21974, 3.52468, 0.5, 0.026, 4, 4, 5, 0, 0, 0, 0, 0
100111, 31.7924, 5.0942, 2.53291, 3.48026, 0.5, 0.026, 4, 4, 5, 0, 0, 0, 0, 0
100001, 28.4414, 11.5002, 3.14159, 3.57288, 0.5, 0.026, 4, 4, 5, 0, 0, 0, 0, 0
110000, 28.9101, 10.5344, -0.00718196, 3.53559, 0.5, 0.026, 4, 4, 5, 0, 0, 0, 0, 0
101000, 30.1179, 9.24548, -0.251137, 3.39834, 0.5, 0.026, 4, 4, 5, 0, 0, 0, 0, 0
100010, 31.4155, 10.4807, 2.17408, 3.47564, 0.5, 0.026, 4, 4, 5, 0, 0, 0, 0, 0
100011, 33.0737, 9.70324, 1.75751, 3.46263, 0.5, 0.026, 4, 4, 5, 0, 0, 0, 0, 0

001111, 11.979, 0.499958, -8.84489e-06, 3.86701, 0.5, 0.026, 4, 4, 5, 0, 0, 0, 0, 0
0111111, 10.3271, 1.72244, 0.446453, 2.06864, 0.5, 0.026, 4, 4, 5, 0, 0, 0, 0, 0
0111100, 11.8351, 6.40945, 1.68447, 2.0529, 0.5, 0.026, 4, 4, 5, 0, 0, 0, 0, 0
1111111, 14.8939, 0.525043, 0.0499667, 2.00279, 0.5, 0.026, 4, 4, 5, 0, 0, 0, 0, 0
0111110, 12.1049, 2.70927, 0.357746, 2.03915, 0.5, 0.026, 4, 4, 5, 0, 0, 0, 0, 0
0101111, 12.19, 1.67382, 0.350502, 2.02919, 0.5, 0.026, 4, 4, 5, 0, 0, 0, 0, 0
0110111, 13.3375, 3.96631, 1.7306, 2.07902, 0.5, 0.026, 4, 4, 5, 0, 0, 0, 0, 0
001110, 14.9323, 2.10183, 0.443003, 3.98485, 0.5, 0.026, 4, 4, 5, 0, 0, 0, 0, 0
0101110, 14.0319, 2.4568, 0.0205976, 2.11085, 0.5, 0.026, 4, 4, 5, 0, 0, 0, 0, 0
0110011, 15.4298, 7.29558, 1.70028, 1.987, 0.5, 0.026, 4, 4, 5, 0, 0, 0, 0, 0
0111101, 12.2633, 4.39438, 1.68619, 2.09843, 0.5, 0.026, 4, 4, 5, 0, 0, 0, 0, 0
0110101, 14.7759, 5.04799, 0.0892477, 2.07519, 0.5, 0.026, 4, 4, 5, 0, 0, 0, 0, 0
010110, 15.6873, 4.61839, 0.422336, 3.97391, 0.5, 0.026, 4, 4, 5, 0, 0, 0, 0, 0
011101, 13.7608, 7.0045, -0.720881, 3.85191, 0.5, 0.026, 4, 4, 5, 0, 0, 0, 0, 0
0110110, 13.038, 5.99593, 1.96628, 2.09638, 0.5, 0.026, 4, 4, 5, 0, 0, 0, 0, 0
0111001, 14.1688, 8.0714, 2.01785, 2.0027, 0.5, 0.026, 4, 4, 5, 0, 0, 0, 0, 0
0110001, 14.5058, 10.4177, 0.620603, 2.04754, 0.5, 0.026, 4, 4, 5, 0, 0, 0, 0, 0
0110010, 15.4445, 9.3141, 1.63243, 2.04077, 0.5, 0.026, 4, 4, 5, 0, 0, 0, 0, 0
0111000, 13.136, 9.78527, 2.0308, 2.02135, 0.5, 0.026, 4, 4, 5, 0, 0, 0, 0, 0
1110111, 18.5529, 1.49687, 0.0340696, 2.04197, 0.5, 0.026, 4, 4, 5, 0, 0, 0, 0, 0
1101111, 16.6929, 1.82133, 0.397213, 1.99618, 0.5, 0.026, 4, 4, 5, 0, 0, 0, 0, 0
1111110, 16.8847, 0.662675, 0.107153, 2.03946, 0.5, 0.026, 4, 4, 5, 0, 0, 0, 0, 0
1111101, 18.8987, 0.517908, 0.0326763, 2.09746, 0.5, 0.026, 4, 4, 5, 0, 0, 0, 0, 0
1101110, 18.4997, 2.70652, 0.481417, 2.04417, 0.5, 0.026, 4, 4, 5, 0, 0, 0, 0, 0
001011, 18.4584, 3.72694, 0.52202, 3.8605, 0.5, 0.026, 4, 4, 5, 0, 0, 0, 0, 0
001101, 16.3986, 3.873, 0.405168, 3.83638, 0.5, 0.026, 4, 4, 5, 0, 0, 0, 0, 0
0001101, 19.9087, 6.57468, -0.495293, 2.0382, 0.5, 0.026, 4, 4, 5, 0, 0, 0, 0, 0
0101001, 16.3681, 7.65409, 1.72442, 2.09795, 0.5, 0.026, 4, 4, 5, 0, 0, 0, 0, 0
0110100, 16.4707, 6.07566, 0.355369, 2.1775, 0.5, 0.026, 4, 4, 5, 0, 0, 0, 0, 0
0101011, 17.9996, 6.26933, 1.43794, 2.17534, 0.5, 0.026, 4, 4, 5, 0, 0, 0, 0, 0
001100, 18.4841, 6.34649, 1.60863, 3.83059, 0.5, 0.026, 4, 4, 5, 0, 0, 0, 0, 0
0100101, 19.4745, 9.48944, 2.62763, 2.07714, 0.5, 0.026, 4, 4, 5, 0, 0, 0, 0, 0
0110000, 16.3363, 11.2683, 0.458651, 2.04713, 0.5, 0.026, 4, 4, 5, 0, 0, 0, 0, 0
0101010, 17.3773, 8.09849, 1.58507, 2.12669, 0.5, 0.026, 4, 4, 5, 0, 0, 0, 0, 0
000111, 19.2294, 8.36733, -0.701917, 3.90922, 0.5, 0.026, 4, 4, 5, 0, 0, 0, 0, 0
0100000, 18.3144, 11.3028, 2.72162, 1.9671, 0.5, 0.026, 4, 4, 5, 0, 0, 0, 0, 0
0100100, 17.7123, 10.4548, 2.79556, 2.00236, 0.5, 0.026, 4, 4, 5, 0, 0, 0, 0, 0
0101000, 16.4373, 9.66597, 1.71223, 2.03856, 0.5, 0.026, 4, 4, 5, 0, 0, 0, 0, 0
1110110, 20.5571, 1.4987, 0.0733151, 1.99035, 0.5, 0.026, 4, 4, 5, 0, 0, 0, 0, 0
1111011, 23.0315, 0.533308, 0.0632511, 2.05459, 0.5, 0.026, 4, 4, 5, 0, 0, 0, 0, 0
001001, 21.2448, 3.35649, -0.021513, 3.80816, 0.5, 0.026, 4, 4, 5, 0, 0, 0, 0, 0
111010, 23.4694, 1.42251, 0.0460623, 3.89595, 0.5, 0.026, 4, 4, 5, 0, 0, 0, 0, 0
110110, 21.2926, 2.38928, -0.017495, 3.97541, 0.5, 0.026, 4, 4, 5, 0, 0, 0, 0, 0
1111100, 20.9757, 0.499958, -1.68345e-05, 2.11829, 0.5, 0.026, 4, 4, 5, 0, 0, 0, 0, 0
0100011, 22.7146, 7.39601, 2.34189, 2.06357, 0.5, 0.026, 4, 4, 5, 0, 0, 0, 0, 0
0100111, 22.1011, 6.56531, 2.3841, 2.0276, 0.5, 0.026, 4, 4, 5, 0, 0, 0, 0, 0
0000111, 23.3435, 5.74539, 0.987325, 2.0999, 0.5, 0.026, 4, 4, 5, 0, 0, 0, 0, 0
001010, 20.626, 5.02413, -0.542661, 3.7322, 0.5, 0.026, 4, 4, 5, 0, 0, 0, 0, 0
0001100, 21.6275, 5.55324, -0.535284, 1.98902, 0.5, 0.026, 4, 4, 5, 0, 0, 0, 0, 0
0100001, 20.0311, 10.3037, 2.63081, 2.03903, 0.5, 0.026, 4, 4, 5, 0, 0, 0, 0, 0
0000101, 23.0149, 8.65664, 2.13621, 2.05094, 0.5, 0.026, 4, 4, 5, 0, 0, 0, 0, 0
0100110, 20.9621, 8.1511, 2.47056, 2.02512, 0.5, 0.026, 4, 4, 5, 0, 0, 0, 0, 0
0001000, 23.016, 10.1802, 2.38867, 2.07421, 0.5, 0.026, 4, 4, 5, 0, 0, 0, 0, 0
000001, 21.3148, 11.5003, -1.1136e-05, 3.92055, 0.5, 0.026, 4, 4, 5, 0, 0, 0, 0, 0
0100010, 21.4749, 8.96749, 2.46575, 1.98222, 0.5, 0.026, 4, 4, 5, 0, 0, 0, 0, 0
0000100, 21.6844, 10.1449, 2.30249, 1.97296, 0.5, 0.026, 4, 4, 5, 0, 0, 0, 0, 0
1110011, 24.2806, 2.4609, 0.0363987, 2.01229, 0.5, 0.026, 4, 4, 5, 0, 0, 0, 0, 0
1101011, 24.1212, 3.56312, -0.0910524, 2.06779, 0.5, 0.026, 4, 4, 5, 0, 0, 0, 0, 0
1111010, 25.0562, 0.499785, 8.30691e-06, 2.07049, 0.5, 0.026, 4, 4, 5, 0, 0, 0, 0, 0
1101010, 26.0706, 3.31622, 0.302301, 2.04194, 0.5, 0.026, 4, 4, 5, 0, 0, 0, 0, 0
101111, 27.9819, 0.498602, 2.10492e-06, 3.83354, 0.5, 0.026, 4, 4, 5, 0, 0, 0, 0, 0
1110010, 26.5571, 2.29771, -0.0726828, 2.02334, 0.5, 0.026, 4, 4, 5, 0, 0, 0, 0, 0
111100, 27.3642, 1.46045, 0.0303864, 3.93685, 0.5, 0.026, 4, 4, 5, 0, 0, 0, 0, 0
1100101, 25.6865, 6.56589, 1.24244, 2.02537, 0.5, 0.026, 4, 4, 5, 0, 0, 0, 0, 0
1010011, 27.1447, 7.0962, 0.780157, 1.97701, 0.5, 0.026, 4, 4, 5, 0, 0, 0, 0, 0
1100111, 27.5941, 4.4792, 2.88999, 2.05168, 0.5, 0.026, 4, 4, 5, 0, 0, 0, 0, 0
0000110, 24.1972, 7.63276, 1.3981, 2.09644, 0.5, 0.026, 4, 4, 5, 0, 0, 0, 0, 0
001000, 24.1186, 4.20804, -0.0700298, 3.74237, 0.5, 0.026, 4, 4, 5, 0, 0, 0, 0, 0
000101, 24.6894, 6.5273, 1.17904, 3.91866, 0.5, 0.026, 4, 4, 5, 0, 0, 0, 0, 0
1100110, 25.6305, 5.05193, 2.8845, 2.07517, 0.5, 0.026, 4, 4, 5, 0, 0, 0, 0, 0
101010, 27.8564, 5.40849, 2.84874, 3.85814, 0.5, 0.026, 4, 4, 5, 0, 0, 0, 0, 0
1100100, 26.3878, 8.41489, 1.26114, 1.98419, 0.5, 0.026, 4, 4, 5, 0, 0, 0, 0, 0
0001001, 24.7246, 9.10109, 2.65514, 2.03376, 0.5, 0.026, 4, 4, 5, 0, 0, 0, 0, 0
1100011, 25.827, 9.88172, -0.0579712, 2.02978, 0.5, 0.026, 4, 4, 5, 0, 0, 0, 0, 0
000000, 25.5926, 10.5124, 0.00721478, 3.95519, 0.5, 0.026, 4, 4, 5, 0, 0, 0, 0, 0
1100010, 27.8349, 9.5302, 0.0159122, 2.08945, 0.5, 0.026, 4, 4, 5, 0, 0, 0, 0, 0
100000, 25.2005, 11.5, 3.14159, 3.89488, 0.5, 0.026, 4, 4, 5, 0, 0, 0, 0, 0
1101001, 28.0041, 3.29464, 0.281551, 2.03109, 0.5, 0.026, 4, 4, 5, 0, 0, 0, 0, 0
1011011, 30.8782, 0.499992, -9.55379e-06, 1.99314, 0.5, 0.026, 4, 4, 5, 0, 0, 0, 0, 0
1110001, 28.5788, 2.44554, 0.31325, 2.14342, 0.5, 0.026, 4, 4, 5, 0, 0, 0, 0, 0
1110000, 30.4024, 3.40173, 0.576059, 2.03963, 0.5, 0.026, 4, 4, 5, 0, 0, 0, 0, 0
101110, 30.805, 2.42473, 0.803763, 3.88188, 0.5, 0.026, 4, 4, 5, 0, 0, 0, 0, 0
1101000, 29.8336, 4.2146, 0.577993, 2.10185, 0.5, 0.026, 4, 4, 5, 0, 0, 0, 0, 0
100100, 31.9344, 7.81781, 0.142502, 3.88743, 0.5, 0.026, 4, 4, 5, 0, 0, 0, 0, 0
100101, 28.9266, 7.45236, 0.771691, 3.95772, 0.5, 0.026, 4, 4, 5, 0, 0, 0, 0, 0
101011, 31.2835, 4.88929, 2.61871, 3.99283, 0.5, 0.026, 4, 4, 5, 0, 0, 0, 0, 0
1001100, 30.0387, 6.6258, 3.13565, 1.96778, 0.5, 0.026, 4, 4, 5, 0, 0, 0, 0, 0
1010010, 28.6232, 8.42557, 0.729008, 2.03383, 0.5, 0.026, 4, 4, 5, 0, 0, 0, 0, 0
1100001, 28.5482, 10.5312, 0.0244402, 1.98883, 0.5, 0.026, 4, 4, 5, 0, 0, 0, 0, 0
1000011, 30.181, 11.5, 3.14163, 1.98957, 0.5, 0.026, 4, 4, 5, 0, 0, 0, 0, 0
1000010, 28.1654, 11.5001, 3.14165, 2.07932, 0.5, 0.026, 4, 4, 5, 0, 0, 0, 0, 0
1100000, 30.5829, 10.5065, 0.0186837, 2.03761, 0.5, 0.026, 4, 4, 5, 0, 0, 0, 0, 0
101000, 30.8199, 9.25773, -0.282477, 3.87013, 0.5, 0.026, 4, 4, 5, 0, 0, 0, 0, 0
1011010, 32.9054, 0.502109, 0.00388804, 2.08492, 0.5, 0.026, 4, 4, 5, 0, 0, 0, 0, 0
101100, 32.3183, 2.50264, 0.770101, 3.92249, 0.5, 0.026, 4, 4, 5, 0, 0, 0, 0, 0
1001101, 32.026, 6.88495, 3.21731, 2.04622, 0.5, 0.026, 4, 4, 5, 0, 0, 0, 0, 0
100111, 32.8301, 5.12657, 2.63069, 3.96342, 0.5, 0.026, 4, 4, 5, 0, 0, 0, 0, 0
100010, 32.464, 10.2574, 2.14413, 3.95817, 0.5, 0.026, 4, 4, 5, 0, 0, 0, 0, 0
100011, 33.9338, 9.94725, 1.98815, 3.94335, 0.5, 0.026, 4, 4, 5, 0, 0, 0, 0, 0

0011110, 11.6629, 0.630688, 0.216885, 2.21486, 0.5, 0.026, 4, 4, 5, 0, 0, 0, 0, 0
0011111, 9.49097, 0.500038, 6.75137e-05, 2.189, 0.5, 0.026, 4, 4, 5, 0, 0, 0, 0, 0
0101111, 11.3817, 1.57338, 0.222209, 2.3109, 0.5, 0.026, 4, 4, 5, 0, 0, 0, 0, 0
0111110, 10.8762, 2.78315, -0.0114705, 2.32224, 0.5, 0.026, 4, 4, 5, 0, 0, 0, 0, 0
0111111, 9.21253, 1.65192, 0.318497, 2.35583, 0.5, 0.026, 4, 4, 5, 0, 0, 0, 0, 0
0111101, 11.175, 4.47754, 1.6022, 2.38975, 0.5, 0.026, 4, 4, 5, 0, 0, 0, 0, 0
0111100, 11.1179, 6.83685, 1.56651, 2.33791, 0.5, 0.026, 4, 4, 5, 0, 0, 0, 0, 0
0101101, 13.7741, 3.95804, 0.387358, 2.29814, 0.5, 0.026, 4, 4, 5, 0, 0, 0, 0, 0
1101111, 15.859, 1.55394, 0.205852, 2.2733, 0.5, 0.026, 4, 4, 5, 0, 0, 0, 0, 0
0011011, 15.1702, 3.40117, 0.260318, 2.21505, 0.5, 0.026, 4, 4, 5, 0, 0, 0, 0, 0
0011101, 13.6217, 1.50556, 0.0257521, 2.2849, 0.5, 0.026, 4, 4, 5, 0, 0, 0, 0, 0
1111111, 13.8343, 0.500267, 0.000433475, 2.28083, 0.5, 0.026, 4, 4, 5, 0, 0, 0, 0, 0
0011100, 15.4782, 2.4461, 0.202645, 2.25315, 0.5, 0.026, 4, 4, 5, 0, 0, 0, 0, 0
0101110, 13.2052, 2.54961, -0.0389729, 2.40389, 0.5, 0.026, 4, 4, 5, 0, 0, 0, 0, 0
0101100, 15.7409, 4.90231, 0.804747, 2.22746, 0.5, 0.026, 4, 4, 5, 0, 0, 0, 0, 0
0110111, 12.1715, 4.20199, 1.60722, 2.36764, 0.5, 0.026, 4, 4, 5, 0, 0, 0, 0, 0
0101001, 15.4713, 7.90364, 1.28784, 2.3892, 0.5, 0.026, 4, 4, 5, 0, 0, 0, 0, 0
0110100, 15.4161, 6.26148, 0.075454, 2.4798, 0.5, 0.026, 4, 4, 5, 0, 0, 0, 0, 0
0110011, 14.3955, 7.69584, 1.29345, 2.26285, 0.5, 0.026, 4, 4, 5, 0, 0, 0, 0, 0
0110101, 13.7822, 5.01164, 0.367492, 2.36328, 0.5, 0.026, 4, 4, 5, 0, 0, 0, 0, 0
0111010, 13.3913, 6.5641, -1.06695, 2.22948, 0.5, 0.026, 4, 4, 5, 0, 0, 0, 0, 0
0110110, 12.4289, 6.29162, 2.04834, 2.38742, 0.5, 0.026, 4, 4, 5, 0, 0, 0, 0, 0
0101000, 15.7589, 9.98892, 2.16606, 2.32157, 0.5, 0.026, 4, 4, 5, 0, 0, 0, 0, 0
0111011, 12.1206, 8.32916, -0.909985, 2.15719, 0.5, 0.026, 4, 4, 5, 0, 0, 0, 0, 0
0110000, 15.3254, 11.5002, -8.53054e-06, 2.33133, 0.5, 0.026, 4, 4, 5, 0, 0, 0, 0, 0
0111001, 13.6425, 8.63749, 1.28354, 2.28073, 0.5, 0.026, 4, 4, 5, 0, 0, 0, 0, 0
0110001, 13.4817, 10.8591, 1.29582, 2.3318, 0.5, 0.026, 4, 4, 5, 0, 0, 0, 0, 0
0110010, 14.6502, 9.82102, 2.00381, 2.32408, 0.5, 0.026, 4, 4, 5, 0, 0, 0, 0, 0
0111000, 12.4567, 9.70866, 2.04458, 2.30197, 0.5, 0.026, 4, 4, 5, 0, 0, 0, 0, 0
0010111, 17.3104, 3.38715, 0.104632, 2.21138, 0.5, 0.026, 4, 4, 5, 0, 0, 0, 0, 0
1110111, 18.0919, 1.54728, 0.14168, 2.32546, 0.5, 0.026, 4, 4, 5, 0, 0, 0, 0, 0
1111110, 16.0893, 0.635429, 0.207134, 2.32259, 0.5, 0.026, 4, 4, 5, 0, 0, 0, 0, 0
1111101, 18.3458, 0.601682, 0.147205, 2.38865, 0.5, 0.026, 4, 4, 5, 0, 0, 0, 0, 0
1101110, 17.8136, 2.48815, 0.142034, 2.32796, 0.5, 0.026, 4, 4, 5, 0, 0, 0, 0, 0
0101010, 16.489, 7.96495, 1.29601, 2.42193, 0.5, 0.026, 4, 4, 5, 0, 0, 0, 0, 0
0001101, 19.5958, 6.98393, -0.6113, 2.32116, 0.5, 0.026, 4, 4, 5, 0, 0, 0, 0, 0
0010101, 19.4698, 5.89245, -0.737312, 2.07919, 0.5, 0.026, 4, 4, 5, 0, 0, 0, 0, 0
0011001, 18.2768, 5.53716, 1.85705, 2.23207, 0.5, 0.026, 4, 4, 5, 0, 0, 0, 0, 0
0011010, 17.0706, 4.3303, 0.0974433, 2.15393, 0.5, 0.026, 4, 4, 5, 0, 0, 0, 0, 0
0010110, 19.2282, 4.27429, 0.490963, 2.18506, 0.5, 0.026, 4, 4, 5, 0, 0, 0, 0, 0
0101011, 17.1427, 6.05851, 1.57443, 2.47734, 0.5, 0.026, 4, 4, 5, 0, 0, 0, 0, 0
0011000, 17.8187, 7.56581, 2.14437, 2.13032, 0.5, 0.026, 4, 4, 5, 0, 0, 0, 0, 0
0000011, 19.799, 11.5007, -2.94417e-05, 2.19945, 0.5, 0.026, 4, 4, 5, 0, 0, 0, 0, 0
0001110, 19.7139, 8.07148, -0.641122, 2.25393, 0.5, 0.026, 4, 4, 5, 0, 0, 0, 0, 0
0001111, 17.7742, 9.056, -0.645716, 2.198, 0.5, 0.026, 4, 4, 5, 0, 0, 0, 0, 0
0100001, 19.3286, 10.4465, 2.83311, 2.32211, 0.5, 0.026, 4, 4, 5, 0, 0, 0, 0, 0
0100101, 19.1921, 9.48384, 2.83845, 2.36551, 0.5, 0.026, 4, 4, 5, 0, 0, 0, 0, 0
0100000, 17.5964, 11.5001, 3.14157, 2.24019, 0.5, 0.026, 4, 4, 5, 0, 0, 0, 0, 0
0100100, 17.1511, 10.459, 2.91995, 2.28035, 0.5, 0.026, 4, 4, 5, 0, 0, 0, 0, 0
0010011, 20.0254, 3.56744, 0.418394, 2.14002, 0.5, 0.026, 4, 4, 5, 0, 0, 0, 0, 0
1110101, 22.5228, 1.49368, 0.158676, 2.26413, 0.5, 0.026, 4, 4, 5, 0, 0, 0, 0, 0
1101101, 20.0527, 2.45247, 0.154177, 2.28227, 0.5, 0.026, 4, 4, 5, 0, 0, 0, 0, 0
1110110, 20.3239, 1.52239, 0.152481, 2.26667, 0.5, 0.026, 4, 4, 5, 0, 0, 0, 0, 0
1111011, 23.0148, 0.500553, 0.00146143, 2.33982, 0.5, 0.026, 4, 4, 5, 0, 0, 0, 0, 0
0010010, 21.9596, 3.3461, 0.151036, 2.19681, 0.5, 0.026, 4, 4, 5, 0, 0, 0, 0, 0
1101100, 22.2442, 2.41803, 0.156708, 2.24504, 0.5, 0.026, 4, 4, 5, 0, 0, 0, 0, 0
1111100, 20.6797, 0.523707, 0.0341853, 2.41237, 0.5, 0.026, 4, 4, 5, 0, 0, 0, 0, 0
0010001, 23.0984, 4.33753, -0.220938, 2.10746, 0.5, 0.026, 4, 4, 5, 0, 0, 0, 0, 0
0100011, 22.613, 7.60383, 1.81445, 2.35005, 0.5, 0.026, 4, 4, 5, 0, 0, 0, 0, 0
0100111, 21.6252, 6.55347, 2.55853, 2.30908, 0.5, 0.026, 4, 4, 5, 0, 0, 0, 0, 0
0000111, 23.2531, 5.96634, 0.915086, 2.39142, 0.5, 0.026, 4, 4, 5, 0, 0, 0, 0, 0
0010100, 21.1192, 4.59557, -0.611101, 2.17114, 0.5, 0.026, 4, 4, 5, 0, 0, 0, 0, 0
0001100, 21.3557, 5.57165, -0.582125, 2.26515, 0.5, 0.026, 4, 4, 5, 0, 0, 0, 0, 0
0000101, 23.0869, 9.0004, 2.29772, 2.33567, 0.5, 0.026, 4, 4, 5, 0, 0, 0, 0, 0
0100110, 21.0785, 8.20467, 2.42207, 2.30626, 0.5, 0.026, 4, 4, 5, 0, 0, 0, 0, 0
0001000, 23.4058, 10.0606, 2.30955, 2.36217, 0.5, 0.026, 4, 4, 5, 0, 0, 0, 0, 0
0000010, 22.0196, 11.5001, 1.52794e-05, 2.26538, 0.5, 0.026, 4, 4, 5, 0, 0, 0, 0, 0
0100010, 21.2802, 9.33106, 2.57585, 2.25741, 0.5, 0.026, 4, 4, 5, 0, 0, 0, 0, 0
0000100, 21.4384, 10.45, 2.81161, 2.24686, 0.5, 0.026, 4, 4, 5, 0, 0, 0, 0, 0
1011111, 27.5685, 0.499549, 2.40836e-05, 2.22404, 0.5, 0.026, 4, 4, 5, 0, 0, 0, 0, 0
1110100, 24.6934, 1.44798, 0.0737445, 2.17269, 0.5, 0.026, 4, 4, 5, 0, 0, 0, 0, 0
1111001, 26.8798, 1.45475, 0.0117604, 2.24428, 0.5, 0.026, 4, 4, 5, 0, 0, 0, 0, 0
1110011, 24.4568, 2.37318, 0.0900226, 2.29166, 0.5, 0.026, 4, 4, 5, 0, 0, 0, 0, 0
1101011, 24.1792, 3.30627, 0.0994953, 2.35486, 0.5, 0.026, 4, 4, 5, 0, 0, 0, 0, 0
1111010, 25.3202, 0.499027, -2.03677e-05, 2.35793, 0.5, 0.026, 4, 4, 5, 0, 0, 0, 0, 0
1101010, 26.3936, 3.37228, 0.411761, 2.32542, 0.5, 0.026, 4, 4, 5, 0, 0, 0, 0, 0
1110010, 27.2275, 2.40321, -0.00558321, 2.30423, 0.5, 0.026, 4, 4, 5, 0, 0, 0, 0, 0
0001011, 24.2046, 5.64964, 0.878866, 2.26074, 0.5, 0.026, 4, 4, 5, 0, 0, 0, 0, 0
1100101, 26.1294, 6.61086, 0.576165, 2.30655, 0.5, 0.026, 4, 4, 5, 0, 0, 0, 0, 0
1010011, 27.8281, 7.00565, 1.02457, 2.25147, 0.5, 0.026, 4, 4, 5, 0, 0, 0, 0, 0
0000110, 24.2655, 7.79398, 0.469001, 2.38749, 0.5, 0.026, 4, 4, 5, 0, 0, 0, 0, 0
0010000, 25.0932, 4.32531, -0.42388, 2.15446, 0.5, 0.026, 4, 4, 5, 0, 0, 0, 0, 0
0001010, 25.4915, 7.34799, 0.564134, 2.20194, 0.5, 0.026, 4, 4, 5, 0, 0, 0, 0, 0
1100110, 25.8176, 5.02586, 2.65749, 2.36326, 0.5, 0.026, 4, 4, 5, 0, 0, 0, 0, 0
1010100, 27.1794, 5.57483, 2.90472, 2.2501, 0.5, 0.026, 4, 4, 5, 0, 0, 0, 0, 0
1000001, 26.4364, 11.5003, 3.14162, 2.24435, 0.5, 0.026, 4, 4, 5, 0, 0, 0, 0, 0
0000001, 24.8497, 10.5638, 0.0373661, 2.20302, 0.5, 0.026, 4, 4, 5, 0, 0, 0, 0, 0
1100100, 27.4872, 8.26244, 0.576014, 2.25965, 0.5, 0.026, 4, 4, 5, 0, 0, 0, 0, 0
0001001, 25.3684, 8.93853, 2.65568, 2.3161, 0.5, 0.026, 4, 4, 5, 0, 0, 0, 0, 0
1100011, 26.4577, 9.42906, -0.483191, 2.31157, 0.5, 0.026, 4, 4, 5, 0, 0, 0, 0, 0
0000000, 27.0744, 10.5525, 0.0291083, 2.30126, 0.5, 0.026, 4, 4, 5, 0, 0, 0, 0, 0
1000000, 24.2311, 11.4824, 3.17274, 2.19125, 0.5, 0.026, 4, 4, 5, 0, 0, 0, 0, 0
1011101, 31.1473, 1.80025, 0.748257, 2.23365, 0.5, 0.026, 4, 4, 5, 0, 0, 0, 0, 0
1101001, 28.5902, 3.3749, -0.00564352, 2.31306, 0.5, 0.026, 4, 4, 5, 0, 0, 0, 0, 0
1111000, 29.1012, 1.46484, 0.049384, 2.23911, 0.5, 0.026, 4, 4, 5, 0, 0, 0, 0, 0
1011110, 29.7142, 0.499575, -3.85494e-05, 2.1417, 0.5, 0.026, 4, 4, 5, 0, 0, 0, 0, 0
1011011, 31.8943, 0.499957, -1.67938e-05, 2.26985, 0.5, 0.026, 4, 4, 5, 0, 0, 0, 0, 0
1110001, 29.58, 2.39242, -0.0301095, 2.44099, 0.5, 0.026, 4, 4, 5, 0, 0, 0, 0, 0
1110000, 31.513, 3.48632, 0.780924, 2.32279, 0.5, 0.026, 4, 4, 5, 0, 0, 0, 0, 0
1100111, 28.039, 4.42674, 3.00014, 2.33651, 0.5, 0.026, 4, 4, 5, 0, 0, 0, 0, 0
1010101, 29.4337, 4.97192, 2.44259, 2.14365, 0.5, 0.026, 4, 4, 5, 0, 0, 0, 0, 0
1001001, 31.834, 7.89772, 0.769881, 2.26411, 0.5, 0.026, 4, 4, 5, 0, 0, 0, 0, 0
1001011, 28.8232, 6.63914, 0.920117, 2.22575, 0.5, 0.026, 4, 4, 5, 0, 0, 0, 0, 0
1101000, 30.6923, 4.03694, 0.791144, 2.39364, 0.5, 0.026, 4, 4, 5, 0, 0, 0, 0, 0
1010110, 30.6248, 5.63967, 2.93721, 2.31259, 0.5, 0.026, 4, 4, 5, 0, 0, 0, 0, 0
1001100, 30.7188, 6.60021, 2.93102, 2.24097, 0.5, 0.026, 4, 4, 5, 0, 0, 0, 0, 0
1001010, 30.5084, 8.07803, 0.637685, 2.28142, 0.5, 0.026, 4, 4, 5, 0, 0, 0, 0, 0
1010001, 31.0316, 9.4979, -0.350423, 2.19628, 0.5, 0.026, 4, 4, 5, 0, 0, 0, 0, 0
1100010, 28.5742, 9.57785, -0.0382854, 2.37953, 0.5, 0.026, 4, 4, 5, 0, 0, 0, 0, 0
1010010, 29.4612, 8.48244, 0.654297, 2.31619, 0.5, 0.026, 4, 4, 5, 0, 0, 0, 0, 0
1100001, 29.3234, 10.5275, 0.0293777, 2.26493, 0.5, 0.026, 4, 4, 5, 0, 0, 0, 0, 0
1000011, 31.0341, 11.5004, 3.14153, 2.26578, 0.5, 0.026, 4, 4, 5, 0, 0, 0, 0, 0
1000010, 28.729, 11.5002, 3.14159, 2.36799, 0.5, 0.026, 4, 4, 5, 0, 0, 0, 0, 0
1100000, 31.5898, 10.5007, -0.0717756, 2.32048, 0.5, 0.026, 4, 4, 5, 0, 0, 0, 0, 0
1011001, 32.6661, 1.88934, 0.764504, 2.19303, 0.5, 0.026, 4, 4, 5, 0, 0, 0, 0, 0
1011100, 32.7355, 3.29819, 0.704268, 2.18715, 0.5, 0.026, 4, 4, 5, 0, 0, 0, 0, 0
1011010, 34.1989, 0.506486, 0.00943776, 2.37437, 0.5, 0.026, 4, 4, 5, 0, 0, 0, 0, 0
1011000, 34.1238, 3.21233, 1.4508, 2.27402, 0.5, 0.026, 4, 4, 5, 0, 0, 0, 0, 0
1001000, 33.6001, 7.59604, -0.142795, 2.16302, 0.5, 0.026, 4, 4, 5, 0, 0, 0, 0, 0
1001111, 34.6886, 4.72052, 2.48746, 2.30617, 0.5, 0.026, 4, 4, 5, 0, 0, 0, 0, 0
1010111, 32.6841, 4.80094, 2.91452, 2.23456, 0.5, 0.026, 4, 4, 5, 0, 0, 0, 0, 0
1001101, 32.873, 6.75532, 2.92012, 2.33029, 0.5, 0.026, 4, 4, 5, 0, 0, 0, 0, 0
1001110, 32.7466, 5.78847, 2.9108, 2.20749, 0.5, 0.026, 4, 4, 5, 0, 0, 0, 0, 0
1010000, 32.9525, 9.0733, -0.845404, 2.21114, 0.5, 0.026, 4, 4, 5, 0, 0, 0, 0, 0
1000111, 35.2945, 9.02281, 1.90165, 2.23302, 0.5, 0.026, 4, 4, 5, 0, 0, 0, 0, 0
1000100, 33.0606, 10.9815, 2.18394, 2.26797, 0.5, 0.026, 4, 4, 5, 0, 0, 0, 0, 0
1000101, 34.2283, 9.09016, 1.89942, 2.2397, 0.5, 0.026, 4, 4, 5, 0, 0, 0, 0, 0
1000110, 34.2578, 10.9878, 2.1896, 2.25777, 0.5, 0.026, 4, 4, 5, 0, 0, 0, 0, 0

0111111, 7.97507, 1.95224, 0.575428, 2.68289, 0.5, 0.026, 4, 4, 5, 0, 0, 0, 0, 0
0011111, 7.62189, 0.5, -9.37375e-07, 2.4929, 0.5, 0.026, 4, 4, 5, 0, 0, 0, 0, 0
0011110, 10.1024, 0.599283, 0.130892, 2.52234, 0.5, 0.026, 4, 4, 5, 0, 0, 0, 0, 0
0101111, 9.75595, 1.52915, 0.146241, 2.63172, 0.5, 0.026, 4, 4, 5, 0, 0, 0, 0, 0
0111110, 9.4346, 3.06974, -0.657659, 2.64464, 0.5, 0.026, 4, 4, 5, 0, 0, 0, 0, 0
0110110, 11.2003, 6.31214, 2.21417, 2.71886, 0.5, 0.026, 4, 4, 5, 0, 0, 0, 0, 0
0110111, 10.8658, 4.13342, 1.42521, 2.69634, 0.5, 0.026, 4, 4, 5, 0, 0, 0, 0, 0
0111101, 9.98725, 4.83416, 1.41673, 2.72152, 0.5, 0.026, 4, 4, 5, 0, 0, 0, 0, 0
0111100, 9.57193, 7.40874, 1.80365, 2.66247, 0.5, 0.026, 4, 4, 5, 0, 0, 0, 0, 0
0111000, 10.7882, 9.50757, 2.40474, 2.62154, 0.5, 0.026, 4, 4, 5, 0, 0, 0, 0, 0
0111011, 10.5326, 8.44403, -0.799831, 2.45667, 0.5, 0.026, 4, 4, 5, 0, 0, 0, 0, 0
1111110, 15.1347, 0.594844, 0.11594, 2.64503, 0.5, 0.026, 4, 4, 5, 0, 0, 0, 0, 0
0101101, 12.5084, 3.84115, 0.394223, 2.61719, 0.5, 0.026, 4, 4, 5, 0, 0, 0, 0, 0
1101111, 14.8529, 1.52765, 0.109635, 2.5889, 0.5, 0.026, 4, 4, 5, 0, 0, 0, 0, 0
0011011, 14.5243, 3.6245, 0.35741, 2.52256, 0.5, 0.026, 4, 4, 5, 0, 0, 0, 0, 0
0011101, 12.3141, 1.55544, 0.144482, 2.60211, 0.5, 0.026, 4, 4, 5, 0, 0, 0, 0, 0
1111111, 12.5935, 0.614527, 0.144064, 2.59748, 0.5, 0.026, 4, 4, 5, 0, 0, 0, 0, 0
0011100, 14.5534, 2.46443, 0.106682, 2.56595, 0.5, 0.026, 4, 4, 5, 0, 0, 0, 0, 0
0101110, 12.069, 2.60549, 0.262622, 2.73762, 0.5, 0.026, 4, 4, 5, 0, 0, 0, 0, 0
0101010, 15.4658, 7.81726, 1.11648, 2.75816, 0.5, 0.026, 4, 4, 5, 0, 0, 0, 0, 0
0101100, 14.8763, 4.78574, 0.350357, 2.53669, 0.5, 0.026, 4, 4, 5, 0, 0, 0, 0, 0
0101001, 14.4561, 7.92866, 1.10871, 2.72089, 0.5, 0.026, 4, 4, 5, 0, 0, 0, 0, 0
0110100, 14.5216, 6.11797, -0.126091, 2.82407, 0.5, 0.026, 4, 4, 5, 0, 0, 0, 0, 0
0110011, 13.187, 7.82965, 1.41963, 2.577, 0.5, 0.026, 4, 4, 5, 0, 0, 0, 0, 0
0110101, 12.7287, 4.96171, 0.36525, 2.69137, 0.5, 0.026, 4, 4, 5, 0, 0, 0, 0, 0
0111010, 12.1812, 6.58596, -0.881518, 2.53899, 0.5, 0.026, 4, 4, 5, 0, 0, 0, 0, 0
0101000, 14.8096, 10.0069, 2.4302, 2.64387, 0.5, 0.026, 4, 4, 5, 0, 0, 0, 0, 0
0110000, 14.253, 11.5007, -2.17361e-05, 2.65499, 0.5, 0.026, 4, 4, 5, 0, 0, 0, 0, 0
0111001, 12.3545, 8.78937, 1.40885, 2.59736, 0.5, 0.026, 4, 4, 5, 0, 0, 0, 0, 0
0110001, 12.0264, 10.7814, 1.05188, 2.65551, 0.5, 0.026, 4, 4, 5, 0, 0, 0, 0, 0
0110010, 13.5114, 9.87068, 2.27149, 2.64673, 0.5, 0.026, 4, 4, 5, 0, 0, 0, 0, 0
1101101, 19.6477, 2.42767, 0.131373, 2.59912, 0.5, 0.026, 4, 4, 5, 0, 0, 0, 0, 0
0010011, 19.6771, 3.61515, 0.451334, 2.43712, 0.5, 0.026, 4, 4, 5, 0, 0, 0, 0, 0
0010111, 16.7337, 3.35044, 0.0949487, 2.51839, 0.5, 0.026, 4, 4, 5, 0, 0, 0, 0, 0
1110111, 17.4279, 1.49329, 0.0777601, 2.6483, 0.5, 0.026, 4, 4, 5, 0, 0, 0, 0, 0
1111101, 17.746, 0.575315, 0.0885208, 2.72026, 0.5, 0.026, 4, 4, 5, 0, 0, 0, 0, 0
1101110, 17.1034, 2.44993, 0.119077, 2.65115, 0.5, 0.026, 4, 4, 5, 0, 0, 0, 0, 0
0001101, 19.1822, 7.1347, -0.513502, 2.6434, 0.5, 0.026, 4, 4, 5, 0, 0, 0, 0, 0
0010101, 18.9574, 6.09289, -0.594373, 2.36785, 0.5, 0.026, 4, 4, 5, 0, 0, 0, 0, 0
0011001, 17.9609, 5.64833, 2.47841, 2.54194, 0.5, 0.026, 4, 4, 5, 0, 0, 0, 0, 0
0011010, 16.9012, 4.4716, 0.276834, 2.45296, 0.5, 0.026, 4, 4, 5, 0, 0, 0, 0, 0
0010110, 18.9393, 4.29668, 0.464794, 2.48841, 0.5, 0.026, 4, 4, 5, 0, 0, 0, 0, 0
0101011, 16.3683, 6.26598, 1.7321, 2.82127, 0.5, 0.026, 4, 4, 5, 0, 0, 0, 0, 0
0011000, 17.149, 7.58496, 2.30152, 2.42607, 0.5, 0.026, 4, 4, 5, 0, 0, 0, 0, 0
0000011, 19.3586, 11.5003, 2.88669e-05, 2.5048, 0.5, 0.026, 4, 4, 5, 0, 0, 0, 0, 0
0001110, 19.3, 8.15121, -0.534174, 2.56684, 0.5, 0.026, 4, 4, 5, 0, 0, 0, 0, 0
0001111, 17.0354, 9.03267, -0.604965, 2.50314, 0.5, 0.026, 4, 4, 5, 0, 0, 0, 0, 0
0100001, 18.8251, 10.4677, 2.95936, 2.64448, 0.5, 0.026, 4, 4, 5, 0, 0, 0, 0, 0
0100101, 18.6448, 9.52287, 2.95911, 2.69391, 0.5, 0.026, 4, 4, 5, 0, 0, 0, 0, 0
0100000, 16.8464, 11.5009, 3.1416, 2.55119, 0.5, 0.026, 4, 4, 5, 0, 0, 0, 0, 0
0100100, 16.3112, 10.4809, 2.94352, 2.59692, 0.5, 0.026, 4, 4, 5, 0, 0, 0, 0, 0
1110101, 22.5557, 1.43373, 0.0212495, 2.57846, 0.5, 0.026, 4, 4, 5, 0, 0, 0, 0, 0
1110110, 20.0085, 1.49083, 0.0944923, 2.58134, 0.5, 0.026, 4, 4, 5, 0, 0, 0, 0, 0
1111011, 23.0739, 0.498297, 0.000168258, 2.66466, 0.5, 0.026, 4, 4, 5, 0, 0, 0, 0, 0
0010010, 21.8039, 3.29447, 0.00238831, 2.5018, 0.5, 0.026, 4, 4, 5, 0, 0, 0, 0, 0
1101100, 22.1581, 2.3601, 0.0156189, 2.55671, 0.5, 0.026, 4, 4, 5, 0, 0, 0, 0, 0
1111100, 20.4186, 0.523876, 0.0283914, 2.74727, 0.5, 0.026, 4, 4, 5, 0, 0, 0, 0, 0
0010001, 23.1043, 4.21555, -0.114094, 2.40003, 0.5, 0.026, 4, 4, 5, 0, 0, 0, 0, 0
0100011, 22.6648, 7.57529, 1.78785, 2.6763, 0.5, 0.026, 4, 4, 5, 0, 0, 0, 0, 0
0100111, 21.4269, 6.73481, 2.45917, 2.62965, 0.5, 0.026, 4, 4, 5, 0, 0, 0, 0, 0
0000111, 23.4807, 6.02585, 0.582133, 2.72342, 0.5, 0.026, 4, 4, 5, 0, 0, 0, 0, 0
0010100, 20.8963, 4.73491, -0.724408, 2.47255, 0.5, 0.026, 4, 4, 5, 0, 0, 0, 0, 0
0001100, 21.2832, 5.63576, -0.702123, 2.57962, 0.5, 0.026, 4, 4, 5, 0, 0, 0, 0, 0
0000101, 23.2207, 9.00917, 2.31256, 2.65993, 0.5, 0.026, 4, 4, 5, 0, 0, 0, 0, 0
0100110, 20.9129, 8.3067, 2.59739, 2.62644, 0.5, 0.026, 4, 4, 5, 0, 0, 0, 0, 0
0001000, 23.6153, 9.95939, 2.32076, 2.69011, 0.5, 0.026, 4, 4, 5, 0, 0, 0, 0, 0
0000010, 21.8898, 11.5008, -7.50085e-06, 2.57988, 0.5, 0.026, 4, 4, 5, 0, 0, 0, 0, 0
0100010, 21.1135, 9.39966, 2.75645, 2.5708, 0.5, 0.026, 4, 4, 5, 0, 0, 0, 0, 0
0000100, 21.3148, 10.5128, 2.98743, 2.55879, 0.5, 0.026, 4, 4, 5, 0, 0, 0, 0, 0
1110100, 25.0726, 1.45559, 0.0948394, 2.47432, 0.5, 0.026, 4, 4, 5, 0, 0, 0, 0, 0
1111001, 27.6439, 1.47408, 0.109965, 2.55585, 0.5, 0.026, 4, 4, 5, 0, 0, 0, 0, 0
1110011, 24.6914, 2.35361, 0.121316, 2.60981, 0.5, 0.026, 4, 4, 5, 0, 0, 0, 0, 0
1101011, 24.3436, 3.26205, 0.132015, 2.68178, 0.5, 0.026, 4, 4, 5, 0, 0, 0, 0, 0
1111010, 25.7008, 0.497001, 9.84777e-05, 2.68528, 0.5, 0.026, 4, 4, 5, 0, 0, 0, 0, 0
1101010, 26.9319, 3.29268, 0.141565, 2.64826, 0.5, 0.026, 4, 4, 5, 0, 0, 0, 0, 0
1110010, 27.2583, 2.38667, 0.138419, 2.62413, 0.5, 0.026, 4, 4, 5, 0, 0, 0, 0, 0
0001011, 24.3741, 5.49499, 0.53568, 2.57459, 0.5, 0.026, 4, 4, 5, 0, 0, 0, 0, 0
1100101, 26.7191, 6.50818, 0.423948, 2.62676, 0.5, 0.026, 4, 4, 5, 0, 0, 0, 0, 0
0000110, 24.4919, 7.64748, 0.37769, 2.71894, 0.5, 0.026, 4, 4, 5, 0, 0, 0, 0, 0
0010000, 25.3671, 4.33446, -0.303717, 2.45356, 0.5, 0.026, 4, 4, 5, 0, 0, 0, 0, 0
0001010, 25.8024, 7.14594, 0.375998, 2.50764, 0.5, 0.026, 4, 4, 5, 0, 0, 0, 0, 0
1100110, 26.5284, 4.86396, 2.69251, 2.69135, 0.5, 0.026, 4, 4, 5, 0, 0, 0, 0, 0
1010100, 27.9002, 5.41337, 2.86211, 2.56248, 0.5, 0.026, 4, 4, 5, 0, 0, 0, 0, 0
1000001, 26.9105, 11.5004, 3.14158, 2.55593, 0.5, 0.026, 4, 4, 5, 0, 0, 0, 0, 0
0000001, 25.0643, 10.5858, 0.00647546, 2.50886, 0.5, 0.026, 4, 4, 5, 0, 0, 0, 0, 0
0001001, 25.8754, 8.73396, 2.72489, 2.63764, 0.5, 0.026, 4, 4, 5, 0, 0, 0, 0, 0
1100011, 26.7794, 9.35605, -0.414666, 2.63248, 0.5, 0.026, 4, 4, 5, 0, 0, 0, 0, 0
0000000, 27.5791, 10.5093, 0.0906395, 2.62074, 0.5, 0.026, 4, 4, 5, 0, 0, 0, 0, 0
1000000, 24.4055, 11.5023, 3.14163, 2.49546, 0.5, 0.026, 4, 4, 5, 0, 0, 0, 0, 0
1011111, 28.2708, 0.499295, 8.99561e-06, 2.5328, 0.5, 0.026, 4, 4, 5, 0, 0, 0, 0, 0
1101001, 29.5068, 3.27346, 0.029088, 2.63418, 0.5, 0.026, 4, 4, 5, 0, 0, 0, 0, 0
1111000, 30.1714, 1.43294, 0.0350162, 2.54996, 0.5, 0.026, 4, 4, 5, 0, 0, 0, 0, 0
1011110, 30.7226, 0.499613, -2.64053e-05, 2.43903, 0.5, 0.026, 4, 4, 5, 0, 0, 0, 0, 0
1110001, 29.9311, 2.35405, 0.0637861, 2.77987, 0.5, 0.026, 4, 4, 5, 0, 0, 0, 0, 0
1101000, 31.7998, 4.14037, 0.903202, 2.72595, 0.5, 0.026, 4, 4, 5, 0, 0, 0, 0, 0
1010011, 28.612, 6.99059, 1.09531, 2.56404, 0.5, 0.026, 4, 4, 5, 0, 0, 0, 0, 0
1100111, 29.0681, 4.23202, 3.13254, 2.66089, 0.5, 0.026, 4, 4, 5, 0, 0, 0, 0, 0
1010101, 30.4288, 5.0768, 2.93385, 2.44125, 0.5, 0.026, 4, 4, 5, 0, 0, 0, 0, 0
1001011, 29.5457, 6.73267, 1.09133, 2.53474, 0.5, 0.026, 4, 4, 5, 0, 0, 0, 0, 0
1010110, 31.0821, 5.87081, 2.88703, 2.63364, 0.5, 0.026, 4, 4, 5, 0, 0, 0, 0, 0
1001100, 31.5036, 6.73825, 2.89764, 2.55208, 0.5, 0.026, 4, 4, 5, 0, 0, 0, 0, 0
1100100, 28.0582, 8.23171, 0.575182, 2.57336, 0.5, 0.026, 4, 4, 5, 0, 0, 0, 0, 0
1001010, 31.5086, 8.21755, 0.440411, 2.59814, 0.5, 0.026, 4, 4, 5, 0, 0, 0, 0, 0
1100010, 29.1444, 9.61451, -0.00463494, 2.70987, 0.5, 0.026, 4, 4, 5, 0, 0, 0, 0, 0
1010010, 30.3791, 8.73487, 0.46067, 2.63774, 0.5, 0.026, 4, 4, 5, 0, 0, 0, 0, 0
1100001, 30.1535, 10.5536, -0.0512936, 2.57937, 0.5, 0.026, 4, 4, 5, 0, 0, 0, 0, 0
1000010, 29.5103, 11.5014, 3.14167, 2.69674, 0.5, 0.026, 4, 4, 5, 0, 0, 0, 0, 0
1011101, 32.4913, 1.87946, 0.752109, 2.54374, 0.5, 0.026, 4, 4, 5, 0, 0, 0, 0, 0
1110000, 32.2802, 3.20207, 0.925755, 2.64526, 0.5, 0.026, 4, 4, 5, 0, 0, 0, 0, 0
1011011, 33.2111, 0.499861, -2.47788e-05, 2.58497, 0.5, 0.026, 4, 4, 5, 0, 0, 0, 0, 0
1011001, 34.0822, 1.92536, 0.647938, 2.49748, 0.5, 0.026, 4, 4, 5, 0, 0, 0, 0, 0
1011100, 34.2858, 3.32811, 0.0945296, 2.49079, 0.5, 0.026, 4, 4, 5, 0, 0, 0, 0, 0
1011010, 35.8362, 0.521949, 0.0257644, 2.704, 0.5, 0.026, 4, 4, 5, 0, 0, 0, 0, 0
1011000, 35.789, 2.57162, 1.24566, 2.58971, 0.5, 0.026, 4, 4, 5, 0, 0, 0, 0, 0
1001001, 33.081, 7.96856, 0.616531, 2.57843, 0.5, 0.026, 4, 4, 5, 0, 0, 0, 0, 0
1001000, 34.8128, 7.31833, -0.234399, 2.46331, 0.5, 0.026, 4, 4, 5, 0, 0, 0, 0, 0
1001111, 35.9269, 4.71433, 2.43205, 2.62634, 0.5, 0.026, 4, 4, 5, 0, 0, 0, 0, 0
1010111, 34.058, 4.52217, 2.93302, 2.54478, 0.5, 0.026, 4, 4, 5, 0, 0, 0, 0, 0
1001101, 33.9885, 6.57923, 2.82958, 2.65381, 0.5, 0.026, 4, 4, 5, 0, 0, 0, 0, 0
1001110, 33.6009, 5.6128, 2.91888, 2.51395, 0.5, 0.026, 4, 4, 5, 0, 0, 0, 0, 0
1000011, 32.1166, 11.5003, 3.14157, 2.58034, 0.5, 0.026, 4, 4, 5, 0, 0, 0, 0, 0
1010001, 32.6801, 9.4734, -0.146819, 2.50118, 0.5, 0.026, 4, 4, 5, 0, 0, 0, 0, 0
1100000, 32.7462, 10.4883, -0.0662401, 2.64263, 0.5, 0.026, 4, 4, 5, 0, 0, 0, 0, 0
1010000, 34.5568, 9.05073, -1.23725, 2.5181, 0.5, 0.026, 4, 4, 5, 0, 0, 0, 0, 0
1000100, 34.4593, 10.959, 2.38891, 2.58283, 0.5, 0.026, 4, 4, 5, 0, 0, 0, 0, 0
1000101, 35.7072, 8.81618, 1.80579, 2.55064, 0.5, 0.026, 4, 4, 5, 0, 0, 0, 0, 0
1000110, 35.8755, 10.9675, 2.39676, 2.57121, 0.5, 0.026, 4, 4, 5, 0, 0, 0, 0, 0
1000111, 36.7491, 8.69902, 1.80757, 2.54303, 0.5, 0.026, 4, 4, 5, 0, 0, 0, 0, 0

0111110, 7.84483, 3.36234, -0.704272, 3.01179, 0.5, 0.026, 4, 4, 5, 0, 0, 0, 0, 0
0111111, 6.30415, 2.08282, 0.605856, 3.05535, 0.5, 0.026, 4, 4, 5, 0, 0, 0, 0, 0
0011111, 5.47698, 0.500001, 7.40089e-08, 2.83898, 0.5, 0.026, 4, 4, 5, 0, 0, 0, 0, 0
0111100, 7.53138, 8.03437, 2.08753, 3.0321, 0.5, 0.026, 4, 4, 5, 0, 0, 0, 0, 0
0101101, 11.3514, 3.80737, 0.32629, 2.98053, 0.5, 0.026, 4, 4, 5, 0, 0, 0, 0, 0
1111111, 11.0925, 0.650171, 0.15446, 2.95808, 0.5, 0.026, 4, 4, 5, 0, 0, 0, 0, 0
0011101, 10.9401, 1.6066, 0.16163, 2.96336, 0.5, 0.026, 4, 4, 5, 0, 0, 0, 0, 0
0101110, 10.9472, 2.70534, 0.275249, 3.11768, 0.5, 0.026, 4, 4, 5, 0, 0, 0, 0, 0
0011110, 8.29319, 0.665497, 0.177785, 2.87252, 0.5, 0.026, 4, 4, 5, 0, 0, 0, 0, 0
0101111, 8.08248, 1.62001, 0.180267, 2.99708, 0.5, 0.026, 4, 4, 5, 0, 0, 0, 0, 0
0110011, 11.7657, 7.80607, 1.73596, 2.93476, 0.5, 0.026, 4, 4, 5, 0, 0, 0, 0, 0
0110101, 11.3578, 4.79802, 0.312101, 3.06501, 0.5, 0.026, 4, 4, 5, 0, 0, 0, 0, 0
0111010, 10.858, 6.50459, -0.707561, 2.89147, 0.5, 0.026, 4, 4, 5, 0, 0, 0, 0, 0
0110110, 9.7576, 6.28303, 2.35966, 3.09632, 0.5, 0.026, 4, 4, 5, 0, 0, 0, 0, 0
0110111, 9.39938, 4.28507, 1.60383, 3.07067, 0.5, 0.026, 4, 4, 5, 0, 0, 0, 0, 0
0111101, 8.41284, 5.18743, 1.59058, 3.09934, 0.5, 0.026, 4, 4, 5, 0, 0, 0, 0, 0
0110010, 11.9785, 9.71864, 2.40195, 3.01417, 0.5, 0.026, 4, 4, 5, 0, 0, 0, 0, 0
0111001, 10.638, 8.80818, 1.72147, 2.95795, 0.5, 0.026, 4, 4, 5, 0, 0, 0, 0, 0
0110001, 10.26, 10.9368, 0.590105, 3.02418, 0.5, 0.026, 4, 4, 5, 0, 0, 0, 0, 0
0111000, 8.80427, 9.60458, 2.53745, 2.98549, 0.5, 0.026, 4, 4, 5, 0, 0, 0, 0, 0
0111011, 8.81435, 8.43927, -0.679651, 2.79772, 0.5, 0.026, 4, 4, 5, 0, 0, 0, 0, 0
1111110, 13.9783, 0.609835, 0.110574, 3.01224, 0.5, 0.026, 4, 4, 5, 0, 0, 0, 0, 0
1101111, 13.779, 1.52208, 0.107297, 2.94831, 0.5, 0.026, 4, 4, 5, 0, 0, 0, 0, 0
0011011, 13.7711, 3.67152, 0.312803, 2.87276, 0.5, 0.026, 4, 4, 5, 0, 0, 0, 0, 0
0011100, 13.6138, 2.59267, 0.252879, 2.92218, 0.5, 0.026, 4, 4, 5, 0, 0, 0, 0, 0
0101011, 15.661, 6.40882, 2.07956, 3.21294, 0.5, 0.026, 4, 4, 5, 0, 0, 0, 0, 0
0101010, 14.328, 7.93893, 1.14773, 3.14108, 0.5, 0.026, 4, 4, 5, 0, 0, 0, 0, 0
0101100, 14.0951, 4.8277, 0.25236, 2.88886, 0.5, 0.026, 4, 4, 5, 0, 0, 0, 0, 0
0101001, 13.3025, 7.96203, 1.1392, 3.09863, 0.5, 0.026, 4, 4, 5, 0, 0, 0, 0, 0
0110100, 13.6619, 6.0188, -0.0259754, 3.21613, 0.5, 0.026, 4, 4, 5, 0, 0, 0, 0, 0
0100100, 15.4748, 10.558, 3.07399, 2.95745, 0.5, 0.026, 4, 4, 5, 0, 0, 0, 0, 0
0101000, 13.3615, 10.1371, 2.70567, 3.01092, 0.5, 0.026, 4, 4, 5, 0, 0, 0, 0, 0
0110000, 13.0897, 11.5018, -4.49576e-05, 3.02358, 0.5, 0.026, 4, 4, 5, 0, 0, 0, 0, 0
1110110, 19.6466, 1.48137, 0.0718607, 2.93971, 0.5, 0.026, 4, 4, 5, 0, 0, 0, 0, 0
1101101, 19.2428, 2.38344, 0.0756906, 2.95995, 0.5, 0.026, 4, 4, 5, 0, 0, 0, 0, 0
0010011, 19.0214, 3.28574, 0.058478, 2.77546, 0.5, 0.026, 4, 4, 5, 0, 0, 0, 0, 0
0010111, 16.3117, 3.44462, 0.151244, 2.86801, 0.5, 0.026, 4, 4, 5, 0, 0, 0, 0, 0
1110111, 16.7028, 1.47545, 0.0441245, 3.01596, 0.5, 0.026, 4, 4, 5, 0, 0, 0, 0, 0
1111101, 16.9515, 0.554366, 0.0528486, 3.09791, 0.5, 0.026, 4, 4, 5, 0, 0, 0, 0, 0
1101110, 16.3742, 2.49336, 0.144691, 3.0192, 0.5, 0.026, 4, 4, 5, 0, 0, 0, 0, 0
0001101, 18.4735, 7.27706, -0.440701, 3.01038, 0.5, 0.026, 4, 4, 5, 0, 0, 0, 0, 0
0010101, 18.4177, 6.30759, -0.51649, 2.69657, 0.5, 0.026, 4, 4, 5, 0, 0, 0, 0, 0
0011001, 17.7505, 5.62347, 2.59784, 2.89483, 0.5, 0.026, 4, 4, 5, 0, 0, 0, 0, 0
0011010, 16.4424, 4.52221, 0.263275, 2.7935, 0.5, 0.026, 4, 4, 5, 0, 0, 0, 0, 0
0010110, 18.9544, 4.19851, 0.0588285, 2.83387, 0.5, 0.026, 4, 4, 5, 0, 0, 0, 0, 0
0011000, 16.1664, 7.69636, 2.36306, 2.76288, 0.5, 0.026, 4, 4, 5, 0, 0, 0, 0, 0
0000011, 18.8894, 11.5002, -9.85471e-05, 2.85254, 0.5, 0.026, 4, 4, 5, 0, 0, 0, 0, 0
0001110, 18.7418, 8.19341, -0.447964, 2.92319, 0.5, 0.026, 4, 4, 5, 0, 0, 0, 0, 0
0001111, 16.1935, 9.01077, -0.681554, 2.85065, 0.5, 0.026, 4, 4, 5, 0, 0, 0, 0, 0
0100001, 18.4053, 10.5667, 3.10106, 3.01161, 0.5, 0.026, 4, 4, 5, 0, 0, 0, 0, 0
0100101, 17.9658, 9.58699, 3.07805, 3.0679, 0.5, 0.026, 4, 4, 5, 0, 0, 0, 0, 0
0100000, 16.0369, 11.5026, 3.1415, 2.90537, 0.5, 0.026, 4, 4, 5, 0, 0, 0, 0, 0
1110101, 22.5493, 1.42265, -0.0200765, 2.93642, 0.5, 0.026, 4, 4, 5, 0, 0, 0, 0, 0
1111011, 23.0173, 0.500615, 0.00191942, 3.03459, 0.5, 0.026, 4, 4, 5, 0, 0, 0, 0, 0
0010010, 21.7824, 3.31561, -0.0391463, 2.84912, 0.5, 0.026, 4, 4, 5, 0, 0, 0, 0, 0
1101100, 22.1105, 2.36596, -0.0263989, 2.91166, 0.5, 0.026, 4, 4, 5, 0, 0, 0, 0, 0
1111100, 20.0006, 0.553581, 0.0520165, 3.12867, 0.5, 0.026, 4, 4, 5, 0, 0, 0, 0, 0
0010001, 23.2228, 4.18248, -0.165618, 2.73323, 0.5, 0.026, 4, 4, 5, 0, 0, 0, 0, 0
0100011, 22.5874, 7.43719, 1.94072, 3.04785, 0.5, 0.026, 4, 4, 5, 0, 0, 0, 0, 0
0100111, 21.2583, 6.69763, 2.53053, 2.99472, 0.5, 0.026, 4, 4, 5, 0, 0, 0, 0, 0
0000111, 23.6346, 5.76428, 0.505188, 3.10151, 0.5, 0.026, 4, 4, 5, 0, 0, 0, 0, 0
0010100, 20.6773, 4.82485, -0.642259, 2.81581, 0.5, 0.026, 4, 4, 5, 0, 0, 0, 0, 0
0001100, 20.9736, 5.74828, -0.620858, 2.93774, 0.5, 0.026, 4, 4, 5, 0, 0, 0, 0, 0
0000101, 23.0827, 8.79657, 2.00318, 3.0292, 0.5, 0.026, 4, 4, 5, 0, 0, 0, 0, 0
0100110, 20.5461, 8.32278, 2.62626, 2.99106, 0.5, 0.026, 4, 4, 5, 0, 0, 0, 0, 0
0001000, 23.6988, 9.67808, 2.01282, 3.06357, 0.5, 0.026, 4, 4, 5, 0, 0, 0, 0, 0
0000010, 21.7559, 11.5023, -3.82324e-06, 2.93804, 0.5, 0.026, 4, 4, 5, 0, 0, 0, 0, 0
0100010, 20.8764, 9.48924, 2.90098, 2.9277, 0.5, 0.026, 4, 4, 5, 0, 0, 0, 0, 0
0000100, 21.3304, 10.5874, 3.14736, 2.91402, 0.5, 0.026, 4, 4, 5, 0, 0, 0, 0, 0
1110100, 25.3997, 1.4508, 0.068844, 2.81783, 0.5, 0.026, 4, 4, 5, 0, 0, 0, 0, 0
1110011, 24.9847, 2.34978, 0.0984638, 2.97212, 0.5, 0.026, 4, 4, 5, 0, 0, 0, 0, 0
1101011, 24.667, 3.23728, 0.1084, 3.05408, 0.5, 0.026, 4, 4, 5, 0, 0, 0, 0, 0
1111010, 26.0077, 0.49593, 3.45294e-06, 3.05808, 0.5, 0.026, 4, 4, 5, 0, 0, 0, 0, 0
1101010, 27.6423, 3.29754, 0.0888182, 3.01591, 0.5, 0.026, 4, 4, 5, 0, 0, 0, 0, 0
1110010, 27.8813, 2.38945, 0.0864521, 2.98843, 0.5, 0.026, 4, 4, 5, 0, 0, 0, 0, 0
0001011, 24.9231, 5.39885, 0.412448, 2.93202, 0.5, 0.026, 4, 4, 5, 0, 0, 0, 0, 0
1100101, 27.5449, 6.71814, 0.522927, 2.99143, 0.5, 0.026, 4, 4, 5, 0, 0, 0, 0, 0
0000110, 24.7368, 7.40995, 0.448093, 3.0964, 0.5, 0.026, 4, 4, 5, 0, 0, 0, 0, 0
0010000, 25.8748, 4.27177, -0.132834, 2.79418, 0.5, 0.026, 4, 4, 5, 0, 0, 0, 0, 0
0001010, 26.2505, 7.08272, 0.448899, 2.85577, 0.5, 0.026, 4, 4, 5, 0, 0, 0, 0, 0
1100110, 27.5455, 4.79821, 2.6872, 3.06499, 0.5, 0.026, 4, 4, 5, 0, 0, 0, 0, 0
1000001, 27.4704, 11.5008, 3.14161, 2.91076, 0.5, 0.026, 4, 4, 5, 0, 0, 0, 0, 0
0000001, 25.2495, 10.5788, 0.0248954, 2.85716, 0.5, 0.026, 4, 4, 5, 0, 0, 0, 0, 0
0001001, 26.0237, 8.73652, 2.8548, 3.00382, 0.5, 0.026, 4, 4, 5, 0, 0, 0, 0, 0
1100011, 27.0117, 9.3988, -0.284245, 2.99794, 0.5, 0.026, 4, 4, 5, 0, 0, 0, 0, 0
1000000, 24.6177, 11.5024, 3.14164, 2.8419, 0.5, 0.026, 4, 4, 5, 0, 0, 0, 0, 0
1111001, 28.2398, 1.43325, 0.0209695, 2.91068, 0.5, 0.026, 4, 4, 5, 0, 0, 0, 0, 0
1011111, 28.929, 0.496998, 9.87222e-05, 2.88443, 0.5, 0.026, 4, 4, 5, 0, 0, 0, 0, 0
1101001, 30.5862, 3.18368, 0.0593724, 2.99988, 0.5, 0.026, 4, 4, 5, 0, 0, 0, 0, 0
1111000, 31.1867, 1.41495, 0.0387505, 2.90397, 0.5, 0.026, 4, 4, 5, 0, 0, 0, 0, 0
1011110, 31.7255, 0.498762, -7.04733e-05, 2.77764, 0.5, 0.026, 4, 4, 5, 0, 0, 0, 0, 0
1110001, 30.8606, 2.29551, 0.0777028, 3.16579, 0.5, 0.026, 4, 4, 5, 0, 0, 0, 0, 0
1010100, 28.5969, 5.33582, 2.74601, 2.91823, 0.5, 0.026, 4, 4, 5, 0, 0, 0, 0, 0
1010011, 29.4203, 7.01067, 0.989513, 2.92, 0.5, 0.026, 4, 4, 5, 0, 0, 0, 0, 0
1100111, 30.4095, 4.08214, 3.2028, 3.03029, 0.5, 0.026, 4, 4, 5, 0, 0, 0, 0, 0
1010101, 31.4247, 5.09698, 2.9903, 2.78017, 0.5, 0.026, 4, 4, 5, 0, 0, 0, 0, 0
1001011, 30.3179, 6.67084, 0.985608, 2.88664, 0.5, 0.026, 4, 4, 5, 0, 0, 0, 0, 0
0000000, 28.0927, 10.4964, 0.104103, 2.98457, 0.5, 0.026, 4, 4, 5, 0, 0, 0, 0, 0
1100100, 28.7736, 8.37792, 0.349507, 2.93062, 0.5, 0.026, 4, 4, 5, 0, 0, 0, 0, 0
1100010, 29.8349, 9.63768, 0.0122589, 3.08608, 0.5, 0.026, 4, 4, 5, 0, 0, 0, 0, 0
1010010, 31.5303, 8.90954, 0.453421, 3.00393, 0.5, 0.026, 4, 4, 5, 0, 0, 0, 0, 0
1100001, 31.0135, 10.5772, -0.0435895, 2.93746, 0.5, 0.026, 4, 4, 5, 0, 0, 0, 0, 0
1000010, 30.4346, 11.5027, 3.14161, 3.07112, 0.5, 0.026, 4, 4, 5, 0, 0, 0, 0, 0
1011101, 33.7063, 2.09725, 0.893519, 2.89689, 0.5, 0.026, 4, 4, 5, 0, 0, 0, 0, 0
1110000, 33.5287, 3.31864, 0.841464, 3.0125, 0.5, 0.026, 4, 4, 5, 0, 0, 0, 0, 0
1011011, 34.558, 0.499628, -1.24804e-05, 2.94384, 0.5, 0.026, 4, 4, 5, 0, 0, 0, 0, 0
1011001, 35.2752, 1.81787, 0.397274, 2.8442, 0.5, 0.026, 4, 4, 5, 0, 0, 0, 0, 0
1011100, 35.8959, 3.25466, -0.288758, 2.83658, 0.5, 0.026, 4, 4, 5, 0, 0, 0, 0, 0
1010110, 32.0946, 5.90016, 2.92536, 2.99927, 0.5, 0.026, 4, 4, 5, 0, 0, 0, 0, 0
1001100, 32.5963, 6.76114, 2.94106, 2.90638, 0.5, 0.026, 4, 4, 5, 0, 0, 0, 0, 0
1101000, 33.1952, 4.38587, 0.815582, 3.10439, 0.5, 0.026, 4, 4, 5, 0, 0, 0, 0, 0
1010111, 35.7139, 4.41928, 2.75378, 2.89807, 0.5, 0.026, 4, 4, 5, 0, 0, 0, 0, 0
1001101, 35.3598, 6.60369, 2.75409, 3.02223, 0.5, 0.026, 4, 4, 5, 0, 0, 0, 0, 0
1001110, 35.2003, 5.66026, 2.73496, 2.86295, 0.5, 0.026, 4, 4, 5, 0, 0, 0, 0, 0
1001010, 32.5934, 8.29893, 0.402057, 2.95884, 0.5, 0.026, 4, 4, 5, 0, 0, 0, 0, 0
1001001, 34.3396, 8.10196, 0.587182, 2.93639, 0.5, 0.026, 4, 4, 5, 0, 0, 0, 0, 0
1000011, 33.4079, 11.5007, 3.14168, 2.93856, 0.5, 0.026, 4, 4, 5, 0, 0, 0, 0, 0
1010001, 34.26, 9.62586, -0.00502558, 2.84842, 0.5, 0.026, 4, 4, 5, 0, 0, 0, 0, 0
1100000, 33.9586, 10.5747, 0.0207458, 3.00951, 0.5, 0.026, 4, 4, 5, 0, 0, 0, 0, 0
1011000, 37.505, 2.15343, 0.770011, 2.94924, 0.5, 0.026, 4, 4, 5, 0, 0, 0, 0, 0
1011010, 37.5469, 0.499948, 9.30943e-07, 3.07939, 0.5, 0.026, 4, 4, 5, 0, 0, 0, 0, 0
1001000, 36.1448, 7.27898, -0.325111, 2.80528, 0.5, 0.026, 4, 4, 5, 0, 0, 0, 0, 0
1001111, 37.4129, 4.65033, 1.96885, 2.99095, 0.5, 0.026, 4, 4, 5, 0, 0, 0, 0, 0
1000100, 36.1977, 11.0142, 2.61734, 2.9414, 0.5, 0.026, 4, 4, 5, 0, 0, 0, 0, 0
1010000, 36.3171, 9.06729, -1.31418, 2.86769, 0.5, 0.026, 4, 4, 5, 0, 0, 0, 0, 0
1000101, 37.4239, 8.63994, 1.81349, 2.90474, 0.5, 0.026, 4, 4, 5, 0, 0, 0, 0, 0
1000110, 38.1132, 11.0275, 2.62912, 2.92817, 0.5, 0.026, 4, 4, 5, 0, 0, 0, 0, 0
1000111, 38.3505, 8.96044, 1.81305, 2.89608, 0.5, 0.026, 4, 4, 5, 0, 0, 0, 0, 0

0011111, 3.14158, 0.500007, 5.8811e-06, 3.23311, 0.5, 0.026, 4, 4, 5, 0, 0, 0, 0, 0
0011110, 6.32503, 0.797912, 0.265574, 3.2713, 0.5, 0.026, 4, 4, 5, 0, 0, 0, 0, 0
0101111, 6.30136, 1.77736, 0.251095, 3.41316, 0.5, 0.026, 4, 4, 5, 0, 0, 0, 0, 0
0111110, 5.85316, 3.75513, -0.78836, 3.42991, 0.5, 0.026, 4, 4, 5, 0, 0, 0, 0, 0
0111111, 4.36659, 2.15296, 0.554426, 3.47951, 0.5, 0.026, 4, 4, 5, 0, 0, 0, 0, 0
0110111, 7.65312, 4.43415, 1.5687, 3.49696, 0.5, 0.026, 4, 4, 5, 0, 0, 0, 0, 0
0111101, 6.70856, 5.55289, 1.55363, 3.52962, 0.5, 0.026, 4, 4, 5, 0, 0, 0, 0, 0
0111011, 7.31891, 8.92073, -0.6347, 3.18613, 0.5, 0.026, 4, 4, 5, 0, 0, 0, 0, 0
0111000, 7.00755, 10.2173, 2.60669, 3.39996, 0.5, 0.026, 4, 4, 5, 0, 0, 0, 0, 0
0111100, 5.81135, 8.76111, 2.22249, 3.45304, 0.5, 0.026, 4, 4, 5, 0, 0, 0, 0, 0
0101101, 9.80401, 3.70917, 0.219701, 3.39431, 0.5, 0.026, 4, 4, 5, 0, 0, 0, 0, 0
1111111, 9.33005, 0.755451, 0.21766, 3.36874, 0.5, 0.026, 4, 4, 5, 0, 0, 0, 0, 0
0011101, 9.45613, 1.76513, 0.21674, 3.37476, 0.5, 0.026, 4, 4, 5, 0, 0, 0, 0, 0
0101110, 9.59222, 2.74863, 0.191369, 3.5505, 0.5, 0.026, 4, 4, 5, 0, 0, 0, 0, 0
0110101, 9.85577, 4.65933, 0.208906, 3.49052, 0.5, 0.026, 4, 4, 5, 0, 0, 0, 0, 0
0111010, 9.38603, 6.54392, -0.827313, 3.29289, 0.5, 0.026, 4, 4, 5, 0, 0, 0, 0, 0
0110110, 8.2654, 6.4668, 2.24244, 3.52618, 0.5, 0.026, 4, 4, 5, 0, 0, 0, 0, 0
0110000, 11.7364, 11.5015, -3.25937e-05, 3.44334, 0.5, 0.026, 4, 4, 5, 0, 0, 0, 0, 0
0110011, 10.2052, 8.00764, 1.7234, 3.34219, 0.5, 0.026, 4, 4, 5, 0, 0, 0, 0, 0
0110010, 10.7821, 9.74254, 2.40015, 3.43263, 0.5, 0.026, 4, 4, 5, 0, 0, 0, 0, 0
0111001, 9.05999, 9.30429, 1.70628, 3.36859, 0.5, 0.026, 4, 4, 5, 0, 0, 0, 0, 0
0110001, 8.32004, 11.4115, 0.0724758, 3.44402, 0.5, 0.026, 4, 4, 5, 0, 0, 0, 0, 0
1111101, 15.9311, 0.497808, 5.70818e-05, 3.52798, 0.5, 0.026, 4, 4, 5, 0, 0, 0, 0, 0
1110111, 15.9004, 1.41444, -0.00116518, 3.43466, 0.5, 0.026, 4, 4, 5, 0, 0, 0, 0, 0
0010111, 15.7593, 3.5089, 0.216313, 3.26617, 0.5, 0.026, 4, 4, 5, 0, 0, 0, 0, 0
1101110, 15.4493, 2.5011, 0.176869, 3.43835, 0.5, 0.026, 4, 4, 5, 0, 0, 0, 0, 0
1111110, 12.5036, 0.497281, 6.69621e-05, 3.43042, 0.5, 0.026, 4, 4, 5, 0, 0, 0, 0, 0
1101111, 12.5527, 1.4238, 0.00175857, 3.35762, 0.5, 0.026, 4, 4, 5, 0, 0, 0, 0, 0
0011011, 12.8127, 3.76459, 0.3351, 3.27158, 0.5, 0.026, 4, 4, 5, 0, 0, 0, 0, 0
0011100, 12.6338, 2.72071, 0.321819, 3.32786, 0.5, 0.026, 4, 4, 5, 0, 0, 0, 0, 0
0011010, 15.9117, 4.45436, 0.231679, 3.18132, 0.5, 0.026, 4, 4, 5, 0, 0, 0, 0, 0
0011000, 15.3542, 7.25844, 2.18747, 3.14645, 0.5, 0.026, 4, 4, 5, 0, 0, 0, 0, 0
0101011, 14.9811, 6.39249, 2.30111, 3.65899, 0.5, 0.026, 4, 4, 5, 0, 0, 0, 0, 0
0101010, 13.2926, 7.8658, 0.909576, 3.57715, 0.5, 0.026, 4, 4, 5, 0, 0, 0, 0, 0
0101100, 13.3405, 5.07371, 0.0303289, 3.28991, 0.5, 0.026, 4, 4, 5, 0, 0, 0, 0, 0
0101001, 12.083, 7.83148, 0.924482, 3.52881, 0.5, 0.026, 4, 4, 5, 0, 0, 0, 0, 0
0110100, 12.6872, 5.9305, 0.0799545, 3.66262, 0.5, 0.026, 4, 4, 5, 0, 0, 0, 0, 0
0001111, 15.3658, 8.79705, -0.894807, 3.2464, 0.5, 0.026, 4, 4, 5, 0, 0, 0, 0, 0
0100000, 15.082, 11.5073, 3.1417, 3.30872, 0.5, 0.026, 4, 4, 5, 0, 0, 0, 0, 0
0100100, 14.5981, 10.6196, 3.1278, 3.36803, 0.5, 0.026, 4, 4, 5, 0, 0, 0, 0, 0
0101000, 12.3708, 10.0836, 2.73191, 3.42892, 0.5, 0.026, 4, 4, 5, 0, 0, 0, 0, 0
1111100, 19.4194, 0.494757, 9.36674e-05, 3.56302, 0.5, 0.026, 4, 4, 5, 0, 0, 0, 0, 0
1110110, 19.237, 1.36859, -0.0190353, 3.34782, 0.5, 0.026, 4, 4, 5, 0, 0, 0, 0, 0
1101101, 18.6949, 2.27488, -0.0126671, 3.37088, 0.5, 0.026, 4, 4, 5, 0, 0, 0, 0, 0
0010011, 18.6504, 3.16134, -0.018785, 3.16077, 0.5, 0.026, 4, 4, 5, 0, 0, 0, 0, 0
0001101, 18.1071, 7.2115, -0.337638, 3.42831, 0.5, 0.026, 4, 4, 5, 0, 0, 0, 0, 0
0010101, 17.9249, 6.32537, -0.360894, 3.07093, 0.5, 0.026, 4, 4, 5, 0, 0, 0, 0, 0
0011001, 17.8216, 5.40713, 2.80542, 3.29672, 0.5, 0.026, 4, 4, 5, 0, 0, 0, 0, 0
0010110, 18.8886, 4.097, -0.0257766, 3.22729, 0.5, 0.026, 4, 4, 5, 0, 0, 0, 0, 0
0000011, 18.3292, 11.503, 0.000154214, 3.24855, 0.5, 0.026, 4, 4, 5, 0, 0, 0, 0, 0
0001110, 17.8814, 8.27003, -0.363805, 3.32902, 0.5, 0.026, 4, 4, 5, 0, 0, 0, 0, 0
0100001, 17.9459, 10.6316, 3.11059, 3.42971, 0.5, 0.026, 4, 4, 5, 0, 0, 0, 0, 0
0100101, 17.1441, 9.6577, 3.14345, 3.49381, 0.5, 0.026, 4, 4, 5, 0, 0, 0, 0, 0
1110101, 22.5215, 1.40902, -0.0183127, 3.34408, 0.5, 0.026, 4, 4, 5, 0, 0, 0, 0, 0
1111011, 22.8697, 0.497007, 1.96502e-05, 3.45588, 0.5, 0.026, 4, 4, 5, 0, 0, 0, 0, 0
0010010, 21.7473, 3.28748, -0.0344446, 3.24465, 0.5, 0.026, 4, 4, 5, 0, 0, 0, 0, 0
1101100, 21.9826, 2.35205, -0.0255206, 3.31588, 0.5, 0.026, 4, 4, 5, 0, 0, 0, 0, 0
0010001, 23.6347, 4.069, -0.174727, 3.11267, 0.5, 0.026, 4, 4, 5, 0, 0, 0, 0, 0
0100011, 22.507, 7.34762, 1.9667, 3.47098, 0.5, 0.026, 4, 4, 5, 0, 0, 0, 0, 0
0100111, 20.9169, 6.88642, 2.5905, 3.41047, 0.5, 0.026, 4, 4, 5, 0, 0, 0, 0, 0
0010100, 20.6741, 4.84852, -0.582406, 3.20672, 0.5, 0.026, 4, 4, 5, 0, 0, 0, 0, 0
0001100, 21.062, 5.69852, -0.573158, 3.34559, 0.5, 0.026, 4, 4, 5, 0, 0, 0, 0, 0
0000101, 23.0125, 8.56317, 1.95819, 3.44974, 0.5, 0.026, 4, 4, 5, 0, 0, 0, 0, 0
0100110, 20.0575, 8.45473, 2.79115, 3.40631, 0.5, 0.026, 4, 4, 5, 0, 0, 0, 0, 0
0001000, 23.797, 9.07396, 1.96115, 3.48888, 0.5, 0.026, 4, 4, 5, 0, 0, 0, 0, 0
0000010, 21.5906, 11.5036, -9.08187e-06, 3.34593, 0.5, 0.026, 4, 4, 5, 0, 0, 0, 0, 0
0100010, 20.5143, 9.53413, 3.00376, 3.33415, 0.5, 0.026, 4, 4, 5, 0, 0, 0, 0, 0
0000100, 21.2755, 10.5952, 3.1459, 3.31857, 0.5, 0.026, 4, 4, 5, 0, 0, 0, 0, 0
1110100, 25.7552, 1.42638, 0.0429547, 3.20902, 0.5, 0.026, 4, 4, 5, 0, 0, 0, 0, 0
1110011, 25.2789, 2.34074, 0.0772089, 3.38473, 0.5, 0.026, 4, 4, 5, 0, 0, 0, 0, 0
1101011, 25.0037, 3.21101, 0.0860678, 3.47808, 0.5, 0.026, 4, 4, 5, 0, 0, 0, 0, 0
1111010, 26.2796, 0.493179, 0.000173252, 3.48262, 0.5, 0.026, 4, 4, 5, 0, 0, 0, 0, 0
0000111, 24.1243, 5.71833, 0.475012, 3.5321, 0.5, 0.026, 4, 4, 5, 0, 0, 0, 0, 0
0001011, 25.4122, 5.3332, 0.384846, 3.33907, 0.5, 0.026, 4, 4, 5, 0, 0, 0, 0, 0
0000110, 24.9752, 7.19543, 0.489518, 3.52627, 0.5, 0.026, 4, 4, 5, 0, 0, 0, 0, 0
0010000, 26.6091, 4.20397, -0.153187, 3.18209, 0.5, 0.026, 4, 4, 5, 0, 0, 0, 0, 0
0001010, 27.0272, 7.30498, 0.632389, 3.25223, 0.5, 0.026, 4, 4, 5, 0, 0, 0, 0, 0
0000001, 25.3177, 10.5791, 0.00389546, 3.25382, 0.5, 0.026, 4, 4, 5, 0, 0, 0, 0, 0
0001001, 26.1775, 8.73575, 3.14669, 3.42083, 0.5, 0.026, 4, 4, 5, 0, 0, 0, 0, 0
1100011, 26.681, 9.64849, 0.00675712, 3.41414, 0.5, 0.026, 4, 4, 5, 0, 0, 0, 0, 0
1000000, 24.8446, 11.5017, 3.14168, 3.23643, 0.5, 0.026, 4, 4, 5, 0, 0, 0, 0, 0
1101010, 28.3759, 3.24436, 0.0691063, 3.43461, 0.5, 0.026, 4, 4, 5, 0, 0, 0, 0, 0
1110010, 28.5906, 2.35806, 0.0668196, 3.40331, 0.5, 0.026, 4, 4, 5, 0, 0, 0, 0, 0
1111001, 28.9847, 1.40429, 0.00901524, 3.31477, 0.5, 0.026, 4, 4, 5, 0, 0, 0, 0, 0
1011111, 29.6116, 0.494531, 1.7591e-05, 3.28487, 0.5, 0.026, 4, 4, 5, 0, 0, 0, 0, 0
1101001, 31.7182, 3.16236, 0.0478383, 3.41635, 0.5, 0.026, 4, 4, 5, 0, 0, 0, 0, 0
1110001, 31.9876, 2.26893, 0.0657291, 3.6053, 0.5, 0.026, 4, 4, 5, 0, 0, 0, 0, 0
1100101, 28.2411, 7.06894, 0.690309, 3.40673, 0.5, 0.026, 4, 4, 5, 0, 0, 0, 0, 0
1100110, 28.4009, 4.73407, 2.7647, 3.4905, 0.5, 0.026, 4, 4, 5, 0, 0, 0, 0, 0
1010100, 29.2487, 5.36157, 2.81001, 3.32336, 0.5, 0.026, 4, 4, 5, 0, 0, 0, 0, 0
1010011, 29.83, 7.16285, 0.640707, 3.32538, 0.5, 0.026, 4, 4, 5, 0, 0, 0, 0, 0
1100111, 31.7157, 4.08429, 3.18857, 3.45098, 0.5, 0.026, 4, 4, 5, 0, 0, 0, 0, 0
1001011, 30.892, 6.78056, 0.629739, 3.28738, 0.5, 0.026, 4, 4, 5, 0, 0, 0, 0, 0
1000001, 28.0847, 11.5043, 3.14163, 3.31486, 0.5, 0.026, 4, 4, 5, 0, 0, 0, 0, 0
0000000, 28.5837, 10.6184, 0.0195574, 3.39892, 0.5, 0.026, 4, 4, 5, 0, 0, 0, 0, 0
1100100, 29.5387, 8.81019, 0.0151868, 3.33747, 0.5, 0.026, 4, 4, 5, 0, 0, 0, 0, 0
1100010, 30.1404, 9.66789, -0.0347299, 3.51451, 0.5, 0.026, 4, 4, 5, 0, 0, 0, 0, 0
1100001, 31.9097, 10.5813, -0.0317145, 3.34526, 0.5, 0.026, 4, 4, 5, 0, 0, 0, 0, 0
1000010, 31.4611, 11.5016, 3.14165, 3.49748, 0.5, 0.026, 4, 4, 5, 0, 0, 0, 0, 0
1111000, 32.2949, 1.39999, 0.0295437, 3.30712, 0.5, 0.026, 4, 4, 5, 0, 0, 0, 0, 0
1011110, 32.8008, 0.498943, -3.80763e-06, 3.16326, 0.5, 0.026, 4, 4, 5, 0, 0, 0, 0, 0
1011101, 35.1735, 2.23558, 0.862613, 3.29906, 0.5, 0.026, 4, 4, 5, 0, 0, 0, 0, 0
1110000, 34.888, 3.51805, 0.961398, 3.43072, 0.5, 0.026, 4, 4, 5, 0, 0, 0, 0, 0
1010101, 32.3289, 5.18167, 2.99255, 3.16614, 0.5, 0.026, 4, 4, 5, 0, 0, 0, 0, 0
1010110, 32.9666, 5.9919, 2.93465, 3.41566, 0.5, 0.026, 4, 4, 5, 0, 0, 0, 0, 0
1001100, 33.803, 6.7708, 2.96727, 3.30987, 0.5, 0.026, 4, 4, 5, 0, 0, 0, 0, 0
1101000, 34.5419, 4.64211, 0.929576, 3.53537, 0.5, 0.026, 4, 4, 5, 0, 0, 0, 0, 0
1010010, 32.5579, 9.05621, 0.586066, 3.42096, 0.5, 0.026, 4, 4, 5, 0, 0, 0, 0, 0
1001010, 33.7582, 8.33565, 0.33383, 3.36961, 0.5, 0.026, 4, 4, 5, 0, 0, 0, 0, 0
1001001, 35.7481, 8.12489, 0.485256, 3.34405, 0.5, 0.026, 4, 4, 5, 0, 0, 0, 0, 0
1000011, 34.8476, 11.5014, 3.14159, 3.34652, 0.5, 0.026, 4, 4, 5, 0, 0, 0, 0, 0
1010001, 35.6214, 9.64723, -0.0127763, 3.24386, 0.5, 0.026, 4, 4, 5, 0, 0, 0, 0, 0
1100000, 35.2817, 10.5838, 0.0156245, 3.42731, 0.5, 0.026, 4, 4, 5, 0, 0, 0, 0, 0
1011011, 36.0321, 0.498865, 6.69043e-05, 3.35253, 0.5, 0.026, 4, 4, 5, 0, 0, 0, 0, 0
1011001, 36.7867, 1.86174, 0.37768, 3.23906, 0.5, 0.026, 4, 4, 5, 0, 0, 0, 0, 0
1011100, 37.4113, 3.51568, -0.421625, 3.23038, 0.5, 0.026, 4, 4, 5, 0, 0, 0, 0, 0
1011000, 39.2751, 2.24511, 0.715112, 3.35868, 0.5, 0.026, 4, 4, 5, 0, 0, 0, 0, 0
1011010, 39.4358, 0.499921, 2.35913e-05, 3.5069, 0.5, 0.026, 4, 4, 5, 0, 0, 0, 0, 0
1001110, 36.9244, 5.89224, 2.67326, 3.26042, 0.5, 0.026, 4, 4, 5, 0, 0, 0, 0, 0
1001101, 37.3139, 6.73079, 2.6757, 3.4418, 0.5, 0.026, 4, 4, 5, 0, 0, 0, 0, 0
1010111, 37.2752, 4.68183, 2.68929, 3.3004, 0.5, 0.026, 4, 4, 5, 0, 0, 0, 0, 0
1001000, 38.1532, 7.3428, -0.40716, 3.19474, 0.5, 0.026, 4, 4, 5, 0, 0, 0, 0, 0
1001111, 39.3213, 4.7521, 1.53287, 3.40618, 0.5, 0.026, 4, 4, 5, 0, 0, 0, 0, 0
1000100, 38.0411, 10.9602, 2.6639, 3.34975, 0.5, 0.026, 4, 4, 5, 0, 0, 0, 0, 0
1010000, 38.0585, 9.18165, -1.07147, 3.26581, 0.5, 0.026, 4, 4, 5, 0, 0, 0, 0, 0
1000101, 39.5675, 8.39134, 2.00114, 3.308, 0.5, 0.026, 4, 4, 5, 0, 0, 0, 0, 0
1000110, 40.109, 10.9765, 2.67627, 3.33469, 0.5, 0.026, 4, 4, 5, 0, 0, 0, 0, 0
1000111, 40.417, 8.89136, 2.0007, 3.29814, 0.5, 0.026, 4, 4, 5, 0, 0, 0, 0, 0

