1, 23.5, 5.5, 1.5708, 2, 0.5, 0.026, 4, 4, 5, 0, 0, 0, 0, 0
0, 22, 6, 0, 2, 0.5, 0.026, 4, 4, 5, 0, 0, 0, 0, 0

1, 23.5536, 5.49812, 1.50477, 2.27766, 0.5, 0.026, 4, 4, 5, 0, 0, 0, 0, 0
0, 21.9464, 6.00188, 0.00288338, 2.27766, 0.5, 0.026, 4, 4, 5, 0, 0, 0, 0, 0

1, 23.6195, 5.49177, 1.44808, 2.59386, 0.5, 0.026, 4, 4, 5, 0, 0, 0, 0, 0
0, 21.8805, 6.00823, 0.0127701, 2.59386, 0.5, 0.026, 4, 4, 5, 0, 0, 0, 0, 0

1, 23.6961, 5.48033, 1.39918, 2.95396, 0.5, 0.026, 4, 4, 5, 0, 0, 0, 0, 0
0, 21.8039, 6.01967, 0.030802, 2.95396, 0.5, 0.026, 4, 4, 5, 0, 0, 0, 0, 0

1, 23.7815, 5.46354, 1.35531, 3.36406, 0.5, 0.026, 4, 4, 5, 0, 0, 0, 0, 0
0, 21.7185, 6.03646, 0.0573617, 3.36406, 0.5, 0.026, 4, 4, 5, 0, 0, 0, 0, 0

1, 23.8733, 5.44142, 1.31403, 3.83108, 0.5, 0.026, 4, 4, 5, 0, 0, 0, 0, 0
0, 21.6267, 6.05858, 0.0920975, 3.83108, 0.5, 0.026, 4, 4, 5, 0, 0, 0, 0, 0

01, 20.4622, 5.94721, 0.112392, 2.19282, 0.5, 0.026, 4, 4, 5, 0, 0, 0, 0, 0
11, 23.6363, 4.48137, 1.32487, 2.12831, 0.5, 0.026, 4, 4, 5, 0, 0, 0, 0, 0
00, 22.6284, 6.19685, 0.131889, 2.17013, 0.5, 0.026, 4, 4, 5, 0, 0, 0, 0, 0
10, 24.282, 6.55474, 1.37727, 2.23463, 0.5, 0.026, 4, 4, 5, 0, 0, 0, 0, 0

01, 20.2538, 5.92816, 0.119588, 2.49724, 0.5, 0.026, 4, 4, 5, 0, 0, 0, 0, 0
11, 23.5913, 4.40515, 1.3639, 2.42378, 0.5, 0.026, 4, 4, 5, 0, 0, 0, 0, 0
00, 22.7144, 6.23023, 0.206298, 2.4714, 0.5, 0.026, 4, 4, 5, 0, 0, 0, 0, 0
10, 24.4459, 6.61361, 1.52362, 2.54487, 0.5, 0.026, 4, 4, 5, 0, 0, 0, 0, 0

01, 20.0354, 5.93496, 0.170993, 2.84393, 0.5, 0.026, 4, 4, 5, 0, 0, 0, 0, 0
11, 23.5728, 4.39014, 1.38548, 2.76027, 0.5, 0.026, 4, 4, 5, 0, 0, 0, 0, 0
00, 22.7737, 6.22413, 0.361437, 2.8145, 0.5, 0.026, 4, 4, 5, 0, 0, 0, 0, 0
10, 24.6201, 6.62715, 1.59275, 2.89817, 0.5, 0.026, 4, 4, 5, 0, 0, 0, 0, 0

01, 19.9369, 5.97362, 0.247559, 3.23875, 0.5, 0.026, 4, 4, 5, 0, 0, 0, 0, 0
11, 23.567, 4.3882, 1.39283, 3.14347, 0.5, 0.026, 4, 4, 5, 0, 0, 0, 0, 0
00, 22.7683, 6.18222, 0.519906, 3.20523, 0.5, 0.026, 4, 4, 5, 0, 0, 0, 0, 0
10, 24.7276, 6.63177, 1.59712, 3.30051, 0.5, 0.026, 4, 4, 5, 0, 0, 0, 0, 0

01, 19.9206, 5.99109, 0.273831, 3.68838, 0.5, 0.026, 4, 4, 5, 0, 0, 0, 0, 0
11, 23.567, 4.3882, 1.39283, 3.57988, 0.5, 0.026, 4, 4, 5, 0, 0, 0, 0, 0
00, 22.7067, 6.16303, 0.599356, 3.65021, 0.5, 0.026, 4, 4, 5, 0, 0, 0, 0, 0
10, 24.8035, 6.63326, 1.58225, 3.75872, 0.5, 0.026, 4, 4, 5, 0, 0, 0, 0, 0

011, 18.9532, 5.71741, 0.271846, 2.07295, 0.5, 0.026, 4, 4, 5, 0, 0, 0, 0, 0
111, 23.3859, 3.39075, 1.36567, 2.01867, 0.5, 0.026, 4, 4, 5, 0, 0, 0, 0, 0
001, 21.8263, 5.51148, 0.631496, 2.09, 0.5, 0.026, 4, 4, 5, 0, 0, 0, 0, 0
010, 20.9618, 6.32726, 0.327111, 2.12749, 0.5, 0.026, 4, 4, 5, 0, 0, 0, 0, 0
110, 23.7783, 5.39034, 1.38375, 2.0582, 0.5, 0.026, 4, 4, 5, 0, 0, 0, 0, 0
000, 23.4338, 6.82205, 0.619286, 2.06696, 0.5, 0.026, 4, 4, 5, 0, 0, 0, 0, 0
101, 24.874, 5.547, 1.56406, 2.14983, 0.5, 0.026, 4, 4, 5, 0, 0, 0, 0, 0
100, 24.8566, 7.6865, 1.59135, 2.1307, 0.5, 0.026, 4, 4, 5, 0, 0, 0, 0, 0

011, 18.811, 5.67583, 0.268672, 2.36073, 0.5, 0.026, 4, 4, 5, 0, 0, 0, 0, 0
111, 23.3531, 3.22005, 1.36116, 2.29892, 0.5, 0.026, 4, 4, 5, 0, 0, 0, 0, 0
001, 21.7355, 5.39657, 0.570722, 2.38016, 0.5, 0.026, 4, 4, 5, 0, 0, 0, 0, 0
010, 21.097, 6.37243, 0.346889, 2.42284, 0.5, 0.026, 4, 4, 5, 0, 0, 0, 0, 0
110, 23.8128, 5.49455, 1.35966, 2.34393, 0.5, 0.026, 4, 4, 5, 0, 0, 0, 0, 0
000, 23.4133, 6.99299, 0.598128, 2.35391, 0.5, 0.026, 4, 4, 5, 0, 0, 0, 0, 0
101, 24.9123, 5.40407, 1.51364, 2.44829, 0.5, 0.026, 4, 4, 5, 0, 0, 0, 0, 0
100, 24.9279, 7.83401, 1.68003, 2.4265, 0.5, 0.026, 4, 4, 5, 0, 0, 0, 0, 0

011, 18.5885, 5.62268, 0.280497, 2.68847, 0.5, 0.026, 4, 4, 5, 0, 0, 0, 0, 0
111, 23.3204, 3.02094, 1.34579, 2.61807, 0.5, 0.026, 4, 4, 5, 0, 0, 0, 0, 0
001, 21.676, 5.28535, 0.476031, 2.71059, 0.5, 0.026, 4, 4, 5, 0, 0, 0, 0, 0
010, 21.1479, 6.44583, 0.528049, 2.7592, 0.5, 0.026, 4, 4, 5, 0, 0, 0, 0, 0
110, 23.8657, 5.59978, 1.2752, 2.66934, 0.5, 0.026, 4, 4, 5, 0, 0, 0, 0, 0
000, 23.4646, 7.16533, 0.765937, 2.6807, 0.5, 0.026, 4, 4, 5, 0, 0, 0, 0, 0
101, 24.9535, 5.25351, 1.43519, 2.78819, 0.5, 0.026, 4, 4, 5, 0, 0, 0, 0, 0
100, 25.0405, 7.99326, 1.7691, 2.76337, 0.5, 0.026, 4, 4, 5, 0, 0, 0, 0, 0

011, 18.451, 5.62085, 0.333514, 3.0617, 0.5, 0.026, 4, 4, 5, 0, 0, 0, 0, 0
111, 23.3141, 2.84865, 1.29693, 2.98153, 0.5, 0.026, 4, 4, 5, 0, 0, 0, 0, 0
001, 21.6361, 5.16421, 0.349786, 3.0869, 0.5, 0.026, 4, 4, 5, 0, 0, 0, 0, 0
010, 21.2191, 6.48034, 0.712279, 3.14226, 0.5, 0.026, 4, 4, 5, 0, 0, 0, 0, 0
110, 23.8797, 5.74114, 1.18105, 3.03992, 0.5, 0.026, 4, 4, 5, 0, 0, 0, 0, 0
000, 23.4541, 7.27499, 0.84217, 3.05286, 0.5, 0.026, 4, 4, 5, 0, 0, 0, 0, 0
101, 24.9542, 5.09893, 1.40182, 3.17526, 0.5, 0.026, 4, 4, 5, 0, 0, 0, 0, 0
100, 25.1443, 8.15565, 1.84923, 3.147, 0.5, 0.026, 4, 4, 5, 0, 0, 0, 0, 0

011, 18.3611, 5.65243, 0.412316, 3.48675, 0.5, 0.026, 4, 4, 5, 0, 0, 0, 0, 0
111, 23.331, 2.66004, 1.19746, 3.39546, 0.5, 0.026, 4, 4, 5, 0, 0, 0, 0, 0
001, 21.5292, 5.00835, 0.370944, 3.51544, 0.5, 0.026, 4, 4, 5, 0, 0, 0, 0, 0
010, 21.2425, 6.54999, 0.80418, 3.57849, 0.5, 0.026, 4, 4, 5, 0, 0, 0, 0, 0
110, 23.9453, 5.87322, 1.18542, 3.46194, 0.5, 0.026, 4, 4, 5, 0, 0, 0, 0, 0
000, 23.387, 7.37368, 0.838076, 3.47669, 0.5, 0.026, 4, 4, 5, 0, 0, 0, 0, 0
101, 24.9711, 4.9668, 1.41048, 3.61608, 0.5, 0.026, 4, 4, 5, 0, 0, 0, 0, 0
100, 25.282, 8.29696, 1.93062, 3.5839, 0.5, 0.026, 4, 4, 5, 0, 0, 0, 0, 0

011, 18.3234, 5.68339, 0.464112, 3.97082, 0.5, 0.026, 4, 4, 5, 0, 0, 0, 0, 0
111, 23.3217, 2.46398, 1.11322, 3.86684, 0.5, 0.026, 4, 4, 5, 0, 0, 0, 0, 0
0011, 20.5639, 4.50141, 0.432551, 1.96116, 0.5, 0.026, 4, 4, 5, 0, 0, 0, 0, 0
0101, 20.5107, 5.80849, 0.836725, 2.06563, 0.5, 0.026, 4, 4, 5, 0, 0, 0, 0, 0
0010, 22.3797, 5.34197, 0.406824, 2.04233, 0.5, 0.026, 4, 4, 5, 0, 0, 0, 0, 0
0100, 21.8168, 7.36783, 0.806385, 2.00966, 0.5, 0.026, 4, 4, 5, 0, 0, 0, 0, 0
000, 23.2776, 7.45086, 0.80901, 3.95935, 0.5, 0.026, 4, 4, 5, 0, 0, 0, 0, 0
1011, 24.9675, 3.81949, 1.46449, 2.07333, 0.5, 0.026, 4, 4, 5, 0, 0, 0, 0, 0
1001, 25.8389, 7.40578, 2.00198, 2.06681, 0.5, 0.026, 4, 4, 5, 0, 0, 0, 0, 0
110, 24.0299, 5.99677, 1.19009, 3.94256, 0.5, 0.026, 4, 4, 5, 0, 0, 0, 0, 0
1010, 25.1645, 5.86842, 1.4719, 2.04477, 0.5, 0.026, 4, 4, 5, 0, 0, 0, 0, 0
1000, 25.05, 9.28614, 1.99579, 2.01464, 0.5, 0.026, 4, 4, 5, 0, 0, 0, 0, 0

0111, 17.2522, 5.14624, 0.456308, 2.2986, 0.5, 0.026, 4, 4, 5, 0, 0, 0, 0, 0
0110, 19.2611, 6.18128, 0.510342, 2.22348, 0.5, 0.026, 4, 4, 5, 0, 0, 0, 0, 0
1111, 22.8276, 1.46888, 1.09209, 2.1741, 0.5, 0.026, 4, 4, 5, 0, 0, 0, 0, 0
1110, 23.8388, 3.42402, 1.08955, 2.22957, 0.5, 0.026, 4, 4, 5, 0, 0, 0, 0, 0
1101, 23.6772, 4.98899, 0.868177, 2.26359, 0.5, 0.026, 4, 4, 5, 0, 0, 0, 0, 0
0001, 22.4389, 6.65959, 0.669809, 2.24637, 0.5, 0.026, 4, 4, 5, 0, 0, 0, 0, 0
0011, 20.412, 4.38017, 0.42963, 2.23342, 0.5, 0.026, 4, 4, 5, 0, 0, 0, 0, 0
0101, 20.4494, 5.72379, 0.739457, 2.3524, 0.5, 0.026, 4, 4, 5, 0, 0, 0, 0, 0
0010, 22.4449, 5.40324, 0.548268, 2.32586, 0.5, 0.026, 4, 4, 5, 0, 0, 0, 0, 0
0100, 21.8498, 7.50697, 0.700106, 2.28866, 0.5, 0.026, 4, 4, 5, 0, 0, 0, 0, 0
0000, 23.9673, 8.30194, 0.849896, 2.26265, 0.5, 0.026, 4, 4, 5, 0, 0, 0, 0, 0
1011, 25.0875, 3.6247, 1.44521, 2.36117, 0.5, 0.026, 4, 4, 5, 0, 0, 0, 0, 0
1001, 25.9613, 7.35501, 2.16362, 2.35374, 0.5, 0.026, 4, 4, 5, 0, 0, 0, 0, 0
1100, 24.3375, 7.00725, 1.06858, 2.22631, 0.5, 0.026, 4, 4, 5, 0, 0, 0, 0, 0
1010, 25.1644, 5.95131, 1.42789, 2.32864, 0.5, 0.026, 4, 4, 5, 0, 0, 0, 0, 0
1000, 25.1355, 9.45784, 2.13407, 2.29433, 0.5, 0.026, 4, 4, 5, 0, 0, 0, 0, 0

0111, 17.1095, 5.07679, 0.456972, 2.61771, 0.5, 0.026, 4, 4, 5, 0, 0, 0, 0, 0
0110, 19.3533, 6.31128, 0.657256, 2.53216, 0.5, 0.026, 4, 4, 5, 0, 0, 0, 0, 0
1111, 22.7514, 1.31843, 1.08939, 2.47592, 0.5, 0.026, 4, 4, 5, 0, 0, 0, 0, 0
1110, 23.9329, 3.52723, 1.0246, 2.5391, 0.5, 0.026, 4, 4, 5, 0, 0, 0, 0, 0
1101, 23.628, 4.89454, 0.812375, 2.57784, 0.5, 0.026, 4, 4, 5, 0, 0, 0, 0, 0
0001, 22.3921, 6.51864, 0.692039, 2.55823, 0.5, 0.026, 4, 4, 5, 0, 0, 0, 0, 0
0011, 20.2254, 4.23718, 0.475682, 2.54349, 0.5, 0.026, 4, 4, 5, 0, 0, 0, 0, 0
0101, 20.2095, 5.62822, 0.770942, 2.67897, 0.5, 0.026, 4, 4, 5, 0, 0, 0, 0, 0
0010, 22.5247, 5.36748, 0.657816, 2.64876, 0.5, 0.026, 4, 4, 5, 0, 0, 0, 0, 0
0100, 21.8546, 7.62318, 0.673751, 2.60639, 0.5, 0.026, 4, 4, 5, 0, 0, 0, 0, 0
0000, 23.9565, 8.50951, 0.883109, 2.57677, 0.5, 0.026, 4, 4, 5, 0, 0, 0, 0, 0
1011, 25.1575, 3.39513, 1.31091, 2.68896, 0.5, 0.026, 4, 4, 5, 0, 0, 0, 0, 0
1001, 26.145, 7.36774, 2.19143, 2.6805, 0.5, 0.026, 4, 4, 5, 0, 0, 0, 0, 0
1100, 24.3374, 7.13566, 1.10254, 2.53539, 0.5, 0.026, 4, 4, 5, 0, 0, 0, 0, 0
1010, 25.2249, 6.00656, 1.47736, 2.65192, 0.5, 0.026, 4, 4, 5, 0, 0, 0, 0, 0
1000, 25.2953, 9.67023, 2.24541, 2.61285, 0.5, 0.026, 4, 4, 5, 0, 0, 0, 0, 0

0111, 16.9423, 5.01734, 0.487488, 2.98112, 0.5, 0.026, 4, 4, 5, 0, 0, 0, 0, 0
0110, 19.4525, 6.40169, 0.779176, 2.88369, 0.5, 0.026, 4, 4, 5, 0, 0, 0, 0, 0
1110, 23.9659, 3.64881, 0.886632, 2.8916, 0.5, 0.026, 4, 4, 5, 0, 0, 0, 0, 0
1111, 22.6543, 1.21416, 0.902595, 2.81965, 0.5, 0.026, 4, 4, 5, 0, 0, 0, 0, 0
1101, 23.5863, 4.81508, 0.790902, 2.93571, 0.5, 0.026, 4, 4, 5, 0, 0, 0, 0, 0
0001, 22.2704, 6.33018, 0.785598, 2.91338, 0.5, 0.026, 4, 4, 5, 0, 0, 0, 0, 0
0011, 20.06, 4.16661, 0.618179, 2.8966, 0.5, 0.026, 4, 4, 5, 0, 0, 0, 0, 0
0101, 20.0325, 5.53861, 0.749885, 3.05089, 0.5, 0.026, 4, 4, 5, 0, 0, 0, 0, 0
0010, 22.5201, 5.17794, 0.77749, 3.01648, 0.5, 0.026, 4, 4, 5, 0, 0, 0, 0, 0
0100, 21.8582, 7.82496, 0.714849, 2.96823, 0.5, 0.026, 4, 4, 5, 0, 0, 0, 0, 0
0000, 23.9248, 8.7112, 1.01777, 2.9345, 0.5, 0.026, 4, 4, 5, 0, 0, 0, 0, 0
1011, 25.2248, 3.19161, 1.13213, 3.06227, 0.5, 0.026, 4, 4, 5, 0, 0, 0, 0, 0
1001, 26.3791, 7.39653, 2.17543, 3.05263, 0.5, 0.026, 4, 4, 5, 0, 0, 0, 0, 0
1100, 24.4166, 7.34416, 1.16374, 2.88737, 0.5, 0.026, 4, 4, 5, 0, 0, 0, 0, 0
1010, 25.3441, 6.06524, 1.52752, 3.02008, 0.5, 0.026, 4, 4, 5, 0, 0, 0, 0, 0
1000, 25.4545, 9.90461, 2.32247, 2.97558, 0.5, 0.026, 4, 4, 5, 0, 0, 0, 0, 0

0011, 19.8407, 3.91119, 0.671452, 3.29872, 0.5, 0.026, 4, 4, 5, 0, 0, 0, 0, 0
0101, 19.9437, 5.39296, 0.749594, 3.47444, 0.5, 0.026, 4, 4, 5, 0, 0, 0, 0, 0
0111, 16.743, 4.9868, 0.582759, 3.39499, 0.5, 0.026, 4, 4, 5, 0, 0, 0, 0, 0
0110, 19.4514, 6.53434, 0.90044, 3.28403, 0.5, 0.026, 4, 4, 5, 0, 0, 0, 0, 0
1110, 23.8222, 3.58384, 0.786653, 3.29304, 0.5, 0.026, 4, 4, 5, 0, 0, 0, 0, 0
1111, 22.6664, 1.2049, 0.691369, 3.2111, 0.5, 0.026, 4, 4, 5, 0, 0, 0, 0, 0
1101, 23.6198, 4.77154, 0.771708, 3.34327, 0.5, 0.026, 4, 4, 5, 0, 0, 0, 0, 0
0001, 22.2224, 6.19227, 0.782713, 3.31785, 0.5, 0.026, 4, 4, 5, 0, 0, 0, 0, 0
0010, 22.4365, 4.96808, 0.799022, 3.43525, 0.5, 0.026, 4, 4, 5, 0, 0, 0, 0, 0
0100, 21.973, 8.03636, 0.786396, 3.3803, 0.5, 0.026, 4, 4, 5, 0, 0, 0, 0, 0
0000, 23.9361, 8.9847, 1.18434, 3.34189, 0.5, 0.026, 4, 4, 5, 0, 0, 0, 0, 0
1011, 25.3023, 3.0299, 0.943609, 3.4874, 0.5, 0.026, 4, 4, 5, 0, 0, 0, 0, 0
1001, 26.548, 7.44813, 2.17075, 3.47642, 0.5, 0.026, 4, 4, 5, 0, 0, 0, 0, 0
1100, 24.447, 7.56505, 1.20695, 3.28822, 0.5, 0.026, 4, 4, 5, 0, 0, 0, 0, 0
1010, 25.4634, 6.10348, 1.60341, 3.43935, 0.5, 0.026, 4, 4, 5, 0, 0, 0, 0, 0
1000, 25.6572, 10.1454, 2.30777, 3.38868, 0.5, 0.026, 4, 4, 5, 0, 0, 0, 0, 0

0011, 19.486, 3.55785, 0.722751, 3.75668, 0.5, 0.026, 4, 4, 5, 0, 0, 0, 0, 0
0101, 19.8292, 5.2291, 0.740952, 3.95679, 0.5, 0.026, 4, 4, 5, 0, 0, 0, 0, 0
0111, 16.6267, 5.00783, 0.685112, 3.86631, 0.5, 0.026, 4, 4, 5, 0, 0, 0, 0, 0
0110, 19.4205, 6.63207, 0.970476, 3.73995, 0.5, 0.026, 4, 4, 5, 0, 0, 0, 0, 0
1110, 23.7501, 3.47378, 0.739285, 3.7502, 0.5, 0.026, 4, 4, 5, 0, 0, 0, 0, 0
1111, 22.5641, 1.23499, 0.586282, 3.65689, 0.5, 0.026, 4, 4, 5, 0, 0, 0, 0, 0
1101, 23.5976, 4.66005, 0.725113, 3.80741, 0.5, 0.026, 4, 4, 5, 0, 0, 0, 0, 0
0001, 22.253, 6.11108, 0.756196, 3.77846, 0.5, 0.026, 4, 4, 5, 0, 0, 0, 0, 0
0010, 22.3185, 4.7983, 0.757235, 3.91216, 0.5, 0.026, 4, 4, 5, 0, 0, 0, 0, 0
0100, 21.9704, 8.29252, 0.853038, 3.84959, 0.5, 0.026, 4, 4, 5, 0, 0, 0, 0, 0
0000, 23.9535, 9.36358, 1.26839, 3.80584, 0.5, 0.026, 4, 4, 5, 0, 0, 0, 0, 0
1011, 25.585, 2.88015, 0.882401, 3.97155, 0.5, 0.026, 4, 4, 5, 0, 0, 0, 0, 0
1001, 26.6846, 7.52135, 2.15232, 3.95905, 0.5, 0.026, 4, 4, 5, 0, 0, 0, 0, 0
1100, 24.5026, 7.77112, 1.29927, 3.74472, 0.5, 0.026, 4, 4, 5, 0, 0, 0, 0, 0
1010, 25.6063, 6.08973, 1.66048, 3.91683, 0.5, 0.026, 4, 4, 5, 0, 0, 0, 0, 0
1000, 25.9005, 10.3562, 2.22804, 3.85912, 0.5, 0.026, 4, 4, 5, 0, 0, 0, 0, 0

01111, 15.7242, 4.26565, 0.694134, 2.23537, 0.5, 0.026, 4, 4, 5, 0, 0, 0, 0, 0
00111, 18.2967, 2.50577, 0.768552, 2.17331, 0.5, 0.026, 4, 4, 5, 0, 0, 0, 0, 0
00110, 19.9303, 3.88072, 0.717367, 2.10491, 0.5, 0.026, 4, 4, 5, 0, 0, 0, 0, 0
01101, 18.7797, 5.72534, 0.960289, 2.16123, 0.5, 0.026, 4, 4, 5, 0, 0, 0, 0, 0
01011, 18.9334, 4.35197, 0.700885, 2.27483, 0.5, 0.026, 4, 4, 5, 0, 0, 0, 0, 0
01110, 17.392, 5.7009, 0.747702, 2.16769, 0.5, 0.026, 4, 4, 5, 0, 0, 0, 0, 0
01100, 19.867, 7.55305, 1.07722, 2.09793, 0.5, 0.026, 4, 4, 5, 0, 0, 0, 0, 0
11111, 21.6804, 0.770344, 0.53684, 2.05719, 0.5, 0.026, 4, 4, 5, 0, 0, 0, 0, 0
00101, 21.4113, 3.9592, 0.852385, 2.26496, 0.5, 0.026, 4, 4, 5, 0, 0, 0, 0, 0
11101, 22.9146, 2.6606, 0.646285, 2.13093, 0.5, 0.026, 4, 4, 5, 0, 0, 0, 0, 0
11011, 22.7605, 3.79163, 0.639608, 2.19828, 0.5, 0.026, 4, 4, 5, 0, 0, 0, 0, 0
11110, 23.4786, 1.81164, 0.612615, 2.10739, 0.5, 0.026, 4, 4, 5, 0, 0, 0, 0, 0
00011, 21.4254, 5.35679, 0.518499, 2.17665, 0.5, 0.026, 4, 4, 5, 0, 0, 0, 0, 0
01001, 21.2688, 7.65052, 0.753235, 2.18726, 0.5, 0.026, 4, 4, 5, 0, 0, 0, 0, 0
01010, 20.4603, 5.93902, 0.542998, 2.23128, 0.5, 0.026, 4, 4, 5, 0, 0, 0, 0, 0
00010, 22.9293, 6.75256, 0.414742, 2.12636, 0.5, 0.026, 4, 4, 5, 0, 0, 0, 0, 0
00100, 23.0535, 5.42677, 0.874193, 2.19032, 0.5, 0.026, 4, 4, 5, 0, 0, 0, 0, 0
00001, 23.6245, 8.55364, 1.33016, 2.18616, 0.5, 0.026, 4, 4, 5, 0, 0, 0, 0, 0
01000, 22.6741, 9.32351, 0.947189, 2.19676, 0.5, 0.026, 4, 4, 5, 0, 0, 0, 0, 0
10111, 24.9453, 1.89622, 1.06374, 2.29457, 0.5, 0.026, 4, 4, 5, 0, 0, 0, 0, 0
10110, 26.4344, 3.56304, 0.668685, 2.22834, 0.5, 0.026, 4, 4, 5, 0, 0, 0, 0, 0
11001, 24.4339, 6.83921, 1.44471, 2.16565, 0.5, 0.026, 4, 4, 5, 0, 0, 0, 0, 0
11100, 24.5688, 4.00705, 0.647996, 2.13991, 0.5, 0.026, 4, 4, 5, 0, 0, 0, 0, 0
11010, 24.4124, 5.15832, 0.486506, 2.13771, 0.5, 0.026, 4, 4, 5, 0, 0, 0, 0, 0
10101, 25.9528, 5.08908, 1.66934, 2.18054, 0.5, 0.026, 4, 4, 5, 0, 0, 0, 0, 0
10011, 27.2868, 6.59395, 2.17221, 2.24432, 0.5, 0.026, 4, 4, 5, 0, 0, 0, 0, 0
10100, 25.5296, 7.26726, 1.68267, 2.28006, 0.5, 0.026, 4, 4, 5, 0, 0, 0, 0, 0
11000, 24.7516, 8.93992, 1.28731, 2.09895, 0.5, 0.026, 4, 4, 5, 0, 0, 0, 0, 0
00000, 24.0462, 10.6583, 1.59453, 2.14804, 0.5, 0.026, 4, 4, 5, 0, 0, 0, 0, 0
10001, 26.8255, 9.36994, 2.25318, 2.16919, 0.5, 0.026, 4, 4, 5, 0, 0, 0, 0, 0
10010, 26.226, 8.54269, 2.2732, 2.26436, 0.5, 0.026, 4, 4, 5, 0, 0, 0, 0, 0
10000, 25.3874, 11.029, 2.26505, 2.22569, 0.5, 0.026, 4, 4, 5, 0, 0, 0, 0, 0

01111, 15.6045, 4.16766, 0.695985, 2.5457, 0.5, 0.026, 4, 4, 5, 0, 0, 0, 0, 0
00111, 18.0336, 2.29115, 0.829149, 2.47502, 0.5, 0.026, 4, 4, 5, 0, 0, 0, 0, 0
00110, 19.9126, 3.74055, 0.861477, 2.39713, 0.5, 0.026, 4, 4, 5, 0, 0, 0, 0, 0
01101, 18.6174, 5.66392, 0.993057, 2.46128, 0.5, 0.026, 4, 4, 5, 0, 0, 0, 0, 0
01011, 18.8402, 4.2694, 0.659962, 2.59064, 0.5, 0.026, 4, 4, 5, 0, 0, 0, 0, 0
01110, 17.4509, 5.84464, 0.888624, 2.46863, 0.5, 0.026, 4, 4, 5, 0, 0, 0, 0, 0
01100, 19.7566, 7.79931, 1.10116, 2.38918, 0.5, 0.026, 4, 4, 5, 0, 0, 0, 0, 0
11111, 21.5038, 0.771617, 0.416486, 2.34278, 0.5, 0.026, 4, 4, 5, 0, 0, 0, 0, 0
00101, 21.2247, 3.75662, 0.995871, 2.57941, 0.5, 0.026, 4, 4, 5, 0, 0, 0, 0, 0
11101, 22.7417, 2.45871, 0.624705, 2.42676, 0.5, 0.026, 4, 4, 5, 0, 0, 0, 0, 0
11011, 22.6713, 3.61044, 0.593019, 2.50346, 0.5, 0.026, 4, 4, 5, 0, 0, 0, 0, 0
11110, 23.6016, 1.8003, 0.710107, 2.39995, 0.5, 0.026, 4, 4, 5, 0, 0, 0, 0, 0
00011, 21.5218, 5.47258, 0.468517, 2.47883, 0.5, 0.026, 4, 4, 5, 0, 0, 0, 0, 0
01001, 21.2306, 7.62199, 0.541849, 2.49091, 0.5, 0.026, 4, 4, 5, 0, 0, 0, 0, 0
01010, 20.5047, 6.05516, 0.49476, 2.54104, 0.5, 0.026, 4, 4, 5, 0, 0, 0, 0, 0
00010, 22.8146, 6.84119, 0.0528756, 2.42156, 0.5, 0.026, 4, 4, 5, 0, 0, 0, 0, 0
00100, 23.0872, 5.3219, 0.846849, 2.4944, 0.5, 0.026, 4, 4, 5, 0, 0, 0, 0, 0
00000, 23.9102, 10.8156, 1.89962, 2.44625, 0.5, 0.026, 4, 4, 5, 0, 0, 0, 0, 0
00001, 23.4095, 8.55378, 1.20476, 2.48966, 0.5, 0.026, 4, 4, 5, 0, 0, 0, 0, 0
01000, 22.6979, 9.54762, 1.06254, 2.50173, 0.5, 0.026, 4, 4, 5, 0, 0, 0, 0, 0
11100, 24.7134, 3.88001, 0.606058, 2.43699, 0.5, 0.026, 4, 4, 5, 0, 0, 0, 0, 0
10111, 24.9781, 1.69467, 1.16396, 2.61312, 0.5, 0.026, 4, 4, 5, 0, 0, 0, 0, 0
10110, 26.71, 3.48669, 0.538289, 2.5377, 0.5, 0.026, 4, 4, 5, 0, 0, 0, 0, 0
11001, 24.5237, 6.87149, 1.6033, 2.4663, 0.5, 0.026, 4, 4, 5, 0, 0, 0, 0, 0
11010, 24.6049, 5.07396, 0.412314, 2.43449, 0.5, 0.026, 4, 4, 5, 0, 0, 0, 0, 0
10101, 26.2699, 5.14439, 1.60648, 2.48326, 0.5, 0.026, 4, 4, 5, 0, 0, 0, 0, 0
10011, 27.3082, 6.41007, 2.31074, 2.5559, 0.5, 0.026, 4, 4, 5, 0, 0, 0, 0, 0
10100, 25.4879, 7.38446, 1.62669, 2.5966, 0.5, 0.026, 4, 4, 5, 0, 0, 0, 0, 0
11000, 24.8081, 9.22531, 1.10973, 2.39034, 0.5, 0.026, 4, 4, 5, 0, 0, 0, 0, 0
10001, 27.1307, 9.29104, 2.22308, 2.47033, 0.5, 0.026, 4, 4, 5, 0, 0, 0, 0, 0
10010, 26.4068, 8.60173, 2.2305, 2.57871, 0.5, 0.026, 4, 4, 5, 0, 0, 0, 0, 0
10000, 25.3198, 10.9961, 2.42524, 2.53468, 0.5, 0.026, 4, 4, 5, 0, 0, 0, 0, 0

01111, 15.4548, 4.06658, 0.724333, 2.89912, 0.5, 0.026, 4, 4, 5, 0, 0, 0, 0, 0
00111, 17.8404, 2.12906, 0.882618, 2.81863, 0.5, 0.026, 4, 4, 5, 0, 0, 0, 0, 0
00110, 19.8869, 3.51718, 0.994918, 2.72992, 0.5, 0.026, 4, 4, 5, 0, 0, 0, 0, 0
01101, 18.3123, 5.69183, 1.12746, 2.80297, 0.5, 0.026, 4, 4, 5, 0, 0, 0, 0, 0
01011, 18.5882, 4.11303, 0.555477, 2.9503, 0.5, 0.026, 4, 4, 5, 0, 0, 0, 0, 0
01110, 17.3856, 6.06791, 1.12773, 2.81135, 0.5, 0.026, 4, 4, 5, 0, 0, 0, 0, 0
01100, 19.6375, 8.10446, 0.952968, 2.72086, 0.5, 0.026, 4, 4, 5, 0, 0, 0, 0, 0
11111, 21.3892, 0.601069, 0.121473, 2.66803, 0.5, 0.026, 4, 4, 5, 0, 0, 0, 0, 0
00101, 21.0229, 3.56407, 1.06864, 2.9375, 0.5, 0.026, 4, 4, 5, 0, 0, 0, 0, 0
11101, 22.5992, 2.21053, 0.659612, 2.76366, 0.5, 0.026, 4, 4, 5, 0, 0, 0, 0, 0
11011, 22.4989, 3.36096, 0.629568, 2.85101, 0.5, 0.026, 4, 4, 5, 0, 0, 0, 0, 0
11110, 23.7186, 1.71456, 0.855149, 2.73313, 0.5, 0.026, 4, 4, 5, 0, 0, 0, 0, 0
00011, 21.5614, 5.53153, 0.405679, 2.82296, 0.5, 0.026, 4, 4, 5, 0, 0, 0, 0, 0
01001, 20.9934, 7.53081, 0.455276, 2.83672, 0.5, 0.026, 4, 4, 5, 0, 0, 0, 0, 0
01010, 20.2352, 6.04425, 0.457985, 2.89381, 0.5, 0.026, 4, 4, 5, 0, 0, 0, 0, 0
00010, 22.8588, 6.87673, -0.0292113, 2.75774, 0.5, 0.026, 4, 4, 5, 0, 0, 0, 0, 0
00100, 23.1384, 5.21672, 0.764913, 2.84069, 0.5, 0.026, 4, 4, 5, 0, 0, 0, 0, 0
00000, 23.7456, 10.8544, 2.33353, 2.78586, 0.5, 0.026, 4, 4, 5, 0, 0, 0, 0, 0
00001, 23.2399, 8.72217, 1.17722, 2.83529, 0.5, 0.026, 4, 4, 5, 0, 0, 0, 0, 0
01000, 22.3761, 9.76153, 1.3924, 2.84904, 0.5, 0.026, 4, 4, 5, 0, 0, 0, 0, 0
11100, 24.8654, 3.78675, 0.498312, 2.77531, 0.5, 0.026, 4, 4, 5, 0, 0, 0, 0, 0
10111, 25.0078, 1.46846, 1.19812, 2.97589, 0.5, 0.026, 4, 4, 5, 0, 0, 0, 0, 0
10110, 27.1153, 3.23907, 0.468565, 2.89001, 0.5, 0.026, 4, 4, 5, 0, 0, 0, 0, 0
11001, 24.7326, 6.92218, 1.63217, 2.80869, 0.5, 0.026, 4, 4, 5, 0, 0, 0, 0, 0
11010, 24.7754, 4.94024, 0.378577, 2.77247, 0.5, 0.026, 4, 4, 5, 0, 0, 0, 0, 0
10101, 26.6086, 5.03516, 1.61513, 2.82801, 0.5, 0.026, 4, 4, 5, 0, 0, 0, 0, 0
10011, 27.4904, 6.46886, 2.42538, 2.91073, 0.5, 0.026, 4, 4, 5, 0, 0, 0, 0, 0
10100, 25.6576, 7.50505, 1.67289, 2.95708, 0.5, 0.026, 4, 4, 5, 0, 0, 0, 0, 0
11000, 24.9443, 9.37772, 0.792478, 2.72219, 0.5, 0.026, 4, 4, 5, 0, 0, 0, 0, 0
10001, 27.47, 9.31502, 2.27919, 2.81328, 0.5, 0.026, 4, 4, 5, 0, 0, 0, 0, 0
10010, 26.8544, 8.51699, 2.29219, 2.93671, 0.5, 0.026, 4, 4, 5, 0, 0, 0, 0, 0
10000, 25.3818, 11.1409, 2.75102, 2.88657, 0.5, 0.026, 4, 4, 5, 0, 0, 0, 0, 0

01111, 15.2409, 3.88069, 0.733885, 3.3016, 0.5, 0.026, 4, 4, 5, 0, 0, 0, 0, 0
00111, 17.6326, 1.99217, 0.993408, 3.20993, 0.5, 0.026, 4, 4, 5, 0, 0, 0, 0, 0
00110, 19.6401, 3.30477, 1.02403, 3.10891, 0.5, 0.026, 4, 4, 5, 0, 0, 0, 0, 0
01010, 19.9169, 6.0093, 0.446683, 3.29556, 0.5, 0.026, 4, 4, 5, 0, 0, 0, 0, 0
01101, 17.9163, 5.79164, 1.16934, 3.1921, 0.5, 0.026, 4, 4, 5, 0, 0, 0, 0, 0
01011, 18.2096, 4.03434, 0.487236, 3.35988, 0.5, 0.026, 4, 4, 5, 0, 0, 0, 0, 0
01110, 17.1201, 6.46779, 1.16799, 3.20164, 0.5, 0.026, 4, 4, 5, 0, 0, 0, 0, 0
01100, 19.6438, 8.36804, 0.771184, 3.0986, 0.5, 0.026, 4, 4, 5, 0, 0, 0, 0, 0
11111, 21.2522, 0.500073, -7.24914e-05, 3.03842, 0.5, 0.026, 4, 4, 5, 0, 0, 0, 0, 0
00101, 20.7428, 3.34148, 1.08783, 3.34531, 0.5, 0.026, 4, 4, 5, 0, 0, 0, 0, 0
11101, 22.5696, 2.12755, 0.628615, 3.14734, 0.5, 0.026, 4, 4, 5, 0, 0, 0, 0, 0
11011, 22.3496, 3.21836, 0.642368, 3.24681, 0.5, 0.026, 4, 4, 5, 0, 0, 0, 0, 0
11110, 23.8407, 1.56606, 0.9802, 3.11257, 0.5, 0.026, 4, 4, 5, 0, 0, 0, 0, 0
00011, 21.5195, 5.50393, 0.311095, 3.21487, 0.5, 0.026, 4, 4, 5, 0, 0, 0, 0, 0
01001, 20.6644, 7.47575, 0.450366, 3.23054, 0.5, 0.026, 4, 4, 5, 0, 0, 0, 0, 0
00010, 22.9118, 6.80651, -0.124446, 3.1406, 0.5, 0.026, 4, 4, 5, 0, 0, 0, 0, 0
00100, 23.2133, 5.0694, 0.58877, 3.23506, 0.5, 0.026, 4, 4, 5, 0, 0, 0, 0, 0
00000, 23.6051, 10.9599, 2.62126, 3.17261, 0.5, 0.026, 4, 4, 5, 0, 0, 0, 0, 0
00001, 23.108, 8.90962, 1.44434, 3.22891, 0.5, 0.026, 4, 4, 5, 0, 0, 0, 0, 0
01000, 21.9253, 9.97319, 1.72299, 3.24457, 0.5, 0.026, 4, 4, 5, 0, 0, 0, 0, 0
11100, 25.1871, 3.83107, 0.397077, 3.16061, 0.5, 0.026, 4, 4, 5, 0, 0, 0, 0, 0
10111, 25.0943, 1.55945, 1.09065, 3.38903, 0.5, 0.026, 4, 4, 5, 0, 0, 0, 0, 0
10110, 27.5589, 2.84091, 0.539213, 3.29122, 0.5, 0.026, 4, 4, 5, 0, 0, 0, 0, 0
11001, 24.9191, 7.04812, 1.75379, 3.19862, 0.5, 0.026, 4, 4, 5, 0, 0, 0, 0, 0
11010, 25.0719, 4.86472, 0.397529, 3.15736, 0.5, 0.026, 4, 4, 5, 0, 0, 0, 0, 0
10101, 27.1124, 4.91511, 1.68392, 3.22061, 0.5, 0.026, 4, 4, 5, 0, 0, 0, 0, 0
10011, 27.7294, 6.69499, 2.42671, 3.31482, 0.5, 0.026, 4, 4, 5, 0, 0, 0, 0, 0
10100, 25.815, 7.54347, 1.7773, 3.36761, 0.5, 0.026, 4, 4, 5, 0, 0, 0, 0, 0
11000, 24.9892, 9.51429, 0.592277, 3.10011, 0.5, 0.026, 4, 4, 5, 0, 0, 0, 0, 0
10001, 27.8259, 9.29371, 2.38866, 3.20385, 0.5, 0.026, 4, 4, 5, 0, 0, 0, 0, 0
10010, 27.2632, 8.46661, 2.39794, 3.34441, 0.5, 0.026, 4, 4, 5, 0, 0, 0, 0, 0
10000, 25.7882, 11.2699, 2.93908, 3.2873, 0.5, 0.026, 4, 4, 5, 0, 0, 0, 0, 0

01111, 14.9587, 3.68874, 0.785814, 3.75995, 0.5, 0.026, 4, 4, 5, 0, 0, 0, 0, 0
00111, 17.3516, 1.85573, 1.10103, 3.65556, 0.5, 0.026, 4, 4, 5, 0, 0, 0, 0, 0
00110, 19.2713, 3.17928, 1.00952, 3.54052, 0.5, 0.026, 4, 4, 5, 0, 0, 0, 0, 0
01010, 19.599, 6.07121, 0.448233, 3.75307, 0.5, 0.026, 4, 4, 5, 0, 0, 0, 0, 0
01101, 17.4812, 5.95408, 1.13718, 3.63526, 0.5, 0.026, 4, 4, 5, 0, 0, 0, 0, 0
01011, 17.7822, 4.06909, 0.461639, 3.82633, 0.5, 0.026, 4, 4, 5, 0, 0, 0, 0, 0
01110, 16.7842, 6.81983, 1.13516, 3.64612, 0.5, 0.026, 4, 4, 5, 0, 0, 0, 0, 0
01100, 19.7387, 8.63412, 0.684586, 3.52877, 0.5, 0.026, 4, 4, 5, 0, 0, 0, 0, 0
11111, 21.0258, 0.500037, -2.31683e-05, 3.46024, 0.5, 0.026, 4, 4, 5, 0, 0, 0, 0, 0
00101, 20.3542, 3.18709, 1.06929, 3.80973, 0.5, 0.026, 4, 4, 5, 0, 0, 0, 0, 0
11101, 22.6057, 2.08745, 0.476673, 3.58428, 0.5, 0.026, 4, 4, 5, 0, 0, 0, 0, 0
11011, 22.1794, 3.16753, 0.59582, 3.69756, 0.5, 0.026, 4, 4, 5, 0, 0, 0, 0, 0
00011, 21.4469, 5.54971, 0.241613, 3.66119, 0.5, 0.026, 4, 4, 5, 0, 0, 0, 0, 0
01001, 20.243, 7.48305, 0.481987, 3.67903, 0.5, 0.026, 4, 4, 5, 0, 0, 0, 0, 0
00010, 22.9774, 6.83649, -0.230252, 3.5766, 0.5, 0.026, 4, 4, 5, 0, 0, 0, 0, 0
00100, 23.2448, 5.00328, 0.437236, 3.68417, 0.5, 0.026, 4, 4, 5, 0, 0, 0, 0, 0
00000, 23.3256, 11.0154, 2.76163, 3.61306, 0.5, 0.026, 4, 4, 5, 0, 0, 0, 0, 0
00001, 22.9894, 9.00529, 1.92233, 3.67717, 0.5, 0.026, 4, 4, 5, 0, 0, 0, 0, 0
01000, 21.4933, 10.2298, 1.91122, 3.69501, 0.5, 0.026, 4, 4, 5, 0, 0, 0, 0, 0
11110, 24.0672, 1.49496, 0.877453, 3.54469, 0.5, 0.026, 4, 4, 5, 0, 0, 0, 0, 0
11100, 25.6895, 3.80288, 0.326962, 3.59939, 0.5, 0.026, 4, 4, 5, 0, 0, 0, 0, 0
10111, 25.3219, 1.69544, 0.99016, 3.85953, 0.5, 0.026, 4, 4, 5, 0, 0, 0, 0, 0
10110, 27.8376, 2.41036, 0.444876, 3.74814, 0.5, 0.026, 4, 4, 5, 0, 0, 0, 0, 0
11001, 25.1242, 7.10545, 1.80331, 3.64268, 0.5, 0.026, 4, 4, 5, 0, 0, 0, 0, 0
11010, 25.4262, 4.76514, 0.327041, 3.59569, 0.5, 0.026, 4, 4, 5, 0, 0, 0, 0, 0
10101, 27.7585, 4.93422, 1.84196, 3.66773, 0.5, 0.026, 4, 4, 5, 0, 0, 0, 0, 0
10100, 26.0344, 7.51641, 1.8163, 3.83513, 0.5, 0.026, 4, 4, 5, 0, 0, 0, 0, 0
11000, 25.1187, 9.71426, 0.522106, 3.53049, 0.5, 0.026, 4, 4, 5, 0, 0, 0, 0, 0
10010, 27.6681, 8.5312, 2.4842, 3.80871, 0.5, 0.026, 4, 4, 5, 0, 0, 0, 0, 0
10000, 26.1628, 11.3543, 3.0352, 3.74368, 0.5, 0.026, 4, 4, 5, 0, 0, 0, 0, 0
10011, 28.0715, 6.96041, 2.46856, 3.77502, 0.5, 0.026, 4, 4, 5, 0, 0, 0, 0, 0
10001, 28.2384, 9.38028, 2.46774, 3.64863, 0.5, 0.026, 4, 4, 5, 0, 0, 0, 0, 0

011111, 13.9904, 2.64079, 0.906141, 2.12491, 0.5, 0.026, 4, 4, 5, 0, 0, 0, 0, 0
011110, 15.2392, 4.37014, 1.07746, 2.15703, 0.5, 0.026, 4, 4, 5, 0, 0, 0, 0, 0
001101, 18.5044, 2.06451, 1.13431, 2.00537, 0.5, 0.026, 4, 4, 5, 0, 0, 0, 0, 0
001111, 16.7619, 0.957751, 1.05658, 2.03511, 0.5, 0.026, 4, 4, 5, 0, 0, 0, 0, 0
001011, 19.6531, 2.14505, 1.32881, 2.17832, 0.5, 0.026, 4, 4, 5, 0, 0, 0, 0, 0
010111, 16.4638, 3.2775, 0.477394, 2.23213, 0.5, 0.026, 4, 4, 5, 0, 0, 0, 0, 0
001110, 17.7248, 2.80049, 1.04445, 2.12795, 0.5, 0.026, 4, 4, 5, 0, 0, 0, 0, 0
001100, 19.467, 3.88957, 0.912775, 2.02667, 0.5, 0.026, 4, 4, 5, 0, 0, 0, 0, 0
011011, 16.6115, 4.81332, 1.0789, 2.05026, 0.5, 0.026, 4, 4, 5, 0, 0, 0, 0, 0
011101, 16.1583, 6.27163, 1.23001, 2.07743, 0.5, 0.026, 4, 4, 5, 0, 0, 0, 0, 0
010011, 18.982, 6.97474, 0.552423, 2.09224, 0.5, 0.026, 4, 4, 5, 0, 0, 0, 0, 0
010101, 18.4396, 5.61055, 0.318251, 2.0857, 0.5, 0.026, 4, 4, 5, 0, 0, 0, 0, 0
011010, 17.3409, 6.72927, 1.42741, 2.08968, 0.5, 0.026, 4, 4, 5, 0, 0, 0, 0, 0
010110, 18.2974, 4.47209, 0.385911, 2.1254, 0.5, 0.026, 4, 4, 5, 0, 0, 0, 0, 0
011001, 18.6587, 8.12348, 0.836493, 2.05833, 0.5, 0.026, 4, 4, 5, 0, 0, 0, 0, 0
011100, 16.8508, 8.20061, 0.961484, 2.07487, 0.5, 0.026, 4, 4, 5, 0, 0, 0, 0, 0
111101, 23.4581, 0.965263, 0.850954, 1.97641, 0.5, 0.026, 4, 4, 5, 0, 0, 0, 0, 0
111011, 21.5812, 1.55078, 0.521529, 2.03416, 0.5, 0.026, 4, 4, 5, 0, 0, 0, 0, 0
110111, 21.1911, 2.47166, 0.510308, 2.14103, 0.5, 0.026, 4, 4, 5, 0, 0, 0, 0, 0
11111, 20.6696, 0.500013, -7.14081e-06, 3.94062, 0.5, 0.026, 4, 4, 5, 0, 0, 0, 0, 0
001010, 20.7208, 3.93636, 1.32694, 2.16031, 0.5, 0.026, 4, 4, 5, 0, 0, 0, 0, 0
111010, 23.4199, 2.42804, 0.451476, 2.04772, 0.5, 0.026, 4, 4, 5, 0, 0, 0, 0, 0
110110, 22.8945, 3.68133, 0.501974, 2.06986, 0.5, 0.026, 4, 4, 5, 0, 0, 0, 0, 0
000101, 22.0754, 7.25199, -0.372639, 2.05442, 0.5, 0.026, 4, 4, 5, 0, 0, 0, 0, 0
000111, 20.3682, 5.41166, 0.226221, 2.0606, 0.5, 0.026, 4, 4, 5, 0, 0, 0, 0, 0
001001, 22.3134, 4.49991, 0.507554, 2.12406, 0.5, 0.026, 4, 4, 5, 0, 0, 0, 0, 0
010100, 20.3667, 6.49835, 0.327146, 2.1884, 0.5, 0.026, 4, 4, 5, 0, 0, 0, 0, 0
000110, 22.4168, 5.78021, 0.213739, 2.10886, 0.5, 0.026, 4, 4, 5, 0, 0, 0, 0, 0
000100, 23.9974, 6.58388, -0.29233, 2.01871, 0.5, 0.026, 4, 4, 5, 0, 0, 0, 0, 0
011000, 20.0005, 9.61766, 0.837385, 1.96034, 0.5, 0.026, 4, 4, 5, 0, 0, 0, 0, 0
010010, 20.7599, 8.07348, 0.646715, 2.09754, 0.5, 0.026, 4, 4, 5, 0, 0, 0, 0, 0
000011, 23.5984, 8.07366, 2.20866, 2.0473, 0.5, 0.026, 4, 4, 5, 0, 0, 0, 0, 0
010001, 21.8549, 9.18003, 2.24976, 2.15235, 0.5, 0.026, 4, 4, 5, 0, 0, 0, 0, 0
000000, 22.1755, 11.3627, 2.88516, 2.08244, 0.5, 0.026, 4, 4, 5, 0, 0, 0, 0, 0
000010, 22.5783, 9.87387, 2.24885, 2.14037, 0.5, 0.026, 4, 4, 5, 0, 0, 0, 0, 0
010000, 20.7915, 10.9371, 2.38896, 2.05563, 0.5, 0.026, 4, 4, 5, 0, 0, 0, 0, 0
111001, 25.0769, 3.50208, 0.21268, 2.04405, 0.5, 0.026, 4, 4, 5, 0, 0, 0, 0, 0
101101, 27.3451, 1.57101, 0.779023, 2.08826, 0.5, 0.026, 4, 4, 5, 0, 0, 0, 0, 0
101111, 24.8455, 0.864544, 0.663467, 2.18379, 0.5, 0.026, 4, 4, 5, 0, 0, 0, 0, 0
111100, 25.0079, 2.24455, 0.630172, 2.06038, 0.5, 0.026, 4, 4, 5, 0, 0, 0, 0, 0
111000, 27.089, 3.88278, 0.184811, 2.05504, 0.5, 0.026, 4, 4, 5, 0, 0, 0, 0, 0
101110, 26.4637, 2.29181, 1.02315, 2.21154, 0.5, 0.026, 4, 4, 5, 0, 0, 0, 0, 0
110101, 24.76, 4.45346, 0.207563, 1.99638, 0.5, 0.026, 4, 4, 5, 0, 0, 0, 0, 0
110011, 25.6033, 6.11778, 1.8205, 2.06262, 0.5, 0.026, 4, 4, 5, 0, 0, 0, 0, 0
101010, 27.8299, 6.03829, 2.08244, 2.10783, 0.5, 0.026, 4, 4, 5, 0, 0, 0, 0, 0
001000, 24.217, 5.34703, 0.232053, 2.07159, 0.5, 0.026, 4, 4, 5, 0, 0, 0, 0, 0
100110, 27.3991, 7.79619, 2.54395, 2.17687, 0.5, 0.026, 4, 4, 5, 0, 0, 0, 0, 0
101001, 26.5539, 6.41819, 1.82603, 2.17816, 0.5, 0.026, 4, 4, 5, 0, 0, 0, 0, 0
110100, 26.7686, 4.84238, 0.19451, 2.0985, 0.5, 0.026, 4, 4, 5, 0, 0, 0, 0, 0
100010, 27.9963, 10.1154, 2.35214, 2.08518, 0.5, 0.026, 4, 4, 5, 0, 0, 0, 0, 0
110001, 24.4107, 9.47048, 0.267957, 1.99612, 0.5, 0.026, 4, 4, 5, 0, 0, 0, 0, 0
000001, 24.1255, 10.7173, 2.83757, 2.03222, 0.5, 0.026, 4, 4, 5, 0, 0, 0, 0, 0
110010, 24.8805, 8.0107, 1.6612, 2.08577, 0.5, 0.026, 4, 4, 5, 0, 0, 0, 0, 0
100001, 27.6605, 11.5, 3.14164, 2.13036, 0.5, 0.026, 4, 4, 5, 0, 0, 0, 0, 0
101000, 25.8541, 8.46095, 1.71536, 2.1894, 0.5, 0.026, 4, 4, 5, 0, 0, 0, 0, 0
110000, 26.1433, 10.4248, 0.40031, 2.0245, 0.5, 0.026, 4, 4, 5, 0, 0, 0, 0, 0
100100, 27.111, 9.21255, 2.52844, 2.16566, 0.5, 0.026, 4, 4, 5, 0, 0, 0, 0, 0
100000, 25.5293, 11.4957, 3.13393, 2.13304, 0.5, 0.026, 4, 4, 5, 0, 0, 0, 0, 0
101100, 29.1502, 2.67104, 0.496024, 2.18023, 0.5, 0.026, 4, 4, 5, 0, 0, 0, 0, 0
101011, 28.6112, 4.11035, 1.86176, 2.06908, 0.5, 0.026, 4, 4, 5, 0, 0, 0, 0, 0
100111, 29.0362, 6.41956, 2.52392, 2.12224, 0.5, 0.026, 4, 4, 5, 0, 0, 0, 0, 0
100101, 28.8369, 7.91856, 2.33936, 2.17181, 0.5, 0.026, 4, 4, 5, 0, 0, 0, 0, 0
100011, 29.4904, 8.67461, 2.33092, 2.06999, 0.5, 0.026, 4, 4, 5, 0, 0, 0, 0, 0

011111, 13.8045, 2.40709, 0.913221, 2.41991, 0.5, 0.026, 4, 4, 5, 0, 0, 0, 0, 0
011101, 15.8736, 6.47329, 1.50869, 2.36584, 0.5, 0.026, 4, 4, 5, 0, 0, 0, 0, 0
011110, 14.8476, 4.56081, 1.39576, 2.45648, 0.5, 0.026, 4, 4, 5, 0, 0, 0, 0, 0
111111, 19.1463, 0.500029, 2.65065e-05, 2.25951, 0.5, 0.026, 4, 4, 5, 0, 0, 0, 0, 0
001101, 18.2333, 2.03107, 1.35563, 2.28377, 0.5, 0.026, 4, 4, 5, 0, 0, 0, 0, 0
001111, 16.558, 0.811784, 0.492958, 2.31764, 0.5, 0.026, 4, 4, 5, 0, 0, 0, 0, 0
001011, 19.3233, 2.23405, 1.4507, 2.48073, 0.5, 0.026, 4, 4, 5, 0, 0, 0, 0, 0
010111, 16.0574, 3.04609, 0.780193, 2.54201, 0.5, 0.026, 4, 4, 5, 0, 0, 0, 0, 0
001110, 17.2982, 2.74571, 1.1045, 2.42337, 0.5, 0.026, 4, 4, 5, 0, 0, 0, 0, 0
001100, 19.1412, 3.97684, 0.554428, 2.30803, 0.5, 0.026, 4, 4, 5, 0, 0, 0, 0, 0
011011, 16.2168, 4.68695, 0.882264, 2.33489, 0.5, 0.026, 4, 4, 5, 0, 0, 0, 0, 0
010011, 18.531, 7.0096, 0.379522, 2.3827, 0.5, 0.026, 4, 4, 5, 0, 0, 0, 0, 0
010101, 18.2209, 5.78363, 0.417123, 2.37526, 0.5, 0.026, 4, 4, 5, 0, 0, 0, 0, 0
011010, 16.8954, 6.86702, 1.51292, 2.37979, 0.5, 0.026, 4, 4, 5, 0, 0, 0, 0, 0
010110, 17.9474, 4.57262, 0.36037, 2.42047, 0.5, 0.026, 4, 4, 5, 0, 0, 0, 0, 0
011000, 19.6445, 9.72764, 0.709071, 2.23249, 0.5, 0.026, 4, 4, 5, 0, 0, 0, 0, 0
011001, 18.5201, 8.08051, 0.377612, 2.34408, 0.5, 0.026, 4, 4, 5, 0, 0, 0, 0, 0
011100, 16.6036, 8.53591, 0.591391, 2.36292, 0.5, 0.026, 4, 4, 5, 0, 0, 0, 0, 0
111101, 23.4168, 0.964595, 0.837343, 2.25079, 0.5, 0.026, 4, 4, 5, 0, 0, 0, 0, 0
111011, 21.4386, 1.50732, 0.0180217, 2.31656, 0.5, 0.026, 4, 4, 5, 0, 0, 0, 0, 0
110111, 21.0697, 2.52171, 0.0918285, 2.43827, 0.5, 0.026, 4, 4, 5, 0, 0, 0, 0, 0
111110, 21.3874, 0.50002, 2.05314e-05, 2.22819, 0.5, 0.026, 4, 4, 5, 0, 0, 0, 0, 0
111010, 23.3969, 2.37517, 0.133874, 2.332, 0.5, 0.026, 4, 4, 5, 0, 0, 0, 0, 0
110110, 23.0228, 3.71808, 0.738089, 2.35721, 0.5, 0.026, 4, 4, 5, 0, 0, 0, 0, 0
001010, 20.7109, 4.09986, 1.07572, 2.46023, 0.5, 0.026, 4, 4, 5, 0, 0, 0, 0, 0
000101, 22.0575, 7.42716, -0.64113, 2.33963, 0.5, 0.026, 4, 4, 5, 0, 0, 0, 0, 0
000111, 20.1327, 5.49863, 0.303594, 2.34667, 0.5, 0.026, 4, 4, 5, 0, 0, 0, 0, 0
001001, 22.2445, 4.35291, 0.744592, 2.41894, 0.5, 0.026, 4, 4, 5, 0, 0, 0, 0, 0
010100, 20.4896, 6.63612, 0.237259, 2.49222, 0.5, 0.026, 4, 4, 5, 0, 0, 0, 0, 0
000110, 22.3824, 5.75551, 0.42646, 2.40163, 0.5, 0.026, 4, 4, 5, 0, 0, 0, 0, 0
000001, 23.7555, 10.5486, 3.20619, 2.31435, 0.5, 0.026, 4, 4, 5, 0, 0, 0, 0, 0
010010, 20.3424, 8.23302, 1.24904, 2.38874, 0.5, 0.026, 4, 4, 5, 0, 0, 0, 0, 0
000011, 23.4973, 8.0699, 2.62857, 2.33152, 0.5, 0.026, 4, 4, 5, 0, 0, 0, 0, 0
010001, 21.5225, 9.28577, 2.24064, 2.45116, 0.5, 0.026, 4, 4, 5, 0, 0, 0, 0, 0
000000, 22.3205, 11.5, 3.14155, 2.37154, 0.5, 0.026, 4, 4, 5, 0, 0, 0, 0, 0
000010, 22.2764, 9.93907, 2.24023, 2.43751, 0.5, 0.026, 4, 4, 5, 0, 0, 0, 0, 0
010000, 20.3062, 11.168, 2.62366, 2.34101, 0.5, 0.026, 4, 4, 5, 0, 0, 0, 0, 0
111001, 25.1408, 3.36971, 0.00341881, 2.32782, 0.5, 0.026, 4, 4, 5, 0, 0, 0, 0, 0
101101, 27.5231, 1.15294, 0.903794, 2.37817, 0.5, 0.026, 4, 4, 5, 0, 0, 0, 0, 0
101111, 25.0163, 0.809188, 0.428863, 2.48697, 0.5, 0.026, 4, 4, 5, 0, 0, 0, 0, 0
111100, 25.3715, 2.07784, 0.478871, 2.34642, 0.5, 0.026, 4, 4, 5, 0, 0, 0, 0, 0
111000, 27.438, 3.70697, 0.158071, 2.34033, 0.5, 0.026, 4, 4, 5, 0, 0, 0, 0, 0
101110, 27.0793, 2.14461, 0.85608, 2.51857, 0.5, 0.026, 4, 4, 5, 0, 0, 0, 0, 0
110010, 25.0466, 7.9831, 1.73685, 2.37533, 0.5, 0.026, 4, 4, 5, 0, 0, 0, 0, 0
000100, 24.1824, 6.62518, -0.385437, 2.29897, 0.5, 0.026, 4, 4, 5, 0, 0, 0, 0, 0
110101, 25.1406, 4.3649, 0.00358444, 2.27353, 0.5, 0.026, 4, 4, 5, 0, 0, 0, 0, 0
110011, 25.99, 5.99783, 1.66338, 2.34897, 0.5, 0.026, 4, 4, 5, 0, 0, 0, 0, 0
001000, 24.3647, 5.35129, 0.0717315, 2.35918, 0.5, 0.026, 4, 4, 5, 0, 0, 0, 0, 0
100110, 27.6806, 7.96861, 2.70509, 2.47908, 0.5, 0.026, 4, 4, 5, 0, 0, 0, 0, 0
101001, 26.9355, 6.39657, 1.69129, 2.48055, 0.5, 0.026, 4, 4, 5, 0, 0, 0, 0, 0
110100, 27.4324, 4.71349, 0.152675, 2.38983, 0.5, 0.026, 4, 4, 5, 0, 0, 0, 0, 0
110001, 24.3151, 9.49747, 0.344403, 2.27324, 0.5, 0.026, 4, 4, 5, 0, 0, 0, 0, 0
100001, 27.9609, 11.5, 3.1416, 2.42612, 0.5, 0.026, 4, 4, 5, 0, 0, 0, 0, 0
101000, 25.9461, 8.51818, 1.76708, 2.49335, 0.5, 0.026, 4, 4, 5, 0, 0, 0, 0, 0
110000, 26.1705, 10.5036, -0.00506525, 2.30556, 0.5, 0.026, 4, 4, 5, 0, 0, 0, 0, 0
100100, 27.4284, 9.18839, 2.69859, 2.46631, 0.5, 0.026, 4, 4, 5, 0, 0, 0, 0, 0
100000, 25.5348, 11.5, 3.14158, 2.42917, 0.5, 0.026, 4, 4, 5, 0, 0, 0, 0, 0
101100, 29.5161, 2.45151, 0.473927, 2.4829, 0.5, 0.026, 4, 4, 5, 0, 0, 0, 0, 0
101010, 28.3016, 6.19586, 2.18929, 2.40046, 0.5, 0.026, 4, 4, 5, 0, 0, 0, 0, 0
101011, 29.1021, 4.03435, 1.55486, 2.35633, 0.5, 0.026, 4, 4, 5, 0, 0, 0, 0, 0
100111, 29.4244, 6.33221, 2.18305, 2.41686, 0.5, 0.026, 4, 4, 5, 0, 0, 0, 0, 0
100101, 29.4811, 7.89107, 2.30056, 2.47331, 0.5, 0.026, 4, 4, 5, 0, 0, 0, 0, 0
100010, 28.3215, 10.0297, 2.38509, 2.37467, 0.5, 0.026, 4, 4, 5, 0, 0, 0, 0, 0
100011, 30.1692, 8.61413, 2.29377, 2.35736, 0.5, 0.026, 4, 4, 5, 0, 0, 0, 0, 0

001111, 15.9129, 0.695362, 0.240592, 2.63939, 0.5, 0.026, 4, 4, 5, 0, 0, 0, 0, 0
010111, 15.6065, 2.74495, 0.971229, 2.89491, 0.5, 0.026, 4, 4, 5, 0, 0, 0, 0, 0
011111, 13.7448, 2.20238, 0.790613, 2.75586, 0.5, 0.026, 4, 4, 5, 0, 0, 0, 0, 0
011011, 15.6627, 4.60832, 0.981986, 2.65904, 0.5, 0.026, 4, 4, 5, 0, 0, 0, 0, 0
011101, 15.3397, 6.7497, 1.55778, 2.69429, 0.5, 0.026, 4, 4, 5, 0, 0, 0, 0, 0
011110, 14.2819, 4.70398, 1.4641, 2.79751, 0.5, 0.026, 4, 4, 5, 0, 0, 0, 0, 0
111111, 18.4127, 0.500078, -4.33798e-05, 2.57319, 0.5, 0.026, 4, 4, 5, 0, 0, 0, 0, 0
001101, 17.8579, 2.26295, 1.27226, 2.60082, 0.5, 0.026, 4, 4, 5, 0, 0, 0, 0, 0
001011, 18.9913, 2.39243, 1.39386, 2.82513, 0.5, 0.026, 4, 4, 5, 0, 0, 0, 0, 0
001110, 16.871, 2.68505, 1.17583, 2.7598, 0.5, 0.026, 4, 4, 5, 0, 0, 0, 0, 0
001100, 18.9925, 4.28938, 0.339755, 2.62845, 0.5, 0.026, 4, 4, 5, 0, 0, 0, 0, 0
010011, 18.2955, 7.31673, 0.377241, 2.71348, 0.5, 0.026, 4, 4, 5, 0, 0, 0, 0, 0
010101, 17.8365, 5.98589, 0.460234, 2.70501, 0.5, 0.026, 4, 4, 5, 0, 0, 0, 0, 0
011010, 16.3402, 7.13016, 1.56144, 2.71017, 0.5, 0.026, 4, 4, 5, 0, 0, 0, 0, 0
010110, 17.4924, 4.72831, 0.434607, 2.7565, 0.5, 0.026, 4, 4, 5, 0, 0, 0, 0, 0
010010, 19.9589, 8.38856, 1.76891, 2.72037, 0.5, 0.026, 4, 4, 5, 0, 0, 0, 0, 0
010000, 19.8497, 11.4875, 3.12665, 2.66601, 0.5, 0.026, 4, 4, 5, 0, 0, 0, 0, 0
011000, 18.9816, 9.99804, 0.69644, 2.54242, 0.5, 0.026, 4, 4, 5, 0, 0, 0, 0, 0
011001, 18.1199, 8.31794, 0.382627, 2.66951, 0.5, 0.026, 4, 4, 5, 0, 0, 0, 0, 0
011100, 16.3469, 9.0423, 0.33704, 2.69097, 0.5, 0.026, 4, 4, 5, 0, 0, 0, 0, 0
111101, 23.382, 0.928299, 0.579928, 2.56327, 0.5, 0.026, 4, 4, 5, 0, 0, 0, 0, 0
111011, 21.0615, 1.49028, -0.00599762, 2.63817, 0.5, 0.026, 4, 4, 5, 0, 0, 0, 0, 0
110111, 20.9089, 2.51007, 0.028931, 2.77677, 0.5, 0.026, 4, 4, 5, 0, 0, 0, 0, 0
111110, 20.964, 0.500051, -2.12229e-05, 2.53752, 0.5, 0.026, 4, 4, 5, 0, 0, 0, 0, 0
111010, 23.4924, 2.25382, 0.214044, 2.65575, 0.5, 0.026, 4, 4, 5, 0, 0, 0, 0, 0
110110, 23.1343, 3.75983, 0.927379, 2.68446, 0.5, 0.026, 4, 4, 5, 0, 0, 0, 0, 0
001010, 20.7631, 4.12258, 0.788614, 2.80177, 0.5, 0.026, 4, 4, 5, 0, 0, 0, 0, 0
000101, 21.8927, 7.42864, -0.350819, 2.66444, 0.5, 0.026, 4, 4, 5, 0, 0, 0, 0, 0
000111, 20.0203, 5.56939, 0.0377423, 2.67246, 0.5, 0.026, 4, 4, 5, 0, 0, 0, 0, 0
001001, 22.2656, 4.25791, 0.932268, 2.75475, 0.5, 0.026, 4, 4, 5, 0, 0, 0, 0, 0
010100, 20.4988, 6.54618, -0.0055165, 2.83821, 0.5, 0.026, 4, 4, 5, 0, 0, 0, 0, 0
000110, 22.6359, 6.0189, 0.445276, 2.73504, 0.5, 0.026, 4, 4, 5, 0, 0, 0, 0, 0
000001, 23.5335, 10.5088, 3.35794, 2.63565, 0.5, 0.026, 4, 4, 5, 0, 0, 0, 0, 0
000011, 23.3145, 8.43443, 3.34613, 2.6552, 0.5, 0.026, 4, 4, 5, 0, 0, 0, 0, 0
010001, 21.0059, 9.30827, 2.2474, 2.79145, 0.5, 0.026, 4, 4, 5, 0, 0, 0, 0, 0
000000, 22.5584, 11.4999, 3.14151, 2.70077, 0.5, 0.026, 4, 4, 5, 0, 0, 0, 0, 0
000010, 21.7739, 9.93992, 2.2473, 2.77591, 0.5, 0.026, 4, 4, 5, 0, 0, 0, 0, 0
111001, 24.9735, 3.31609, -0.182557, 2.65099, 0.5, 0.026, 4, 4, 5, 0, 0, 0, 0, 0
101101, 27.9462, 1.01389, 0.645521, 2.70833, 0.5, 0.026, 4, 4, 5, 0, 0, 0, 0, 0
101111, 25.4378, 0.681702, 0.199494, 2.83223, 0.5, 0.026, 4, 4, 5, 0, 0, 0, 0, 0
111100, 25.7368, 2.00743, 0.492157, 2.67217, 0.5, 0.026, 4, 4, 5, 0, 0, 0, 0, 0
111000, 27.651, 3.47854, 0.174792, 2.66524, 0.5, 0.026, 4, 4, 5, 0, 0, 0, 0, 0
101110, 27.8042, 2.10191, 0.59809, 2.86822, 0.5, 0.026, 4, 4, 5, 0, 0, 0, 0, 0
110010, 25.2844, 7.98452, 1.7906, 2.70509, 0.5, 0.026, 4, 4, 5, 0, 0, 0, 0, 0
000100, 24.288, 6.92947, -0.785515, 2.61813, 0.5, 0.026, 4, 4, 5, 0, 0, 0, 0, 0
110101, 25.4182, 4.24271, -0.171981, 2.58917, 0.5, 0.026, 4, 4, 5, 0, 0, 0, 0, 0
110011, 26.3889, 5.9228, 1.57545, 2.67507, 0.5, 0.026, 4, 4, 5, 0, 0, 0, 0, 0
001000, 24.5516, 5.37913, -0.0578223, 2.6867, 0.5, 0.026, 4, 4, 5, 0, 0, 0, 0, 0
101001, 27.3538, 6.3912, 1.6141, 2.82492, 0.5, 0.026, 4, 4, 5, 0, 0, 0, 0, 0
110100, 27.9965, 4.56029, 0.151695, 2.72161, 0.5, 0.026, 4, 4, 5, 0, 0, 0, 0, 0
110001, 24.0843, 9.61348, 0.213659, 2.58883, 0.5, 0.026, 4, 4, 5, 0, 0, 0, 0, 0
101000, 26.1258, 8.64801, 1.82489, 2.83949, 0.5, 0.026, 4, 4, 5, 0, 0, 0, 0, 0
110000, 26.301, 10.5186, -0.046071, 2.62564, 0.5, 0.026, 4, 4, 5, 0, 0, 0, 0, 0
100100, 27.8109, 9.2484, 2.87109, 2.80871, 0.5, 0.026, 4, 4, 5, 0, 0, 0, 0, 0
100000, 25.785, 11.4999, 3.14165, 2.7664, 0.5, 0.026, 4, 4, 5, 0, 0, 0, 0, 0
101100, 30.2357, 2.56059, 0.544183, 2.8276, 0.5, 0.026, 4, 4, 5, 0, 0, 0, 0, 0
101011, 29.6667, 4.00532, 1.2291, 2.68346, 0.5, 0.026, 4, 4, 5, 0, 0, 0, 0, 0
101010, 28.8211, 6.28204, 2.17969, 2.73371, 0.5, 0.026, 4, 4, 5, 0, 0, 0, 0, 0
100111, 30.0411, 6.30233, 2.19623, 2.75239, 0.5, 0.026, 4, 4, 5, 0, 0, 0, 0, 0
100101, 30.1443, 7.89469, 2.17679, 2.81668, 0.5, 0.026, 4, 4, 5, 0, 0, 0, 0, 0
100110, 28.0973, 8.10745, 2.84316, 2.82325, 0.5, 0.026, 4, 4, 5, 0, 0, 0, 0, 0
100001, 28.547, 11.5, 3.14159, 2.76294, 0.5, 0.026, 4, 4, 5, 0, 0, 0, 0, 0
100010, 28.8451, 10.0702, 2.61071, 2.70434, 0.5, 0.026, 4, 4, 5, 0, 0, 0, 0, 0
100011, 30.9521, 8.54048, 2.1375, 2.68463, 0.5, 0.026, 4, 4, 5, 0, 0, 0, 0, 0

001111, 14.9468, 0.77044, 0.273045, 3.00581, 0.5, 0.026, 4, 4, 5, 0, 0, 0, 0, 0
010111, 15.0856, 2.68062, 1.05038, 3.29681, 0.5, 0.026, 4, 4, 5, 0, 0, 0, 0, 0
011111, 13.3679, 1.94431, 0.931613, 3.13846, 0.5, 0.026, 4, 4, 5, 0, 0, 0, 0, 0
011010, 15.6613, 7.5345, 1.47778, 3.08641, 0.5, 0.026, 4, 4, 5, 0, 0, 0, 0, 0
011011, 14.9099, 4.58408, 1.22032, 3.02819, 0.5, 0.026, 4, 4, 5, 0, 0, 0, 0, 0
011101, 14.6332, 7.25121, 1.47449, 3.06833, 0.5, 0.026, 4, 4, 5, 0, 0, 0, 0, 0
011110, 13.5795, 4.79043, 1.55686, 3.18589, 0.5, 0.026, 4, 4, 5, 0, 0, 0, 0, 0
011100, 15.5108, 9.62677, 0.361987, 3.06455, 0.5, 0.026, 4, 4, 5, 0, 0, 0, 0, 0
111111, 17.7154, 0.500005, -3.81913e-06, 2.93042, 0.5, 0.026, 4, 4, 5, 0, 0, 0, 0, 0
001101, 17.2379, 2.43974, 1.04559, 2.96189, 0.5, 0.026, 4, 4, 5, 0, 0, 0, 0, 0
001011, 18.3291, 2.48951, 1.11604, 3.21734, 0.5, 0.026, 4, 4, 5, 0, 0, 0, 0, 0
001110, 16.3987, 2.96978, 1.04101, 3.14294, 0.5, 0.026, 4, 4, 5, 0, 0, 0, 0, 0
000111, 19.8889, 5.75152, -0.0776331, 3.04347, 0.5, 0.026, 4, 4, 5, 0, 0, 0, 0, 0
001100, 18.8401, 4.51705, 0.24416, 2.99336, 0.5, 0.026, 4, 4, 5, 0, 0, 0, 0, 0
010011, 17.9771, 7.52915, 0.376558, 3.09019, 0.5, 0.026, 4, 4, 5, 0, 0, 0, 0, 0
010101, 17.197, 6.14272, 0.383013, 3.08054, 0.5, 0.026, 4, 4, 5, 0, 0, 0, 0, 0
010110, 16.9824, 5.00097, 0.365794, 3.13918, 0.5, 0.026, 4, 4, 5, 0, 0, 0, 0, 0
010010, 19.7375, 8.69469, 1.93157, 3.09803, 0.5, 0.026, 4, 4, 5, 0, 0, 0, 0, 0
010000, 18.7478, 11.5, 3.14162, 3.03613, 0.5, 0.026, 4, 4, 5, 0, 0, 0, 0, 0
011000, 18.0448, 9.95003, 0.624851, 2.89538, 0.5, 0.026, 4, 4, 5, 0, 0, 0, 0, 0
011001, 17.664, 8.47642, 0.377985, 3.04011, 0.5, 0.026, 4, 4, 5, 0, 0, 0, 0, 0
111101, 23.399, 0.971597, 0.513715, 2.91912, 0.5, 0.026, 4, 4, 5, 0, 0, 0, 0, 0
111011, 20.2346, 1.46928, 0.0224327, 3.00442, 0.5, 0.026, 4, 4, 5, 0, 0, 0, 0, 0
110111, 20.4981, 2.44996, 0.00156333, 3.16226, 0.5, 0.026, 4, 4, 5, 0, 0, 0, 0, 0
111110, 20.622, 0.500019, -3.57653e-05, 2.8898, 0.5, 0.026, 4, 4, 5, 0, 0, 0, 0, 0
111010, 23.1504, 2.07002, 0.394282, 3.02444, 0.5, 0.026, 4, 4, 5, 0, 0, 0, 0, 0
110110, 23.1054, 3.70814, 0.903746, 3.05714, 0.5, 0.026, 4, 4, 5, 0, 0, 0, 0, 0
001010, 20.6457, 4.15254, 0.702402, 3.19074, 0.5, 0.026, 4, 4, 5, 0, 0, 0, 0, 0
000101, 22.1093, 7.49087, -0.131682, 3.03434, 0.5, 0.026, 4, 4, 5, 0, 0, 0, 0, 0
001001, 22.2931, 4.28451, 0.905353, 3.13719, 0.5, 0.026, 4, 4, 5, 0, 0, 0, 0, 0
010100, 20.2298, 6.70051, -0.100128, 3.23223, 0.5, 0.026, 4, 4, 5, 0, 0, 0, 0, 0
000110, 22.8744, 6.17374, 0.397722, 3.11474, 0.5, 0.026, 4, 4, 5, 0, 0, 0, 0, 0
110001, 23.8045, 9.51751, 0.0549028, 2.94824, 0.5, 0.026, 4, 4, 5, 0, 0, 0, 0, 0
000001, 23.404, 10.4799, 3.20564, 3.00156, 0.5, 0.026, 4, 4, 5, 0, 0, 0, 0, 0
000011, 23.2088, 8.51349, 3.17173, 3.02382, 0.5, 0.026, 4, 4, 5, 0, 0, 0, 0, 0
010001, 20.5969, 9.55772, 2.10701, 3.17898, 0.5, 0.026, 4, 4, 5, 0, 0, 0, 0, 0
000000, 22.7979, 11.4999, 3.14155, 3.07572, 0.5, 0.026, 4, 4, 5, 0, 0, 0, 0, 0
000010, 21.2869, 10.3434, 2.10436, 3.16129, 0.5, 0.026, 4, 4, 5, 0, 0, 0, 0, 0
111001, 25.1462, 3.15824, -0.316742, 3.01902, 0.5, 0.026, 4, 4, 5, 0, 0, 0, 0, 0
101111, 25.7023, 0.500077, -5.49124e-05, 3.22542, 0.5, 0.026, 4, 4, 5, 0, 0, 0, 0, 0
111100, 26.1973, 1.82492, 0.327357, 3.04314, 0.5, 0.026, 4, 4, 5, 0, 0, 0, 0, 0
110010, 25.7379, 7.77811, 2.10347, 3.08064, 0.5, 0.026, 4, 4, 5, 0, 0, 0, 0, 0
000100, 24.977, 6.82165, -0.831778, 2.9816, 0.5, 0.026, 4, 4, 5, 0, 0, 0, 0, 0
110101, 25.651, 4.03325, -0.309302, 2.94862, 0.5, 0.026, 4, 4, 5, 0, 0, 0, 0, 0
110011, 27.0332, 5.70713, 1.36037, 3.04645, 0.5, 0.026, 4, 4, 5, 0, 0, 0, 0, 0
001000, 24.8684, 5.26026, -0.247006, 3.05969, 0.5, 0.026, 4, 4, 5, 0, 0, 0, 0, 0
101000, 26.3679, 8.6086, 2.13134, 3.2337, 0.5, 0.026, 4, 4, 5, 0, 0, 0, 0, 0
110000, 26.3952, 10.5278, -0.0403559, 2.99015, 0.5, 0.026, 4, 4, 5, 0, 0, 0, 0, 0
100000, 25.9077, 11.4998, 3.14168, 3.15046, 0.5, 0.026, 4, 4, 5, 0, 0, 0, 0, 0
111000, 28.4819, 3.23879, 0.137037, 3.03525, 0.5, 0.026, 4, 4, 5, 0, 0, 0, 0, 0
101110, 28.4809, 1.793, 0.531192, 3.26641, 0.5, 0.026, 4, 4, 5, 0, 0, 0, 0, 0
101011, 30.5935, 3.75934, 1.35952, 3.05599, 0.5, 0.026, 4, 4, 5, 0, 0, 0, 0, 0
101101, 29.105, 1.01658, 0.518367, 3.08432, 0.5, 0.026, 4, 4, 5, 0, 0, 0, 0, 0
101100, 31.3852, 2.60408, 1.2245, 3.22015, 0.5, 0.026, 4, 4, 5, 0, 0, 0, 0, 0
101001, 28.3157, 6.33444, 1.73244, 3.2171, 0.5, 0.026, 4, 4, 5, 0, 0, 0, 0, 0
110100, 28.6679, 4.25819, 0.127005, 3.09944, 0.5, 0.026, 4, 4, 5, 0, 0, 0, 0, 0
101010, 29.5541, 6.34316, 1.94876, 3.11323, 0.5, 0.026, 4, 4, 5, 0, 0, 0, 0, 0
100111, 30.8161, 6.45729, 2.15374, 3.1345, 0.5, 0.026, 4, 4, 5, 0, 0, 0, 0, 0
100100, 28.0808, 9.45225, 3.09105, 3.19864, 0.5, 0.026, 4, 4, 5, 0, 0, 0, 0, 0
100101, 30.952, 8.26528, 2.05374, 3.20772, 0.5, 0.026, 4, 4, 5, 0, 0, 0, 0, 0
100110, 28.7258, 8.37143, 3.04373, 3.2152, 0.5, 0.026, 4, 4, 5, 0, 0, 0, 0, 0
100001, 29.0537, 11.5, 3.14161, 3.14651, 0.5, 0.026, 4, 4, 5, 0, 0, 0, 0, 0
100010, 29.4197, 10.372, 3.01679, 3.07978, 0.5, 0.026, 4, 4, 5, 0, 0, 0, 0, 0
100011, 31.7887, 8.8048, 2.04715, 3.05733, 0.5, 0.026, 4, 4, 5, 0, 0, 0, 0, 0

001110, 15.7909, 3.09931, 0.950022, 3.57927, 0.5, 0.026, 4, 4, 5, 0, 0, 0, 0, 0
001111, 13.8594, 0.776744, 0.230359, 3.4231, 0.5, 0.026, 4, 4, 5, 0, 0, 0, 0, 0
010111, 14.4331, 2.88023, 0.963368, 3.7545, 0.5, 0.026, 4, 4, 5, 0, 0, 0, 0, 0
011111, 12.3189, 1.66355, 0.912252, 3.57416, 0.5, 0.026, 4, 4, 5, 0, 0, 0, 0, 0
011011, 14.0411, 4.67492, 1.25234, 3.44859, 0.5, 0.026, 4, 4, 5, 0, 0, 0, 0, 0
011101, 13.7446, 7.80358, 1.56139, 3.4943, 0.5, 0.026, 4, 4, 5, 0, 0, 0, 0, 0
011110, 12.7307, 4.88827, 1.51807, 3.62818, 0.5, 0.026, 4, 4, 5, 0, 0, 0, 0, 0
011010, 14.7432, 8.04222, 1.5634, 3.5149, 0.5, 0.026, 4, 4, 5, 0, 0, 0, 0, 0
011100, 14.8535, 10.3288, 0.170061, 3.48999, 0.5, 0.026, 4, 4, 5, 0, 0, 0, 0, 0
111011, 19.6252, 1.48243, 0.00814732, 3.42152, 0.5, 0.026, 4, 4, 5, 0, 0, 0, 0, 0
111111, 17.0333, 0.500076, -7.5529e-05, 3.33725, 0.5, 0.026, 4, 4, 5, 0, 0, 0, 0, 0
001101, 16.6856, 2.66517, 0.937317, 3.37308, 0.5, 0.026, 4, 4, 5, 0, 0, 0, 0, 0
001011, 17.7758, 2.62146, 1.00696, 3.664, 0.5, 0.026, 4, 4, 5, 0, 0, 0, 0, 0
000111, 19.8174, 5.90688, -0.133155, 3.46599, 0.5, 0.026, 4, 4, 5, 0, 0, 0, 0, 0
001100, 18.6115, 4.76524, 0.116388, 3.40892, 0.5, 0.026, 4, 4, 5, 0, 0, 0, 0, 0
010011, 17.5629, 7.71534, 0.288315, 3.5192, 0.5, 0.026, 4, 4, 5, 0, 0, 0, 0, 0
010101, 16.6454, 6.40556, 0.269086, 3.50821, 0.5, 0.026, 4, 4, 5, 0, 0, 0, 0, 0
010110, 16.4445, 5.33284, 0.256593, 3.57499, 0.5, 0.026, 4, 4, 5, 0, 0, 0, 0, 0
010010, 19.4538, 8.81414, 2.25571, 3.52813, 0.5, 0.026, 4, 4, 5, 0, 0, 0, 0, 0
010000, 17.5707, 11.5, 3.1416, 3.45763, 0.5, 0.026, 4, 4, 5, 0, 0, 0, 0, 0
011000, 16.9727, 9.91335, 0.540068, 3.29735, 0.5, 0.026, 4, 4, 5, 0, 0, 0, 0, 0
011001, 16.9224, 8.55482, 0.279675, 3.46216, 0.5, 0.026, 4, 4, 5, 0, 0, 0, 0, 0
111101, 23.4857, 1.18399, 0.519082, 3.32438, 0.5, 0.026, 4, 4, 5, 0, 0, 0, 0, 0
110111, 20.156, 2.43156, -0.0304016, 3.60127, 0.5, 0.026, 4, 4, 5, 0, 0, 0, 0, 0
111110, 20.3415, 0.50006, -3.37086e-05, 3.29099, 0.5, 0.026, 4, 4, 5, 0, 0, 0, 0, 0
111010, 22.9032, 2.01957, 0.501557, 3.44432, 0.5, 0.026, 4, 4, 5, 0, 0, 0, 0, 0
110110, 23.2067, 3.73416, 0.798932, 3.48156, 0.5, 0.026, 4, 4, 5, 0, 0, 0, 0, 0
001010, 20.5254, 4.19076, 0.598843, 3.63371, 0.5, 0.026, 4, 4, 5, 0, 0, 0, 0, 0
000101, 22.4601, 7.60351, -0.0399324, 3.45559, 0.5, 0.026, 4, 4, 5, 0, 0, 0, 0, 0
001001, 22.3926, 4.31426, 0.80432, 3.57272, 0.5, 0.026, 4, 4, 5, 0, 0, 0, 0, 0
010100, 20.1326, 6.84769, -0.148155, 3.68096, 0.5, 0.026, 4, 4, 5, 0, 0, 0, 0, 0
000110, 23.2189, 6.3044, 0.375977, 3.54716, 0.5, 0.026, 4, 4, 5, 0, 0, 0, 0, 0
110001, 23.6226, 9.52803, -0.0202021, 3.35754, 0.5, 0.026, 4, 4, 5, 0, 0, 0, 0, 0
000001, 23.1047, 10.5139, 3.13507, 3.41826, 0.5, 0.026, 4, 4, 5, 0, 0, 0, 0, 0
000011, 23.1354, 8.56656, 3.1047, 3.44361, 0.5, 0.026, 4, 4, 5, 0, 0, 0, 0, 0
010001, 20.0807, 9.60289, 2.26324, 3.62031, 0.5, 0.026, 4, 4, 5, 0, 0, 0, 0, 0
000000, 22.4919, 11.4999, 3.14159, 3.50271, 0.5, 0.026, 4, 4, 5, 0, 0, 0, 0, 0
000010, 20.6254, 10.4972, 2.26063, 3.60016, 0.5, 0.026, 4, 4, 5, 0, 0, 0, 0, 0
110101, 26.0987, 3.8381, -0.405202, 3.35798, 0.5, 0.026, 4, 4, 5, 0, 0, 0, 0, 0
111001, 25.4974, 3.02413, -0.412829, 3.43815, 0.5, 0.026, 4, 4, 5, 0, 0, 0, 0, 0
101111, 25.6306, 0.500207, 0.00010752, 3.6732, 0.5, 0.026, 4, 4, 5, 0, 0, 0, 0, 0
111100, 26.6621, 1.54116, 0.0872759, 3.46562, 0.5, 0.026, 4, 4, 5, 0, 0, 0, 0, 0
110010, 26.1888, 7.72652, 2.30902, 3.50832, 0.5, 0.026, 4, 4, 5, 0, 0, 0, 0, 0
000100, 25.7079, 6.79821, -0.849977, 3.39554, 0.5, 0.026, 4, 4, 5, 0, 0, 0, 0, 0
110011, 27.7641, 5.53374, 1.31607, 3.46938, 0.5, 0.026, 4, 4, 5, 0, 0, 0, 0, 0
001000, 25.3791, 5.22806, -0.328444, 3.48447, 0.5, 0.026, 4, 4, 5, 0, 0, 0, 0, 0
101000, 26.7134, 8.59252, 2.32771, 3.68262, 0.5, 0.026, 4, 4, 5, 0, 0, 0, 0, 0
110000, 26.5086, 10.5355, -0.0374386, 3.40527, 0.5, 0.026, 4, 4, 5, 0, 0, 0, 0, 0
100000, 26.0354, 11.4999, 3.14167, 3.58783, 0.5, 0.026, 4, 4, 5, 0, 0, 0, 0, 0
110100, 29.4731, 3.90381, 0.15174, 3.52974, 0.5, 0.026, 4, 4, 5, 0, 0, 0, 0, 0
111000, 29.0703, 2.84814, 0.168362, 3.45663, 0.5, 0.026, 4, 4, 5, 0, 0, 0, 0, 0
101110, 29.0901, 1.26482, 0.59722, 3.71988, 0.5, 0.026, 4, 4, 5, 0, 0, 0, 0, 0
101011, 31.5949, 3.60034, 1.17325, 3.48025, 0.5, 0.026, 4, 4, 5, 0, 0, 0, 0, 0
101101, 30.6921, 1.09626, 0.494545, 3.51252, 0.5, 0.026, 4, 4, 5, 0, 0, 0, 0, 0
101001, 29.2013, 6.23153, 1.78641, 3.66372, 0.5, 0.026, 4, 4, 5, 0, 0, 0, 0, 0
101010, 30.1993, 6.30611, 1.79294, 3.54543, 0.5, 0.026, 4, 4, 5, 0, 0, 0, 0, 0
100111, 31.7644, 6.57935, 2.27031, 3.56966, 0.5, 0.026, 4, 4, 5, 0, 0, 0, 0, 0
100100, 28.5363, 9.51881, 3.14604, 3.6427, 0.5, 0.026, 4, 4, 5, 0, 0, 0, 0, 0
100110, 29.4781, 8.53713, 3.15268, 3.66156, 0.5, 0.026, 4, 4, 5, 0, 0, 0, 0, 0
100001, 29.619, 11.4998, 3.1416, 3.58333, 0.5, 0.026, 4, 4, 5, 0, 0, 0, 0, 0
100010, 29.9593, 10.5163, 3.13133, 3.50734, 0.5, 0.026, 4, 4, 5, 0, 0, 0, 0, 0
101100, 32.7734, 2.39157, 1.60393, 3.6672, 0.5, 0.026, 4, 4, 5, 0, 0, 0, 0, 0
100101, 32.0184, 8.33797, 2.01958, 3.65304, 0.5, 0.026, 4, 4, 5, 0, 0, 0, 0, 0
100011, 32.695, 9.18853, 1.98602, 3.48178, 0.5, 0.026, 4, 4, 5, 0, 0, 0, 0, 0

0111111, 10.1959, 0.853098, 0.766983, 2.01759, 0.5, 0.026, 4, 4, 5, 0, 0, 0, 0, 0
0111101, 11.6974, 3.91111, 1.32714, 2.08932, 0.5, 0.026, 4, 4, 5, 0, 0, 0, 0, 0
0111110, 11.7664, 2.13993, 0.695352, 2.05276, 0.5, 0.026, 4, 4, 5, 0, 0, 0, 0, 0
0011101, 14.6028, 2.50667, 0.692978, 2.07321, 0.5, 0.026, 4, 4, 5, 0, 0, 0, 0, 0
001101, 15.9382, 2.62414, 0.914393, 3.84136, 0.5, 0.026, 4, 4, 5, 0, 0, 0, 0, 0
0101111, 13.1305, 2.19086, 1.20256, 2.09246, 0.5, 0.026, 4, 4, 5, 0, 0, 0, 0, 0
001111, 12.679, 0.835739, 0.233789, 3.89833, 0.5, 0.026, 4, 4, 5, 0, 0, 0, 0, 0
0101110, 14.4695, 3.80489, 0.835638, 2.18327, 0.5, 0.026, 4, 4, 5, 0, 0, 0, 0, 0
0110101, 13.8272, 7.56594, 1.84615, 1.97151, 0.5, 0.026, 4, 4, 5, 0, 0, 0, 0, 0
0100111, 15.8578, 7.5236, 0.213749, 2.05074, 0.5, 0.026, 4, 4, 5, 0, 0, 0, 0, 0
0011100, 15.8514, 4.04949, 1.27924, 2.00297, 0.5, 0.026, 4, 4, 5, 0, 0, 0, 0, 0
0101101, 14.8133, 5.24373, 0.120125, 2.02252, 0.5, 0.026, 4, 4, 5, 0, 0, 0, 0, 0
0111100, 12.042, 5.94179, 1.5246, 2.04256, 0.5, 0.026, 4, 4, 5, 0, 0, 0, 0, 0
011011, 13.1249, 4.74419, 1.20041, 3.92735, 0.5, 0.026, 4, 4, 5, 0, 0, 0, 0, 0
011101, 12.5961, 8.28732, 1.83673, 3.97941, 0.5, 0.026, 4, 4, 5, 0, 0, 0, 0, 0
0110100, 13.3037, 9.49563, 1.83998, 2.03135, 0.5, 0.026, 4, 4, 5, 0, 0, 0, 0, 0
011100, 13.5778, 10.9126, -0.278105, 3.9745, 0.5, 0.026, 4, 4, 5, 0, 0, 0, 0, 0
111110, 19.9956, 0.500015, -1.40311e-05, 3.74787, 0.5, 0.026, 4, 4, 5, 0, 0, 0, 0, 0
1101111, 18.7193, 2.30292, -0.0393975, 2.00356, 0.5, 0.026, 4, 4, 5, 0, 0, 0, 0, 0
0010101, 19.4454, 3.5971, 0.453909, 2.09128, 0.5, 0.026, 4, 4, 5, 0, 0, 0, 0, 0
0010111, 16.5152, 1.88497, 0.74734, 2.1343, 0.5, 0.026, 4, 4, 5, 0, 0, 0, 0, 0
111011, 19.1005, 1.50157, 0.00174347, 3.89652, 0.5, 0.026, 4, 4, 5, 0, 0, 0, 0, 0
111111, 16.2255, 0.500035, 2.91725e-06, 3.80055, 0.5, 0.026, 4, 4, 5, 0, 0, 0, 0, 0
0010110, 17.8361, 3.48921, 0.973404, 2.03836, 0.5, 0.026, 4, 4, 5, 0, 0, 0, 0, 0
0100101, 19.8071, 7.95186, 2.52816, 2.03821, 0.5, 0.026, 4, 4, 5, 0, 0, 0, 0, 0
0101100, 16.7755, 5.71718, 0.107535, 2.04878, 0.5, 0.026, 4, 4, 5, 0, 0, 0, 0, 0
0101001, 19.0784, 6.97391, -0.196088, 2.08728, 0.5, 0.026, 4, 4, 5, 0, 0, 0, 0, 0
000111, 19.6797, 5.87444, -0.175207, 3.94717, 0.5, 0.026, 4, 4, 5, 0, 0, 0, 0, 0
001100, 18.4134, 4.78235, 0.0336037, 3.88218, 0.5, 0.026, 4, 4, 5, 0, 0, 0, 0, 0
0100110, 17.8157, 7.94754, 0.202373, 1.95703, 0.5, 0.026, 4, 4, 5, 0, 0, 0, 0, 0
010101, 16.1061, 6.55409, 0.218271, 3.99525, 0.5, 0.026, 4, 4, 5, 0, 0, 0, 0, 0
0000100, 19.4882, 11.159, 2.43873, 2.05494, 0.5, 0.026, 4, 4, 5, 0, 0, 0, 0, 0
0100010, 18.9902, 10.267, 2.429, 2.10508, 0.5, 0.026, 4, 4, 5, 0, 0, 0, 0, 0
0100100, 18.4671, 9.41113, 2.40782, 1.97973, 0.5, 0.026, 4, 4, 5, 0, 0, 0, 0, 0
010000, 16.6196, 11.4999, 3.14161, 3.93765, 0.5, 0.026, 4, 4, 5, 0, 0, 0, 0, 0
011000, 16.1346, 9.92272, 0.429086, 3.75511, 0.5, 0.026, 4, 4, 5, 0, 0, 0, 0, 0
011001, 16.1005, 8.59392, 0.215262, 3.94281, 0.5, 0.026, 4, 4, 5, 0, 0, 0, 0, 0
0010011, 21.6173, 3.6719, 0.36471, 2.04748, 0.5, 0.026, 4, 4, 5, 0, 0, 0, 0, 0
1101110, 20.5816, 2.57932, -0.405051, 2.09768, 0.5, 0.026, 4, 4, 5, 0, 0, 0, 0, 0
111101, 23.5959, 1.1533, 0.48816, 3.78589, 0.5, 0.026, 4, 4, 5, 0, 0, 0, 0, 0
111010, 22.8918, 2.04948, 0.401553, 3.92249, 0.5, 0.026, 4, 4, 5, 0, 0, 0, 0, 0
110110, 23.1581, 3.68411, 0.678397, 3.96489, 0.5, 0.026, 4, 4, 5, 0, 0, 0, 0, 0
0001101, 22.5889, 5.92695, 0.408179, 2.01542, 0.5, 0.026, 4, 4, 5, 0, 0, 0, 0, 0
0010100, 21.248, 4.59646, 0.364656, 2.04689, 0.5, 0.026, 4, 4, 5, 0, 0, 0, 0, 0
000101, 22.6958, 7.57498, -0.02385, 3.93533, 0.5, 0.026, 4, 4, 5, 0, 0, 0, 0, 0
0010010, 23.1515, 4.94063, 0.676174, 2.02124, 0.5, 0.026, 4, 4, 5, 0, 0, 0, 0, 0
0101000, 21.1267, 6.61308, 0.0138505, 2.1047, 0.5, 0.026, 4, 4, 5, 0, 0, 0, 0, 0
0000101, 20.8513, 9.69747, 2.60489, 2.04502, 0.5, 0.026, 4, 4, 5, 0, 0, 0, 0, 0
0100011, 20.3926, 8.79522, 2.5823, 2.01784, 0.5, 0.026, 4, 4, 5, 0, 0, 0, 0, 0
110001, 23.7035, 9.52514, -0.00710672, 3.82366, 0.5, 0.026, 4, 4, 5, 0, 0, 0, 0, 0
000001, 22.9079, 10.5037, 3.14847, 3.89281, 0.5, 0.026, 4, 4, 5, 0, 0, 0, 0, 0
000011, 23.282, 8.55311, 3.12037, 3.92169, 0.5, 0.026, 4, 4, 5, 0, 0, 0, 0, 0
000000, 22.1125, 11.5, 3.14161, 3.98899, 0.5, 0.026, 4, 4, 5, 0, 0, 0, 0, 0
1011111, 24.525, 0.501697, -0.00315634, 2.07553, 0.5, 0.026, 4, 4, 5, 0, 0, 0, 0, 0
110101, 26.5866, 3.82264, -0.369796, 3.82416, 0.5, 0.026, 4, 4, 5, 0, 0, 0, 0, 0
111001, 25.9402, 3.01231, -0.379454, 3.91546, 0.5, 0.026, 4, 4, 5, 0, 0, 0, 0, 0
1011110, 26.6105, 0.504869, 0.00863604, 2.10761, 0.5, 0.026, 4, 4, 5, 0, 0, 0, 0, 0
111100, 27.2277, 1.4729, 0.0167523, 3.94674, 0.5, 0.026, 4, 4, 5, 0, 0, 0, 0, 0
0001100, 24.4885, 6.59306, 0.215477, 2.02419, 0.5, 0.026, 4, 4, 5, 0, 0, 0, 0, 0
1010001, 27.6848, 7.87456, 2.70573, 2.09696, 0.5, 0.026, 4, 4, 5, 0, 0, 0, 0, 0
110010, 26.8143, 7.70155, 2.39141, 3.99537, 0.5, 0.026, 4, 4, 5, 0, 0, 0, 0, 0
000100, 26.3704, 6.73628, -0.740249, 3.86693, 0.5, 0.026, 4, 4, 5, 0, 0, 0, 0, 0
001000, 25.9655, 5.16396, -0.288805, 3.96821, 0.5, 0.026, 4, 4, 5, 0, 0, 0, 0, 0
1000001, 27.1844, 11.4904, 3.16063, 2.00381, 0.5, 0.026, 4, 4, 5, 0, 0, 0, 0, 0
1010000, 26.4546, 9.46951, 2.05075, 2.09692, 0.5, 0.026, 4, 4, 5, 0, 0, 0, 0, 0
110000, 26.7892, 10.5154, 0.0203918, 3.87801, 0.5, 0.026, 4, 4, 5, 0, 0, 0, 0, 0
1000000, 25.1449, 11.5, 3.14158, 2.08212, 0.5, 0.026, 4, 4, 5, 0, 0, 0, 0, 0
1011011, 30.7691, 0.566344, 0.128843, 2.02988, 0.5, 0.026, 4, 4, 5, 0, 0, 0, 0, 0
1101001, 29.3808, 3.50669, 0.07377, 1.97144, 0.5, 0.026, 4, 4, 5, 0, 0, 0, 0, 0
1011101, 28.7163, 0.50002, -1.24622e-05, 2.1446, 0.5, 0.026, 4, 4, 5, 0, 0, 0, 0, 0
1101000, 31.3802, 3.59905, 0.165674, 2.04833, 0.5, 0.026, 4, 4, 5, 0, 0, 0, 0, 0
111000, 29.9411, 2.51319, 0.0138813, 3.93651, 0.5, 0.026, 4, 4, 5, 0, 0, 0, 0, 0
1011100, 30.4761, 1.5728, 0.060605, 2.09171, 0.5, 0.026, 4, 4, 5, 0, 0, 0, 0, 0
1010101, 31.0113, 5.07859, 1.60984, 2.04966, 0.5, 0.026, 4, 4, 5, 0, 0, 0, 0, 0
1010011, 29.9665, 5.05881, 1.69623, 2.04001, 0.5, 0.026, 4, 4, 5, 0, 0, 0, 0, 0
110011, 28.6762, 5.69256, 1.30922, 3.95103, 0.5, 0.026, 4, 4, 5, 0, 0, 0, 0, 0
1010010, 30.0627, 7.11027, 1.68945, 2.13234, 0.5, 0.026, 4, 4, 5, 0, 0, 0, 0, 0
1010100, 31.0633, 7.08154, 1.71119, 1.98798, 0.5, 0.026, 4, 4, 5, 0, 0, 0, 0, 0
1000011, 31.2411, 11.4976, 3.14574, 2.04244, 0.5, 0.026, 4, 4, 5, 0, 0, 0, 0, 0
1001001, 30.1797, 9.60249, 3.15635, 2.06171, 0.5, 0.026, 4, 4, 5, 0, 0, 0, 0, 0
1001101, 31.1745, 8.61874, 3.15914, 2.12925, 0.5, 0.026, 4, 4, 5, 0, 0, 0, 0, 0
1001000, 28.1084, 9.53409, 3.21263, 2.0867, 0.5, 0.026, 4, 4, 5, 0, 0, 0, 0, 0
1001100, 29.091, 8.58011, 3.17145, 2.04064, 0.5, 0.026, 4, 4, 5, 0, 0, 0, 0, 0
1000010, 29.2027, 11.5, 3.1416, 2.03836, 0.5, 0.026, 4, 4, 5, 0, 0, 0, 0, 0
100010, 30.7204, 10.5264, 3.15979, 3.99426, 0.5, 0.026, 4, 4, 5, 0, 0, 0, 0, 0
1011010, 32.7295, 0.849234, 0.156369, 1.97027, 0.5, 0.026, 4, 4, 5, 0, 0, 0, 0, 0
1011001, 34.1975, 1.35955, 1.82438, 2.06889, 0.5, 0.026, 4, 4, 5, 0, 0, 0, 0, 0
101011, 32.8366, 3.28676, 1.3767, 3.96341, 0.5, 0.026, 4, 4, 5, 0, 0, 0, 0, 0
1011000, 33.7038, 3.3668, 1.58893, 2.10743, 0.5, 0.026, 4, 4, 5, 0, 0, 0, 0, 0
1001111, 33.5755, 5.66849, 2.43169, 2.0076, 0.5, 0.026, 4, 4, 5, 0, 0, 0, 0, 0
1001011, 33.4896, 7.22643, 2.17962, 2.03243, 0.5, 0.026, 4, 4, 5, 0, 0, 0, 0, 0
1001110, 32.2807, 7.22012, 2.15348, 2.05763, 0.5, 0.026, 4, 4, 5, 0, 0, 0, 0, 0
1001010, 32.6318, 9.08822, 2.14918, 2.12776, 0.5, 0.026, 4, 4, 5, 0, 0, 0, 0, 0
100011, 33.6933, 9.45419, 1.92932, 3.96515, 0.5, 0.026, 4, 4, 5, 0, 0, 0, 0, 0

0101111, 11.9923, 1.9984, 1.13441, 2.38295, 0.5, 0.026, 4, 4, 5, 0, 0, 0, 0, 0
0011111, 10.5812, 0.500042, 1.99497e-05, 2.27517, 0.5, 0.026, 4, 4, 5, 0, 0, 0, 0, 0
0111111, 9.33042, 1.32546, 0.883608, 2.29769, 0.5, 0.026, 4, 4, 5, 0, 0, 0, 0, 0
0111101, 10.8784, 3.91379, 0.88913, 2.37937, 0.5, 0.026, 4, 4, 5, 0, 0, 0, 0, 0
0111110, 11.0089, 2.24034, 1.12773, 2.33775, 0.5, 0.026, 4, 4, 5, 0, 0, 0, 0, 0
0111011, 11.5645, 7.27984, 2.20241, 2.2905, 0.5, 0.026, 4, 4, 5, 0, 0, 0, 0, 0
0111100, 10.8983, 6.06174, 1.80159, 2.32612, 0.5, 0.026, 4, 4, 5, 0, 0, 0, 0, 0
0111010, 11.6341, 9.53142, 1.49072, 2.24137, 0.5, 0.026, 4, 4, 5, 0, 0, 0, 0, 0
0010111, 15.9053, 1.88302, 0.822585, 2.4306, 0.5, 0.026, 4, 4, 5, 0, 0, 0, 0, 0
0011010, 15.812, 3.62231, 0.865656, 2.20997, 0.5, 0.026, 4, 4, 5, 0, 0, 0, 0, 0
1111111, 14.3215, 0.500009, -1.3325e-05, 2.1962, 0.5, 0.026, 4, 4, 5, 0, 0, 0, 0, 0
0011011, 14.5087, 1.93078, 0.614332, 2.16469, 0.5, 0.026, 4, 4, 5, 0, 0, 0, 0, 0
0011101, 13.7726, 2.63919, 0.600815, 2.36103, 0.5, 0.026, 4, 4, 5, 0, 0, 0, 0, 0
0011110, 12.6535, 0.884154, 0.720685, 2.16436, 0.5, 0.026, 4, 4, 5, 0, 0, 0, 0, 0
0101110, 13.4677, 3.8926, 0.890069, 2.48637, 0.5, 0.026, 4, 4, 5, 0, 0, 0, 0, 0
0110111, 12.3832, 4.11187, 0.796458, 2.2623, 0.5, 0.026, 4, 4, 5, 0, 0, 0, 0, 0
0101011, 14.2889, 6.4471, -0.00245771, 2.23028, 0.5, 0.026, 4, 4, 5, 0, 0, 0, 0, 0
0110101, 12.5549, 7.6127, 2.21394, 2.24521, 0.5, 0.026, 4, 4, 5, 0, 0, 0, 0, 0
0100111, 14.9296, 7.64339, 0.314871, 2.33544, 0.5, 0.026, 4, 4, 5, 0, 0, 0, 0, 0
0011100, 15.1812, 4.40341, 0.855328, 2.28103, 0.5, 0.026, 4, 4, 5, 0, 0, 0, 0, 0
0101101, 14.1231, 5.46016, -0.011674, 2.30331, 0.5, 0.026, 4, 4, 5, 0, 0, 0, 0, 0
0110110, 12.3701, 5.64838, 0.942048, 2.21028, 0.5, 0.026, 4, 4, 5, 0, 0, 0, 0, 0
0110001, 14.2106, 9.53067, 0.00573099, 2.16784, 0.5, 0.026, 4, 4, 5, 0, 0, 0, 0, 0
0100000, 14.4257, 11.4997, 3.14172, 2.23642, 0.5, 0.026, 4, 4, 5, 0, 0, 0, 0, 0
0110011, 13.8842, 8.44807, 0.153819, 2.29105, 0.5, 0.026, 4, 4, 5, 0, 0, 0, 0, 0
0111001, 12.1765, 11.4513, -0.061156, 2.27874, 0.5, 0.026, 4, 4, 5, 0, 0, 0, 0, 0
0110100, 12.6423, 9.76464, 1.50791, 2.31336, 0.5, 0.026, 4, 4, 5, 0, 0, 0, 0, 0
0111000, 14.3053, 10.5162, -0.000991213, 2.24754, 0.5, 0.026, 4, 4, 5, 0, 0, 0, 0, 0
1110110, 19.7201, 1.5182, -0.0455444, 2.22331, 0.5, 0.026, 4, 4, 5, 0, 0, 0, 0, 0
1111101, 18.6192, 0.500012, 0.000158135, 2.15249, 0.5, 0.026, 4, 4, 5, 0, 0, 0, 0, 0
1110111, 17.508, 1.49118, -0.0019686, 2.21416, 0.5, 0.026, 4, 4, 5, 0, 0, 0, 0, 0
1101111, 18.0303, 2.46292, -0.0298124, 2.28171, 0.5, 0.026, 4, 4, 5, 0, 0, 0, 0, 0
0010101, 19.0295, 3.72127, 0.326796, 2.3816, 0.5, 0.026, 4, 4, 5, 0, 0, 0, 0, 0
1111110, 16.4833, 0.500109, -0.000153874, 2.13197, 0.5, 0.026, 4, 4, 5, 0, 0, 0, 0, 0
0010110, 17.28, 3.78205, 0.824351, 2.32134, 0.5, 0.026, 4, 4, 5, 0, 0, 0, 0, 0
0011001, 17.2097, 5.14821, 0.292472, 2.18763, 0.5, 0.026, 4, 4, 5, 0, 0, 0, 0, 0
0001111, 18.6199, 6.08873, -0.324249, 2.29768, 0.5, 0.026, 4, 4, 5, 0, 0, 0, 0, 0
0100101, 19.3577, 7.93253, 2.83988, 2.32117, 0.5, 0.026, 4, 4, 5, 0, 0, 0, 0, 0
0101100, 16.371, 5.99878, 0.193479, 2.3332, 0.5, 0.026, 4, 4, 5, 0, 0, 0, 0, 0
0101001, 18.7696, 7.08089, -0.314147, 2.37705, 0.5, 0.026, 4, 4, 5, 0, 0, 0, 0, 0
0011000, 19.2006, 4.8635, 0.184694, 2.2335, 0.5, 0.026, 4, 4, 5, 0, 0, 0, 0, 0
0101010, 16.4809, 7.02581, 0.196682, 2.31962, 0.5, 0.026, 4, 4, 5, 0, 0, 0, 0, 0
0110000, 16.1887, 10.2066, 0.565952, 2.10859, 0.5, 0.026, 4, 4, 5, 0, 0, 0, 0, 0
0100110, 17.1416, 8.17095, 0.200786, 2.22872, 0.5, 0.026, 4, 4, 5, 0, 0, 0, 0, 0
0100001, 16.6629, 11.4999, 3.14152, 2.24789, 0.5, 0.026, 4, 4, 5, 0, 0, 0, 0, 0
0110010, 16.0984, 8.9709, 0.212403, 2.19913, 0.5, 0.026, 4, 4, 5, 0, 0, 0, 0, 0
0000100, 18.9633, 11.1006, 2.50312, 2.34023, 0.5, 0.026, 4, 4, 5, 0, 0, 0, 0, 0
0100010, 18.4129, 10.2695, 2.50532, 2.39733, 0.5, 0.026, 4, 4, 5, 0, 0, 0, 0, 0
0100100, 17.8769, 9.43715, 2.49811, 2.25457, 0.5, 0.026, 4, 4, 5, 0, 0, 0, 0, 0
1111100, 20.7464, 0.500016, -0.000155996, 2.11569, 0.5, 0.026, 4, 4, 5, 0, 0, 0, 0, 0
1111011, 22.8095, 0.762085, 0.472848, 2.15038, 0.5, 0.026, 4, 4, 5, 0, 0, 0, 0, 0
1110101, 21.9828, 1.62895, 0.222094, 2.26534, 0.5, 0.026, 4, 4, 5, 0, 0, 0, 0, 0
1101101, 22.4441, 2.74365, 0.21143, 2.28478, 0.5, 0.026, 4, 4, 5, 0, 0, 0, 0, 0
0010011, 21.5013, 3.55297, 0.209166, 2.33173, 0.5, 0.026, 4, 4, 5, 0, 0, 0, 0, 0
1101110, 20.2159, 2.6012, -0.378032, 2.3889, 0.5, 0.026, 4, 4, 5, 0, 0, 0, 0, 0
0001011, 21.7015, 7.49305, -0.218383, 2.20679, 0.5, 0.026, 4, 4, 5, 0, 0, 0, 0, 0
0001110, 20.8074, 5.71052, -0.273481, 2.19747, 0.5, 0.026, 4, 4, 5, 0, 0, 0, 0, 0
1101100, 23.9297, 4.23817, 1.02599, 2.23055, 0.5, 0.026, 4, 4, 5, 0, 0, 0, 0, 0
0001101, 22.6847, 6.0771, 1.08243, 2.29522, 0.5, 0.026, 4, 4, 5, 0, 0, 0, 0, 0
0010100, 21.2395, 4.50446, 0.209118, 2.33106, 0.5, 0.026, 4, 4, 5, 0, 0, 0, 0, 0
0001010, 23.996, 7.57424, 0.00612761, 2.27487, 0.5, 0.026, 4, 4, 5, 0, 0, 0, 0, 0
0010010, 23.2016, 4.94212, 1.01372, 2.30184, 0.5, 0.026, 4, 4, 5, 0, 0, 0, 0, 0
0101000, 21.0923, 6.65179, -0.276476, 2.39689, 0.5, 0.026, 4, 4, 5, 0, 0, 0, 0, 0
1100011, 22.838, 9.49201, 0.0310812, 2.21654, 0.5, 0.026, 4, 4, 5, 0, 0, 0, 0, 0
0000011, 23.7611, 10.5138, 3.17245, 2.23796, 0.5, 0.026, 4, 4, 5, 0, 0, 0, 0, 0
0000001, 23.0086, 11.5, 3.14163, 2.24872, 0.5, 0.026, 4, 4, 5, 0, 0, 0, 0, 0
0000101, 20.6001, 9.62101, 2.83987, 2.32893, 0.5, 0.026, 4, 4, 5, 0, 0, 0, 0, 0
0100011, 20.0203, 8.7641, 2.84699, 2.29798, 0.5, 0.026, 4, 4, 5, 0, 0, 0, 0, 0
0000010, 21.5512, 10.503, 3.07286, 2.19528, 0.5, 0.026, 4, 4, 5, 0, 0, 0, 0, 0
0000110, 22.2552, 8.47801, 3.07514, 2.24018, 0.5, 0.026, 4, 4, 5, 0, 0, 0, 0, 0
0000000, 20.7423, 11.4999, 3.14146, 2.29405, 0.5, 0.026, 4, 4, 5, 0, 0, 0, 0, 0
1110100, 24.0074, 2.40099, 0.760457, 2.20172, 0.5, 0.026, 4, 4, 5, 0, 0, 0, 0, 0
1111010, 24.9066, 1.88497, 0.750044, 2.16111, 0.5, 0.026, 4, 4, 5, 0, 0, 0, 0, 0
1110011, 25.3306, 3.43965, -0.543299, 2.23443, 0.5, 0.026, 4, 4, 5, 0, 0, 0, 0, 0
1111001, 26.4987, 1.50163, 0.112718, 2.24337, 0.5, 0.026, 4, 4, 5, 0, 0, 0, 0, 0
1011111, 24.8433, 0.500087, -0.000177686, 2.36367, 0.5, 0.026, 4, 4, 5, 0, 0, 0, 0, 0
1101010, 27.7443, 3.50298, -0.528615, 2.12335, 0.5, 0.026, 4, 4, 5, 0, 0, 0, 0, 0
1110010, 27.3577, 2.58123, -0.517731, 2.2246, 0.5, 0.026, 4, 4, 5, 0, 0, 0, 0, 0
1011110, 27.2054, 0.626748, 0.182042, 2.40021, 0.5, 0.026, 4, 4, 5, 0, 0, 0, 0, 0
1101011, 25.7651, 4.33271, -0.543595, 2.23171, 0.5, 0.026, 4, 4, 5, 0, 0, 0, 0, 0
0001001, 26.0487, 7.27371, -0.79967, 2.2234, 0.5, 0.026, 4, 4, 5, 0, 0, 0, 0, 0
0010001, 25.4564, 5.7441, 0.270374, 2.30223, 0.5, 0.026, 4, 4, 5, 0, 0, 0, 0, 0
0001100, 24.5861, 6.55156, 0.23466, 2.3052, 0.5, 0.026, 4, 4, 5, 0, 0, 0, 0, 0
0001000, 27.6496, 5.74352, -0.26813, 2.18037, 0.5, 0.026, 4, 4, 5, 0, 0, 0, 0, 0
0010000, 27.1116, 4.8646, -0.276674, 2.21688, 0.5, 0.026, 4, 4, 5, 0, 0, 0, 0, 0
1100010, 25.0122, 9.5362, -0.00832131, 2.13795, 0.5, 0.026, 4, 4, 5, 0, 0, 0, 0, 0
1100001, 25.989, 10.5121, -0.021995, 2.22742, 0.5, 0.026, 4, 4, 5, 0, 0, 0, 0, 0
0000111, 24.465, 8.57517, 3.09361, 2.22595, 0.5, 0.026, 4, 4, 5, 0, 0, 0, 0, 0
1100100, 26.5403, 8.17308, 2.36626, 2.33003, 0.5, 0.026, 4, 4, 5, 0, 0, 0, 0, 0
1000001, 27.6358, 11.4999, 3.1415, 2.28199, 0.5, 0.026, 4, 4, 5, 0, 0, 0, 0, 0
1010000, 27.0783, 9.02516, 2.37532, 2.38803, 0.5, 0.026, 4, 4, 5, 0, 0, 0, 0, 0
1000000, 25.3139, 11.5, 3.1416, 2.37118, 0.5, 0.026, 4, 4, 5, 0, 0, 0, 0, 0
1110001, 29.5199, 2.44362, -0.0652117, 2.24781, 0.5, 0.026, 4, 4, 5, 0, 0, 0, 0, 0
1111000, 29.157, 1.47578, -0.0661985, 2.25129, 0.5, 0.026, 4, 4, 5, 0, 0, 0, 0, 0
1011011, 31.9475, 0.500072, -3.53112e-05, 2.31168, 0.5, 0.026, 4, 4, 5, 0, 0, 0, 0, 0
1101001, 29.9059, 3.41242, -0.0645855, 2.24514, 0.5, 0.026, 4, 4, 5, 0, 0, 0, 0, 0
1011101, 29.5756, 0.500305, 0.000223146, 2.44233, 0.5, 0.026, 4, 4, 5, 0, 0, 0, 0, 0
1110000, 31.7538, 2.47408, 0.0621147, 2.23519, 0.5, 0.026, 4, 4, 5, 0, 0, 0, 0, 0
1011100, 31.4686, 1.48199, 0.0245549, 2.3821, 0.5, 0.026, 4, 4, 5, 0, 0, 0, 0, 0
1100101, 28.0577, 6.65899, 2.86874, 2.22001, 0.5, 0.026, 4, 4, 5, 0, 0, 0, 0, 0
1010001, 28.7392, 7.46237, 2.81417, 2.38808, 0.5, 0.026, 4, 4, 5, 0, 0, 0, 0, 0
1100111, 29.0954, 4.47565, 0.485059, 2.24149, 0.5, 0.026, 4, 4, 5, 0, 0, 0, 0, 0
1010101, 31.9979, 5.02492, 0.975039, 2.33421, 0.5, 0.026, 4, 4, 5, 0, 0, 0, 0, 0
1010011, 30.6438, 5.02468, 1.54457, 2.32322, 0.5, 0.026, 4, 4, 5, 0, 0, 0, 0, 0
1100110, 29.6616, 6.10121, 0.777327, 2.25806, 0.5, 0.026, 4, 4, 5, 0, 0, 0, 0, 0
1010010, 31.1642, 6.74453, 2.14329, 2.42837, 0.5, 0.026, 4, 4, 5, 0, 0, 0, 0, 0
1100000, 28.193, 10.5086, 0.0129186, 2.18898, 0.5, 0.026, 4, 4, 5, 0, 0, 0, 0, 0
1001001, 30.9244, 9.41884, 3.44257, 2.34794, 0.5, 0.026, 4, 4, 5, 0, 0, 0, 0, 0
1001101, 31.4834, 8.56269, 3.45785, 2.42485, 0.5, 0.026, 4, 4, 5, 0, 0, 0, 0, 0
1001000, 28.6868, 9.56855, 3.2219, 2.37639, 0.5, 0.026, 4, 4, 5, 0, 0, 0, 0, 0
1001100, 29.2025, 8.35293, 2.82151, 2.32394, 0.5, 0.026, 4, 4, 5, 0, 0, 0, 0, 0
1000010, 29.9336, 11.4999, 3.14157, 2.32135, 0.5, 0.026, 4, 4, 5, 0, 0, 0, 0, 0
1000100, 30.3995, 10.5111, 3.10715, 2.23123, 0.5, 0.026, 4, 4, 5, 0, 0, 0, 0, 0
1101000, 32.181, 3.54404, 0.131956, 2.33269, 0.5, 0.026, 4, 4, 5, 0, 0, 0, 0, 0
1010111, 33.3717, 2.36446, 1.24531, 2.23053, 0.5, 0.026, 4, 4, 5, 0, 0, 0, 0, 0
1011010, 34.1316, 0.675982, -0.286869, 2.2438, 0.5, 0.026, 4, 4, 5, 0, 0, 0, 0, 0
1011001, 35.2141, 1.3852, 2.47947, 2.35611, 0.5, 0.026, 4, 4, 5, 0, 0, 0, 0, 0
1011000, 34.7957, 3.44966, 1.21965, 2.4, 0.5, 0.026, 4, 4, 5, 0, 0, 0, 0, 0
1010100, 32.1141, 7.08593, 2.17307, 2.26397, 0.5, 0.026, 4, 4, 5, 0, 0, 0, 0, 0
1010110, 33.5116, 4.40416, 2.21164, 2.28312, 0.5, 0.026, 4, 4, 5, 0, 0, 0, 0, 0
1001111, 34.0635, 5.46671, 2.50255, 2.28631, 0.5, 0.026, 4, 4, 5, 0, 0, 0, 0, 0
1001011, 34.4938, 6.92867, 1.92222, 2.31459, 0.5, 0.026, 4, 4, 5, 0, 0, 0, 0, 0
1001110, 33.1185, 7.42142, 2.11044, 2.34329, 0.5, 0.026, 4, 4, 5, 0, 0, 0, 0, 0
1000011, 32.2546, 11.4999, 3.14162, 2.32599, 0.5, 0.026, 4, 4, 5, 0, 0, 0, 0, 0
1000101, 32.6716, 10.5065, 3.13888, 2.31754, 0.5, 0.026, 4, 4, 5, 0, 0, 0, 0, 0
1000111, 34.813, 8.55189, 2.13312, 2.27957, 0.5, 0.026, 4, 4, 5, 0, 0, 0, 0, 0
1001010, 33.2959, 8.94995, 2.23513, 2.42315, 0.5, 0.026, 4, 4, 5, 0, 0, 0, 0, 0
1000110, 34.3141, 10.7024, 1.66056, 2.23606, 0.5, 0.026, 4, 4, 5, 0, 0, 0, 0, 0

0111111, 7.93655, 2.05236, 0.963055, 2.61668, 0.5, 0.026, 4, 4, 5, 0, 0, 0, 0, 0
0011110, 11.0704, 0.977371, 0.709821, 2.46484, 0.5, 0.026, 4, 4, 5, 0, 0, 0, 0, 0
0101111, 10.3497, 2.31047, 1.31071, 2.71377, 0.5, 0.026, 4, 4, 5, 0, 0, 0, 0, 0
0011111, 8.72373, 0.500045, -3.8805e-05, 2.59102, 0.5, 0.026, 4, 4, 5, 0, 0, 0, 0, 0
0111110, 9.35425, 2.43196, 1.30645, 2.66229, 0.5, 0.026, 4, 4, 5, 0, 0, 0, 0, 0
0110101, 11.4381, 7.61893, 2.70975, 2.55691, 0.5, 0.026, 4, 4, 5, 0, 0, 0, 0, 0
0110111, 10.8822, 4.34718, 0.393024, 2.57637, 0.5, 0.026, 4, 4, 5, 0, 0, 0, 0, 0
0110110, 11.1579, 5.86191, 0.796245, 2.51713, 0.5, 0.026, 4, 4, 5, 0, 0, 0, 0, 0
0111101, 9.15169, 4.36811, 0.927762, 2.7097, 0.5, 0.026, 4, 4, 5, 0, 0, 0, 0, 0
0111011, 10.006, 7.25853, 2.42344, 2.60848, 0.5, 0.026, 4, 4, 5, 0, 0, 0, 0, 0
0111100, 9.29371, 6.56066, 2.42152, 2.64905, 0.5, 0.026, 4, 4, 5, 0, 0, 0, 0, 0
0110100, 11.0382, 9.72167, 1.27617, 2.63452, 0.5, 0.026, 4, 4, 5, 0, 0, 0, 0, 0
0111001, 10.4363, 11.4999, 3.85175e-05, 2.59509, 0.5, 0.026, 4, 4, 5, 0, 0, 0, 0, 0
0111010, 10.0155, 9.76195, 1.26239, 2.55253, 0.5, 0.026, 4, 4, 5, 0, 0, 0, 0, 0
1111110, 15.2454, 0.500062, -9.75236e-05, 2.42795, 0.5, 0.026, 4, 4, 5, 0, 0, 0, 0, 0
0010111, 14.6934, 1.93392, 0.7103, 2.76804, 0.5, 0.026, 4, 4, 5, 0, 0, 0, 0, 0
0011010, 14.9337, 3.73531, 0.942069, 2.51678, 0.5, 0.026, 4, 4, 5, 0, 0, 0, 0, 0
1111111, 12.7839, 0.500195, -0.000129281, 2.5011, 0.5, 0.026, 4, 4, 5, 0, 0, 0, 0, 0
0011011, 13.1992, 1.97322, 0.661415, 2.46521, 0.5, 0.026, 4, 4, 5, 0, 0, 0, 0, 0
0011101, 12.1898, 2.73842, 0.385397, 2.68881, 0.5, 0.026, 4, 4, 5, 0, 0, 0, 0, 0
0101110, 12.2647, 4.01571, 0.565009, 2.83155, 0.5, 0.026, 4, 4, 5, 0, 0, 0, 0, 0
0101010, 15.9466, 7.0661, 0.136084, 2.64165, 0.5, 0.026, 4, 4, 5, 0, 0, 0, 0, 0
0101100, 15.8233, 6.0532, 0.133677, 2.65712, 0.5, 0.026, 4, 4, 5, 0, 0, 0, 0, 0
0101011, 13.4518, 6.50739, 0.0665891, 2.53991, 0.5, 0.026, 4, 4, 5, 0, 0, 0, 0, 0
0100111, 13.9956, 7.6867, 0.246312, 2.65967, 0.5, 0.026, 4, 4, 5, 0, 0, 0, 0, 0
0011100, 14.1747, 4.37236, 0.93864, 2.59771, 0.5, 0.026, 4, 4, 5, 0, 0, 0, 0, 0
0101101, 12.9825, 5.50099, 0.0386056, 2.62307, 0.5, 0.026, 4, 4, 5, 0, 0, 0, 0, 0
0100001, 15.551, 11.5, 3.1417, 2.55996, 0.5, 0.026, 4, 4, 5, 0, 0, 0, 0, 0
0110000, 15.2135, 10.1885, 0.47158, 2.40132, 0.5, 0.026, 4, 4, 5, 0, 0, 0, 0, 0
0110010, 15.0387, 8.93916, 0.172847, 2.50443, 0.5, 0.026, 4, 4, 5, 0, 0, 0, 0, 0
0110001, 12.8841, 9.53079, 0.0109961, 2.4688, 0.5, 0.026, 4, 4, 5, 0, 0, 0, 0, 0
0100000, 13.0034, 11.4999, 3.1418, 2.5469, 0.5, 0.026, 4, 4, 5, 0, 0, 0, 0, 0
0110011, 12.5344, 8.56036, -0.021403, 2.60911, 0.5, 0.026, 4, 4, 5, 0, 0, 0, 0, 0
0111000, 13.052, 10.5142, 0.000250415, 2.55956, 0.5, 0.026, 4, 4, 5, 0, 0, 0, 0, 0
1101110, 19.7477, 2.50307, -0.254983, 2.72054, 0.5, 0.026, 4, 4, 5, 0, 0, 0, 0, 0
1110110, 18.9869, 1.49076, -0.00802584, 2.53196, 0.5, 0.026, 4, 4, 5, 0, 0, 0, 0, 0
1111101, 17.6795, 0.499989, 3.67207e-06, 2.45132, 0.5, 0.026, 4, 4, 5, 0, 0, 0, 0, 0
1110111, 16.4655, 1.49412, 0.00236375, 2.52155, 0.5, 0.026, 4, 4, 5, 0, 0, 0, 0, 0
1101111, 17.1587, 2.47247, -0.0177403, 2.59847, 0.5, 0.026, 4, 4, 5, 0, 0, 0, 0, 0
0010101, 18.7515, 3.69842, 0.207549, 2.71224, 0.5, 0.026, 4, 4, 5, 0, 0, 0, 0, 0
0010110, 16.5627, 3.80665, 0.584106, 2.64361, 0.5, 0.026, 4, 4, 5, 0, 0, 0, 0, 0
0011001, 16.8144, 5.18799, 0.176807, 2.49133, 0.5, 0.026, 4, 4, 5, 0, 0, 0, 0, 0
0001111, 18.3803, 6.07818, -0.344595, 2.61666, 0.5, 0.026, 4, 4, 5, 0, 0, 0, 0, 0
0100101, 19.1121, 7.90649, 2.81631, 2.64341, 0.5, 0.026, 4, 4, 5, 0, 0, 0, 0, 0
0101001, 18.5458, 7.06123, -0.335287, 2.70705, 0.5, 0.026, 4, 4, 5, 0, 0, 0, 0, 0
0011000, 18.9398, 4.73728, 0.239079, 2.54358, 0.5, 0.026, 4, 4, 5, 0, 0, 0, 0, 0
0100011, 19.6553, 8.76395, 2.82029, 2.617, 0.5, 0.026, 4, 4, 5, 0, 0, 0, 0, 0
0100110, 16.546, 8.15095, 0.119747, 2.53813, 0.5, 0.026, 4, 4, 5, 0, 0, 0, 0, 0
0000100, 18.1824, 11.1305, 2.68177, 2.66512, 0.5, 0.026, 4, 4, 5, 0, 0, 0, 0, 0
0100010, 17.6493, 10.2872, 2.67802, 2.73014, 0.5, 0.026, 4, 4, 5, 0, 0, 0, 0, 0
0100100, 17.1937, 9.41026, 2.6795, 2.56757, 0.5, 0.026, 4, 4, 5, 0, 0, 0, 0, 0
1111100, 20.1033, 0.500131, 0.000123003, 2.40941, 0.5, 0.026, 4, 4, 5, 0, 0, 0, 0, 0
1111011, 22.5273, 0.500159, 0.000102125, 2.44891, 0.5, 0.026, 4, 4, 5, 0, 0, 0, 0, 0
1110101, 21.9047, 1.46562, 0.0294788, 2.57983, 0.5, 0.026, 4, 4, 5, 0, 0, 0, 0, 0
1101101, 22.3582, 2.46085, 0.0228567, 2.60197, 0.5, 0.026, 4, 4, 5, 0, 0, 0, 0, 0
0010011, 21.2574, 3.39221, 0.0546506, 2.65544, 0.5, 0.026, 4, 4, 5, 0, 0, 0, 0, 0
0001011, 21.7433, 7.37991, -0.22655, 2.51315, 0.5, 0.026, 4, 4, 5, 0, 0, 0, 0, 0
0001110, 20.8873, 5.58951, -0.268425, 2.50254, 0.5, 0.026, 4, 4, 5, 0, 0, 0, 0, 0
0001101, 22.9766, 6.00437, 1.08896, 2.61386, 0.5, 0.026, 4, 4, 5, 0, 0, 0, 0, 0
0010100, 21.3091, 4.37714, 0.0547228, 2.65467, 0.5, 0.026, 4, 4, 5, 0, 0, 0, 0, 0
0010010, 23.3523, 4.58998, 1.08391, 2.6214, 0.5, 0.026, 4, 4, 5, 0, 0, 0, 0, 0
0101000, 21.1776, 6.52773, -0.272109, 2.72965, 0.5, 0.026, 4, 4, 5, 0, 0, 0, 0, 0
1100011, 22.7293, 9.49162, 0.0364939, 2.52426, 0.5, 0.026, 4, 4, 5, 0, 0, 0, 0, 0
0000011, 23.769, 10.514, 3.16854, 2.54865, 0.5, 0.026, 4, 4, 5, 0, 0, 0, 0, 0
0000001, 22.9836, 11.5, 3.14158, 2.56091, 0.5, 0.026, 4, 4, 5, 0, 0, 0, 0, 0
0000101, 20.1957, 9.62334, 2.81507, 2.65225, 0.5, 0.026, 4, 4, 5, 0, 0, 0, 0, 0
0000010, 21.254, 10.5076, 3.076, 2.50005, 0.5, 0.026, 4, 4, 5, 0, 0, 0, 0, 0
0000110, 22.1889, 8.48978, 3.16807, 2.55118, 0.5, 0.026, 4, 4, 5, 0, 0, 0, 0, 0
0000000, 20.4017, 11.4997, 3.14176, 2.61253, 0.5, 0.026, 4, 4, 5, 0, 0, 0, 0, 0
1101100, 24.1245, 3.94594, 1.09488, 2.54025, 0.5, 0.026, 4, 4, 5, 0, 0, 0, 0, 0
1110100, 24.1537, 2.14144, 0.90375, 2.50738, 0.5, 0.026, 4, 4, 5, 0, 0, 0, 0, 0
1111010, 25.5145, 1.86362, 0.545941, 2.46113, 0.5, 0.026, 4, 4, 5, 0, 0, 0, 0, 0
1110011, 25.8096, 3.38331, -0.311295, 2.54464, 0.5, 0.026, 4, 4, 5, 0, 0, 0, 0, 0
1111001, 27.5584, 1.46987, -0.0283267, 2.55482, 0.5, 0.026, 4, 4, 5, 0, 0, 0, 0, 0
1011111, 25.0922, 0.500158, 8.43941e-05, 2.69182, 0.5, 0.026, 4, 4, 5, 0, 0, 0, 0, 0
1011110, 27.7994, 0.500264, 0.000192022, 2.73343, 0.5, 0.026, 4, 4, 5, 0, 0, 0, 0, 0
0001010, 24.3051, 7.61149, -0.0985238, 2.59069, 0.5, 0.026, 4, 4, 5, 0, 0, 0, 0, 0
1101011, 26.1986, 4.29043, -0.311244, 2.54153, 0.5, 0.026, 4, 4, 5, 0, 0, 0, 0, 0
0001001, 26.6569, 7.20894, -0.704921, 2.53207, 0.5, 0.026, 4, 4, 5, 0, 0, 0, 0, 0
0010001, 25.829, 5.69274, 0.320424, 2.62184, 0.5, 0.026, 4, 4, 5, 0, 0, 0, 0, 0
0001100, 24.9603, 6.44292, 0.321682, 2.62523, 0.5, 0.026, 4, 4, 5, 0, 0, 0, 0, 0
0010000, 27.7608, 4.75464, -0.433615, 2.52465, 0.5, 0.026, 4, 4, 5, 0, 0, 0, 0, 0
1100010, 25.2014, 9.51041, -0.0584228, 2.43476, 0.5, 0.026, 4, 4, 5, 0, 0, 0, 0, 0
1100001, 26.3046, 10.5068, 0.0254503, 2.53665, 0.5, 0.026, 4, 4, 5, 0, 0, 0, 0, 0
0000111, 24.7132, 8.56424, 3.05449, 2.53498, 0.5, 0.026, 4, 4, 5, 0, 0, 0, 0, 0
1100100, 27.1044, 8.11084, 2.45441, 2.65351, 0.5, 0.026, 4, 4, 5, 0, 0, 0, 0, 0
1010000, 27.5796, 8.99033, 2.46191, 2.71955, 0.5, 0.026, 4, 4, 5, 0, 0, 0, 0, 0
1000000, 25.61, 11.4999, 3.14144, 2.70036, 0.5, 0.026, 4, 4, 5, 0, 0, 0, 0, 0
1110010, 28.0311, 2.44515, -0.0218334, 2.53344, 0.5, 0.026, 4, 4, 5, 0, 0, 0, 0, 0
1101010, 28.4001, 3.42002, 0.00635541, 2.41814, 0.5, 0.026, 4, 4, 5, 0, 0, 0, 0, 0
1110001, 30.5682, 2.45485, -0.062611, 2.55987, 0.5, 0.026, 4, 4, 5, 0, 0, 0, 0, 0
1111000, 30.1028, 1.49513, -0.0638039, 2.56383, 0.5, 0.026, 4, 4, 5, 0, 0, 0, 0, 0
1101001, 30.8798, 3.42377, -0.0622396, 2.55683, 0.5, 0.026, 4, 4, 5, 0, 0, 0, 0, 0
1011101, 30.5521, 0.500379, -3.85935e-05, 2.78139, 0.5, 0.026, 4, 4, 5, 0, 0, 0, 0, 0
0001000, 28.4209, 5.57571, -0.385716, 2.48307, 0.5, 0.026, 4, 4, 5, 0, 0, 0, 0, 0
1100101, 28.9956, 6.64087, 3.03772, 2.52821, 0.5, 0.026, 4, 4, 5, 0, 0, 0, 0, 0
1010001, 29.6864, 7.5037, 2.96839, 2.71961, 0.5, 0.026, 4, 4, 5, 0, 0, 0, 0, 0
1100111, 30.2084, 4.49588, 0.173946, 2.55267, 0.5, 0.026, 4, 4, 5, 0, 0, 0, 0, 0
1010011, 31.9579, 5.13906, 1.58692, 2.64575, 0.5, 0.026, 4, 4, 5, 0, 0, 0, 0, 0
1100110, 30.6345, 6.04111, 0.795161, 2.57154, 0.5, 0.026, 4, 4, 5, 0, 0, 0, 0, 0
1000001, 28.2539, 11.4998, 3.14189, 2.5988, 0.5, 0.026, 4, 4, 5, 0, 0, 0, 0, 0
1100000, 28.8131, 10.5225, -0.0393715, 2.49287, 0.5, 0.026, 4, 4, 5, 0, 0, 0, 0, 0
1001001, 31.9212, 9.45806, 3.35569, 2.6739, 0.5, 0.026, 4, 4, 5, 0, 0, 0, 0, 0
1001000, 29.3113, 9.57395, 3.17139, 2.7063, 0.5, 0.026, 4, 4, 5, 0, 0, 0, 0, 0
1001100, 30.0482, 8.44628, 2.97714, 2.64657, 0.5, 0.026, 4, 4, 5, 0, 0, 0, 0, 0
1000010, 30.8697, 11.4999, 3.14171, 2.64362, 0.5, 0.026, 4, 4, 5, 0, 0, 0, 0, 0
1000100, 31.3255, 10.5125, 3.13818, 2.54099, 0.5, 0.026, 4, 4, 5, 0, 0, 0, 0, 0
1011100, 32.7324, 1.47841, 0.0249588, 2.7128, 0.5, 0.026, 4, 4, 5, 0, 0, 0, 0, 0
1110000, 33.1136, 2.4675, 0.0693016, 2.5455, 0.5, 0.026, 4, 4, 5, 0, 0, 0, 0, 0
1011011, 33.2554, 0.499836, 0.000310104, 2.63261, 0.5, 0.026, 4, 4, 5, 0, 0, 0, 0, 0
1101000, 33.4777, 3.47824, 0.056376, 2.65654, 0.5, 0.026, 4, 4, 5, 0, 0, 0, 0, 0
1010111, 34.7987, 2.0983, 1.274, 2.54019, 0.5, 0.026, 4, 4, 5, 0, 0, 0, 0, 0
1011010, 35.8487, 0.500061, 3.19792e-05, 2.55531, 0.5, 0.026, 4, 4, 5, 0, 0, 0, 0, 0
1010010, 32.398, 6.87759, 2.44385, 2.7655, 0.5, 0.026, 4, 4, 5, 0, 0, 0, 0, 0
1010101, 33.4446, 5.11781, 0.949059, 2.65827, 0.5, 0.026, 4, 4, 5, 0, 0, 0, 0, 0
1010100, 33.5332, 7.20914, 2.5241, 2.57827, 0.5, 0.026, 4, 4, 5, 0, 0, 0, 0, 0
1010110, 35.0311, 4.29517, 2.26947, 2.60008, 0.5, 0.026, 4, 4, 5, 0, 0, 0, 0, 0
1001111, 35.3956, 5.43272, 2.25296, 2.60372, 0.5, 0.026, 4, 4, 5, 0, 0, 0, 0, 0
1001110, 34.8025, 7.5236, 2.42177, 2.6686, 0.5, 0.026, 4, 4, 5, 0, 0, 0, 0, 0
1001101, 32.7038, 8.64132, 3.38567, 2.76149, 0.5, 0.026, 4, 4, 5, 0, 0, 0, 0, 0
1000011, 33.5119, 11.4999, 3.14158, 2.6489, 0.5, 0.026, 4, 4, 5, 0, 0, 0, 0, 0
1000101, 34.0272, 10.5079, 3.13847, 2.63928, 0.5, 0.026, 4, 4, 5, 0, 0, 0, 0, 0
1000111, 35.9984, 9.13946, 2.38128, 2.59603, 0.5, 0.026, 4, 4, 5, 0, 0, 0, 0, 0
1001010, 34.9092, 8.86874, 2.3239, 2.75956, 0.5, 0.026, 4, 4, 5, 0, 0, 0, 0, 0
1000110, 35.8116, 10.8914, 2.23562, 2.54648, 0.5, 0.026, 4, 4, 5, 0, 0, 0, 0, 0
1011000, 36.4437, 3.25241, 1.11064, 2.73319, 0.5, 0.026, 4, 4, 5, 0, 0, 0, 0, 0
1011001, 36.4974, 1.45489, 3.09114, 2.6832, 0.5, 0.026, 4, 4, 5, 0, 0, 0, 0, 0
1001011, 36.4018, 6.70836, 1.4533, 2.63592, 0.5, 0.026, 4, 4, 5, 0, 0, 0, 0, 0

0111110, 7.45395, 2.46633, 1.25637, 3.03189, 0.5, 0.026, 4, 4, 5, 0, 0, 0, 0, 0
0011111, 6.68353, 0.500018, 1.05073e-05, 2.95073, 0.5, 0.026, 4, 4, 5, 0, 0, 0, 0, 0
0111111, 6.4017, 2.43788, 1.24704, 2.97995, 0.5, 0.026, 4, 4, 5, 0, 0, 0, 0, 0
0111100, 7.25354, 6.76913, 2.4489, 3.01682, 0.5, 0.026, 4, 4, 5, 0, 0, 0, 0, 0
0111101, 6.95257, 4.64249, 0.498959, 3.08588, 0.5, 0.026, 4, 4, 5, 0, 0, 0, 0, 0
0011011, 11.7441, 2.45879, 0.310973, 2.80745, 0.5, 0.026, 4, 4, 5, 0, 0, 0, 0, 0
1111111, 11.1253, 0.500024, 6.02892e-05, 2.84832, 0.5, 0.026, 4, 4, 5, 0, 0, 0, 0, 0
0011101, 10.5003, 2.98671, 0.443462, 3.0621, 0.5, 0.026, 4, 4, 5, 0, 0, 0, 0, 0
0011110, 9.34656, 1.08208, 0.699975, 2.80702, 0.5, 0.026, 4, 4, 5, 0, 0, 0, 0, 0
0101111, 8.46251, 2.36634, 1.26243, 3.09052, 0.5, 0.026, 4, 4, 5, 0, 0, 0, 0, 0
0101101, 11.9666, 5.5715, 0.0945197, 2.98723, 0.5, 0.026, 4, 4, 5, 0, 0, 0, 0, 0
0101110, 10.7399, 4.13376, 0.389823, 3.22465, 0.5, 0.026, 4, 4, 5, 0, 0, 0, 0, 0
0110101, 10.0206, 7.51776, 2.83075, 2.91189, 0.5, 0.026, 4, 4, 5, 0, 0, 0, 0, 0
0110111, 9.2367, 4.59491, 0.355755, 2.93404, 0.5, 0.026, 4, 4, 5, 0, 0, 0, 0, 0
0110110, 9.63525, 5.91234, 0.465055, 2.86658, 0.5, 0.026, 4, 4, 5, 0, 0, 0, 0, 0
0111011, 8.16915, 7.29642, 2.45762, 2.97062, 0.5, 0.026, 4, 4, 5, 0, 0, 0, 0, 0
0111000, 11.7871, 10.5102, 0.00471388, 2.9149, 0.5, 0.026, 4, 4, 5, 0, 0, 0, 0, 0
0100000, 11.5363, 11.4999, 3.14161, 2.90048, 0.5, 0.026, 4, 4, 5, 0, 0, 0, 0, 0
0110001, 11.45, 9.52364, 0.0243166, 2.81153, 0.5, 0.026, 4, 4, 5, 0, 0, 0, 0, 0
0110011, 10.9931, 8.55453, -0.0158755, 2.97133, 0.5, 0.026, 4, 4, 5, 0, 0, 0, 0, 0
0110100, 9.36354, 9.65793, 1.07656, 3.00027, 0.5, 0.026, 4, 4, 5, 0, 0, 0, 0, 0
0111001, 8.61088, 11.5, -1.68942e-05, 2.95537, 0.5, 0.026, 4, 4, 5, 0, 0, 0, 0, 0
0111010, 8.25536, 9.67575, 1.0511, 2.9069, 0.5, 0.026, 4, 4, 5, 0, 0, 0, 0, 0
0011010, 14.0578, 3.99439, 0.730695, 2.86622, 0.5, 0.026, 4, 4, 5, 0, 0, 0, 0, 0
1110111, 15.9109, 1.47793, 0.00492401, 2.87161, 0.5, 0.026, 4, 4, 5, 0, 0, 0, 0, 0
0010110, 15.0169, 3.57191, 0.76178, 3.01062, 0.5, 0.026, 4, 4, 5, 0, 0, 0, 0, 0
1111110, 13.9263, 0.499978, -6.14904e-05, 2.76502, 0.5, 0.026, 4, 4, 5, 0, 0, 0, 0, 0
0010111, 13.0246, 1.69801, 0.193967, 3.15232, 0.5, 0.026, 4, 4, 5, 0, 0, 0, 0, 0
0101010, 15.5108, 7.21028, 0.231196, 3.00839, 0.5, 0.026, 4, 4, 5, 0, 0, 0, 0, 0
0101100, 15.3446, 6.15918, 0.227574, 3.026, 0.5, 0.026, 4, 4, 5, 0, 0, 0, 0, 0
0101011, 12.6251, 6.62139, 0.130722, 2.89252, 0.5, 0.026, 4, 4, 5, 0, 0, 0, 0, 0
0100111, 12.8832, 7.63104, 0.104122, 3.0289, 0.5, 0.026, 4, 4, 5, 0, 0, 0, 0, 0
0011100, 13.0879, 4.43178, 0.75129, 2.95834, 0.5, 0.026, 4, 4, 5, 0, 0, 0, 0, 0
0100110, 15.7529, 8.27405, 0.261711, 2.89049, 0.5, 0.026, 4, 4, 5, 0, 0, 0, 0, 0
0100001, 14.4397, 11.5, 3.14158, 2.91535, 0.5, 0.026, 4, 4, 5, 0, 0, 0, 0, 0
0110000, 14.1106, 10.1152, 0.466121, 2.73469, 0.5, 0.026, 4, 4, 5, 0, 0, 0, 0, 0
0110010, 13.8737, 8.83622, 0.220448, 2.85212, 0.5, 0.026, 4, 4, 5, 0, 0, 0, 0, 0
1111100, 19.461, 0.500018, -1.88924e-05, 2.74391, 0.5, 0.026, 4, 4, 5, 0, 0, 0, 0, 0
1101110, 19.2519, 2.47965, -0.118985, 3.09823, 0.5, 0.026, 4, 4, 5, 0, 0, 0, 0, 0
1110110, 18.7652, 1.56224, -0.0755878, 2.88347, 0.5, 0.026, 4, 4, 5, 0, 0, 0, 0, 0
1111101, 16.6995, 0.500097, -0.000172815, 2.79163, 0.5, 0.026, 4, 4, 5, 0, 0, 0, 0, 0
1101111, 16.2571, 2.44924, -0.0107772, 2.95921, 0.5, 0.026, 4, 4, 5, 0, 0, 0, 0, 0
0010101, 17.8346, 3.5572, 0.123354, 3.08878, 0.5, 0.026, 4, 4, 5, 0, 0, 0, 0, 0
0011001, 16.433, 5.36253, 0.135263, 2.8372, 0.5, 0.026, 4, 4, 5, 0, 0, 0, 0, 0
0001111, 18.0379, 6.19794, -0.641457, 2.97992, 0.5, 0.026, 4, 4, 5, 0, 0, 0, 0, 0
0101001, 18.2437, 7.24522, -0.618045, 3.08287, 0.5, 0.026, 4, 4, 5, 0, 0, 0, 0, 0
0011000, 17.672, 4.52261, 0.119438, 2.8967, 0.5, 0.026, 4, 4, 5, 0, 0, 0, 0, 0
0100101, 18.87, 8.00704, 2.52575, 3.0104, 0.5, 0.026, 4, 4, 5, 0, 0, 0, 0, 0
0000101, 19.7828, 9.77828, 2.52525, 3.02046, 0.5, 0.026, 4, 4, 5, 0, 0, 0, 0, 0
0100011, 19.2977, 8.91131, 2.5232, 2.98032, 0.5, 0.026, 4, 4, 5, 0, 0, 0, 0, 0
0000100, 17.4029, 11.3893, 3.03291, 3.03511, 0.5, 0.026, 4, 4, 5, 0, 0, 0, 0, 0
0100010, 16.9193, 10.4567, 3.01931, 3.10916, 0.5, 0.026, 4, 4, 5, 0, 0, 0, 0, 0
0100100, 16.5411, 9.5257, 3.04536, 2.92402, 0.5, 0.026, 4, 4, 5, 0, 0, 0, 0, 0
1111011, 22.2206, 0.500094, 0.000122917, 2.78889, 0.5, 0.026, 4, 4, 5, 0, 0, 0, 0, 0
1110101, 21.6618, 1.46185, 0.0321158, 2.93798, 0.5, 0.026, 4, 4, 5, 0, 0, 0, 0, 0
1101101, 22.2521, 2.48592, -0.00312906, 2.9632, 0.5, 0.026, 4, 4, 5, 0, 0, 0, 0, 0
0010011, 20.9011, 3.44527, 0.0382962, 3.02409, 0.5, 0.026, 4, 4, 5, 0, 0, 0, 0, 0
0001011, 21.6048, 7.38285, 0.0997365, 2.86205, 0.5, 0.026, 4, 4, 5, 0, 0, 0, 0, 0
0001110, 20.7265, 5.42669, 0.0548673, 2.84997, 0.5, 0.026, 4, 4, 5, 0, 0, 0, 0, 0
0001101, 22.9301, 5.79251, 1.09978, 2.97674, 0.5, 0.026, 4, 4, 5, 0, 0, 0, 0, 0
0010100, 20.5871, 4.42625, 0.0381135, 3.02322, 0.5, 0.026, 4, 4, 5, 0, 0, 0, 0, 0
0010010, 23.3602, 4.46594, 1.09552, 2.98533, 0.5, 0.026, 4, 4, 5, 0, 0, 0, 0, 0
0101000, 21.0999, 6.41195, 0.0271725, 3.1086, 0.5, 0.026, 4, 4, 5, 0, 0, 0, 0, 0
1100011, 22.5151, 9.46791, 0.0428794, 2.8747, 0.5, 0.026, 4, 4, 5, 0, 0, 0, 0, 0
0000001, 23.3051, 11.4818, 3.1606, 2.91643, 0.5, 0.026, 4, 4, 5, 0, 0, 0, 0, 0
0000010, 21.288, 10.5108, 3.07528, 2.84712, 0.5, 0.026, 4, 4, 5, 0, 0, 0, 0, 0
0000110, 22.0423, 8.41326, 3.23086, 2.90535, 0.5, 0.026, 4, 4, 5, 0, 0, 0, 0, 0
0000000, 20.3687, 11.4999, 3.14173, 2.97523, 0.5, 0.026, 4, 4, 5, 0, 0, 0, 0, 0
1110100, 24.1851, 2.09128, 0.904901, 2.85547, 0.5, 0.026, 4, 4, 5, 0, 0, 0, 0, 0
1111010, 25.7558, 1.89725, 0.478602, 2.8028, 0.5, 0.026, 4, 4, 5, 0, 0, 0, 0, 0
1110011, 26.1109, 3.45411, -0.271561, 2.8979, 0.5, 0.026, 4, 4, 5, 0, 0, 0, 0, 0
1011111, 25.1425, 0.49996, 0.00010139, 3.06552, 0.5, 0.026, 4, 4, 5, 0, 0, 0, 0, 0
1101100, 24.2793, 4.10017, 1.0907, 2.89291, 0.5, 0.026, 4, 4, 5, 0, 0, 0, 0, 0
0001010, 24.4853, 7.60795, -0.048048, 2.95036, 0.5, 0.026, 4, 4, 5, 0, 0, 0, 0, 0
1101011, 26.6189, 4.32504, -0.270866, 2.89437, 0.5, 0.026, 4, 4, 5, 0, 0, 0, 0, 0
0001001, 27.256, 7.25845, -0.520879, 2.88359, 0.5, 0.026, 4, 4, 5, 0, 0, 0, 0, 0
0010001, 26.4609, 5.78334, 0.246583, 2.98583, 0.5, 0.026, 4, 4, 5, 0, 0, 0, 0, 0
0001100, 25.2312, 6.48332, 0.248595, 2.98968, 0.5, 0.026, 4, 4, 5, 0, 0, 0, 0, 0
0000011, 24.1495, 10.5098, 3.15447, 2.90249, 0.5, 0.026, 4, 4, 5, 0, 0, 0, 0, 0
1100010, 25.336, 9.53362, -0.00990701, 2.77277, 0.5, 0.026, 4, 4, 5, 0, 0, 0, 0, 0
1100001, 27.0303, 10.533, -0.0772346, 2.8888, 0.5, 0.026, 4, 4, 5, 0, 0, 0, 0, 0
0000111, 24.9185, 8.57022, 3.10665, 2.8869, 0.5, 0.026, 4, 4, 5, 0, 0, 0, 0, 0
1100100, 27.7272, 8.11543, 2.62173, 3.02189, 0.5, 0.026, 4, 4, 5, 0, 0, 0, 0, 0
1000000, 26.2927, 11.4999, 3.14147, 3.07525, 0.5, 0.026, 4, 4, 5, 0, 0, 0, 0, 0
1111001, 28.042, 1.46521, -0.0196159, 2.9095, 0.5, 0.026, 4, 4, 5, 0, 0, 0, 0, 0
1011110, 28.2251, 0.500214, 0.000201089, 3.11291, 0.5, 0.026, 4, 4, 5, 0, 0, 0, 0, 0
1110010, 28.6233, 2.44298, -0.0125979, 2.88516, 0.5, 0.026, 4, 4, 5, 0, 0, 0, 0, 0
1101010, 29.1331, 3.41665, 0.0257015, 2.75384, 0.5, 0.026, 4, 4, 5, 0, 0, 0, 0, 0
1110001, 31.5163, 2.41068, -0.0554162, 2.91526, 0.5, 0.026, 4, 4, 5, 0, 0, 0, 0, 0
1111000, 30.9425, 1.46018, -0.0554762, 2.91976, 0.5, 0.026, 4, 4, 5, 0, 0, 0, 0, 0
1101001, 31.9581, 3.36945, -0.0547643, 2.91179, 0.5, 0.026, 4, 4, 5, 0, 0, 0, 0, 0
1011101, 31.3597, 0.499804, 0.000267894, 3.16753, 0.5, 0.026, 4, 4, 5, 0, 0, 0, 0, 0
0010000, 28.5443, 4.74451, -0.352735, 2.87514, 0.5, 0.026, 4, 4, 5, 0, 0, 0, 0, 0
0001000, 29.2815, 5.59763, -0.279279, 2.82779, 0.5, 0.026, 4, 4, 5, 0, 0, 0, 0, 0
1100101, 30.0009, 6.66725, 3.11983, 2.8792, 0.5, 0.026, 4, 4, 5, 0, 0, 0, 0, 0
1010001, 30.6394, 7.56702, 3.05168, 3.09717, 0.5, 0.026, 4, 4, 5, 0, 0, 0, 0, 0
1100111, 31.3685, 4.42357, 0.0402015, 2.90705, 0.5, 0.026, 4, 4, 5, 0, 0, 0, 0, 0
1100110, 31.8002, 6.12124, 0.836563, 2.92855, 0.5, 0.026, 4, 4, 5, 0, 0, 0, 0, 0
1010000, 28.1324, 9.01095, 2.62519, 3.09711, 0.5, 0.026, 4, 4, 5, 0, 0, 0, 0, 0
1000001, 29.301, 11.4998, 3.1418, 2.95959, 0.5, 0.026, 4, 4, 5, 0, 0, 0, 0, 0
1100000, 29.877, 10.5336, -0.0378519, 2.83895, 0.5, 0.026, 4, 4, 5, 0, 0, 0, 0, 0
1001000, 30.173, 9.58066, 3.14279, 3.08201, 0.5, 0.026, 4, 4, 5, 0, 0, 0, 0, 0
1001100, 31.0347, 8.52162, 3.06479, 3.01398, 0.5, 0.026, 4, 4, 5, 0, 0, 0, 0, 0
1011100, 33.9359, 1.47379, 0.022152, 3.08942, 0.5, 0.026, 4, 4, 5, 0, 0, 0, 0, 0
1110000, 34.4152, 2.45369, 0.0741607, 2.89889, 0.5, 0.026, 4, 4, 5, 0, 0, 0, 0, 0
1011011, 34.4385, 0.500175, -0.000179794, 2.9981, 0.5, 0.026, 4, 4, 5, 0, 0, 0, 0, 0
1101000, 34.9054, 3.57223, 0.161539, 3.02534, 0.5, 0.026, 4, 4, 5, 0, 0, 0, 0, 0
1010011, 33.2766, 5.22137, 1.6213, 3.01306, 0.5, 0.026, 4, 4, 5, 0, 0, 0, 0, 0
1010010, 33.9687, 6.90294, 2.47949, 3.14943, 0.5, 0.026, 4, 4, 5, 0, 0, 0, 0, 0
1010101, 35.0717, 5.14815, 0.716962, 3.02731, 0.5, 0.026, 4, 4, 5, 0, 0, 0, 0, 0
1010100, 35.3809, 7.22131, 2.61185, 2.93621, 0.5, 0.026, 4, 4, 5, 0, 0, 0, 0, 0
1000010, 32.2695, 11.4434, 3.19787, 3.01063, 0.5, 0.026, 4, 4, 5, 0, 0, 0, 0, 0
1000100, 32.7355, 10.4949, 3.17232, 2.89375, 0.5, 0.026, 4, 4, 5, 0, 0, 0, 0, 0
1001001, 33.2237, 9.55156, 3.20704, 3.04512, 0.5, 0.026, 4, 4, 5, 0, 0, 0, 0, 0
1001101, 34.0913, 8.65955, 3.24583, 3.14486, 0.5, 0.026, 4, 4, 5, 0, 0, 0, 0, 0
1000011, 35.2751, 11.4999, 3.14174, 3.01664, 0.5, 0.026, 4, 4, 5, 0, 0, 0, 0, 0
1000101, 35.6808, 10.5105, 3.1394, 3.00569, 0.5, 0.026, 4, 4, 5, 0, 0, 0, 0, 0
1010111, 36.3178, 2.22529, 1.18527, 2.89284, 0.5, 0.026, 4, 4, 5, 0, 0, 0, 0, 0
1011010, 37.435, 0.500081, -4.55922e-05, 2.91006, 0.5, 0.026, 4, 4, 5, 0, 0, 0, 0, 0
1011000, 38.7377, 3.30471, 0.955825, 3.11263, 0.5, 0.026, 4, 4, 5, 0, 0, 0, 0, 0
1011001, 38.1235, 1.44522, 3.09113, 3.05571, 0.5, 0.026, 4, 4, 5, 0, 0, 0, 0, 0
1001110, 36.7688, 7.56395, 2.45285, 3.03908, 0.5, 0.026, 4, 4, 5, 0, 0, 0, 0, 0
1010110, 36.9379, 4.17475, 2.45016, 2.96105, 0.5, 0.026, 4, 4, 5, 0, 0, 0, 0, 0
1001111, 37.4794, 5.21015, 2.30051, 2.96519, 0.5, 0.026, 4, 4, 5, 0, 0, 0, 0, 0
1001011, 38.5305, 6.63174, 1.47735, 3.00186, 0.5, 0.026, 4, 4, 5, 0, 0, 0, 0, 0
1001010, 36.6739, 8.87225, 2.49741, 3.14266, 0.5, 0.026, 4, 4, 5, 0, 0, 0, 0, 0
1000110, 37.867, 10.7534, 2.23742, 2.90001, 0.5, 0.026, 4, 4, 5, 0, 0, 0, 0, 0
1000111, 37.9915, 9.11966, 2.58829, 2.95644, 0.5, 0.026, 4, 4, 5, 0, 0, 0, 0, 0

0011110, 7.75689, 1.30071, 0.816776, 3.19672, 0.5, 0.026, 4, 4, 5, 0, 0, 0, 0, 0
0101111, 6.67504, 2.6241, 1.40693, 3.51957, 0.5, 0.026, 4, 4, 5, 0, 0, 0, 0, 0
0111110, 5.69355, 2.76876, 1.4064, 3.45281, 0.5, 0.026, 4, 4, 5, 0, 0, 0, 0, 0
0011111, 4.8263, 0.500008, 1.29382e-05, 3.36038, 0.5, 0.026, 4, 4, 5, 0, 0, 0, 0, 0
0111111, 4.67217, 2.67491, 1.39995, 3.39365, 0.5, 0.026, 4, 4, 5, 0, 0, 0, 0, 0
0110110, 7.93281, 5.97188, 0.113838, 3.26454, 0.5, 0.026, 4, 4, 5, 0, 0, 0, 0, 0
0110111, 7.83579, 4.97026, 0.106917, 3.34137, 0.5, 0.026, 4, 4, 5, 0, 0, 0, 0, 0
0111011, 6.05397, 7.36114, 2.72389, 3.38302, 0.5, 0.026, 4, 4, 5, 0, 0, 0, 0, 0
0111100, 4.83282, 6.84056, 2.70421, 3.43564, 0.5, 0.026, 4, 4, 5, 0, 0, 0, 0, 0
0111101, 4.65104, 4.84097, 0.406398, 3.51429, 0.5, 0.026, 4, 4, 5, 0, 0, 0, 0, 0
0110100, 7.05574, 9.26783, 0.859811, 3.4168, 0.5, 0.026, 4, 4, 5, 0, 0, 0, 0, 0
0111001, 6.714, 11.5, 2.16511e-05, 3.36566, 0.5, 0.026, 4, 4, 5, 0, 0, 0, 0, 0
0111010, 6.08045, 9.643, 0.843576, 3.31046, 0.5, 0.026, 4, 4, 5, 0, 0, 0, 0, 0
0010111, 11.5475, 1.57715, 0.0772518, 3.58995, 0.5, 0.026, 4, 4, 5, 0, 0, 0, 0, 0
0011011, 10.5583, 2.49061, 0.102025, 3.1972, 0.5, 0.026, 4, 4, 5, 0, 0, 0, 0, 0
1111111, 9.48953, 0.500046, 1.95313e-05, 3.24375, 0.5, 0.026, 4, 4, 5, 0, 0, 0, 0, 0
0011101, 9.15474, 3.31203, 0.268687, 3.4872, 0.5, 0.026, 4, 4, 5, 0, 0, 0, 0, 0
0100111, 11.4209, 7.7493, 0.161446, 3.4494, 0.5, 0.026, 4, 4, 5, 0, 0, 0, 0, 0
0101011, 11.3835, 6.76232, 0.174872, 3.29408, 0.5, 0.026, 4, 4, 5, 0, 0, 0, 0, 0
0101101, 11.0734, 5.7309, 0.152628, 3.40194, 0.5, 0.026, 4, 4, 5, 0, 0, 0, 0, 0
0101110, 9.1597, 4.31004, 0.249304, 3.67232, 0.5, 0.026, 4, 4, 5, 0, 0, 0, 0, 0
0110101, 8.28372, 7.48392, 2.75592, 3.31614, 0.5, 0.026, 4, 4, 5, 0, 0, 0, 0, 0
0111000, 9.93155, 10.5288, -0.000716003, 3.31957, 0.5, 0.026, 4, 4, 5, 0, 0, 0, 0, 0
0100000, 10.0436, 11.4998, 3.14176, 3.30315, 0.5, 0.026, 4, 4, 5, 0, 0, 0, 0, 0
0110001, 9.72732, 9.55664, 0.00957581, 3.20186, 0.5, 0.026, 4, 4, 5, 0, 0, 0, 0, 0
0110011, 9.22816, 8.61612, -0.0299195, 3.38384, 0.5, 0.026, 4, 4, 5, 0, 0, 0, 0, 0
1111101, 15.7629, 0.50014, -0.000118024, 3.17919, 0.5, 0.026, 4, 4, 5, 0, 0, 0, 0, 0
1101111, 15.3077, 2.44402, -0.00832012, 3.37003, 0.5, 0.026, 4, 4, 5, 0, 0, 0, 0, 0
1110111, 14.9451, 1.48103, 0.00775111, 3.27027, 0.5, 0.026, 4, 4, 5, 0, 0, 0, 0, 0
0010110, 13.6675, 3.32407, 0.575827, 3.42858, 0.5, 0.026, 4, 4, 5, 0, 0, 0, 0, 0
1111110, 12.6161, 0.65784, -0.147346, 3.14888, 0.5, 0.026, 4, 4, 5, 0, 0, 0, 0, 0
0011001, 15.7415, 5.41394, -0.0525269, 3.23108, 0.5, 0.026, 4, 4, 5, 0, 0, 0, 0, 0
0011010, 13.0578, 4.09061, 0.568642, 3.26416, 0.5, 0.026, 4, 4, 5, 0, 0, 0, 0, 0
0101010, 14.6389, 7.45183, 0.0798359, 3.42604, 0.5, 0.026, 4, 4, 5, 0, 0, 0, 0, 0
0101100, 14.5261, 6.45516, 0.0780889, 3.4461, 0.5, 0.026, 4, 4, 5, 0, 0, 0, 0, 0
0011100, 12.2454, 4.71862, 0.584488, 3.36904, 0.5, 0.026, 4, 4, 5, 0, 0, 0, 0, 0
0100100, 15.7, 9.56847, 3.15877, 3.32996, 0.5, 0.026, 4, 4, 5, 0, 0, 0, 0, 0
0100110, 14.6758, 8.46603, 0.0983497, 3.29177, 0.5, 0.026, 4, 4, 5, 0, 0, 0, 0, 0
0100001, 13.3482, 11.4999, 3.1415, 3.32009, 0.5, 0.026, 4, 4, 5, 0, 0, 0, 0, 0
0110000, 12.7893, 10.1708, 0.327637, 3.11435, 0.5, 0.026, 4, 4, 5, 0, 0, 0, 0, 0
0110010, 12.4784, 9.06904, 0.287331, 3.24807, 0.5, 0.026, 4, 4, 5, 0, 0, 0, 0, 0
1111100, 18.9087, 0.500018, -5.72947e-05, 3.12484, 0.5, 0.026, 4, 4, 5, 0, 0, 0, 0, 0
1101110, 18.7394, 2.40409, -0.0456872, 3.52835, 0.5, 0.026, 4, 4, 5, 0, 0, 0, 0, 0
1110110, 18.2107, 1.47875, 0.0100081, 3.28378, 0.5, 0.026, 4, 4, 5, 0, 0, 0, 0, 0
0010101, 17.0864, 3.4479, 0.0128357, 3.51758, 0.5, 0.026, 4, 4, 5, 0, 0, 0, 0, 0
0100101, 18.329, 7.96893, 2.43209, 3.4284, 0.5, 0.026, 4, 4, 5, 0, 0, 0, 0, 0
0001111, 17.5656, 6.04104, -0.750919, 3.39362, 0.5, 0.026, 4, 4, 5, 0, 0, 0, 0, 0
0101001, 17.6273, 7.27288, -0.712362, 3.51086, 0.5, 0.026, 4, 4, 5, 0, 0, 0, 0, 0
0011000, 16.7283, 4.40288, -0.0214297, 3.29884, 0.5, 0.026, 4, 4, 5, 0, 0, 0, 0, 0
0000101, 19.2324, 9.78517, 2.43242, 3.43979, 0.5, 0.026, 4, 4, 5, 0, 0, 0, 0, 0
0100011, 18.7606, 8.89044, 2.42807, 3.39407, 0.5, 0.026, 4, 4, 5, 0, 0, 0, 0, 0
0000100, 16.7296, 11.4999, 3.1416, 3.45647, 0.5, 0.026, 4, 4, 5, 0, 0, 0, 0, 0
0100010, 16.0498, 10.5288, 3.12788, 3.5408, 0.5, 0.026, 4, 4, 5, 0, 0, 0, 0, 0
1111011, 22.0571, 0.500046, -9.44239e-06, 3.17607, 0.5, 0.026, 4, 4, 5, 0, 0, 0, 0, 0
1110101, 21.5096, 1.45098, 0.029401, 3.34586, 0.5, 0.026, 4, 4, 5, 0, 0, 0, 0, 0
1101101, 22.172, 2.45347, 0.0209403, 3.37458, 0.5, 0.026, 4, 4, 5, 0, 0, 0, 0, 0
0010011, 20.7587, 3.39579, 0.0352227, 3.44392, 0.5, 0.026, 4, 4, 5, 0, 0, 0, 0, 0
0001011, 21.3673, 7.24242, 0.12201, 3.25938, 0.5, 0.026, 4, 4, 5, 0, 0, 0, 0, 0
0001110, 20.5536, 5.32734, 0.0805964, 3.24562, 0.5, 0.026, 4, 4, 5, 0, 0, 0, 0, 0
0001101, 22.7778, 5.47612, 1.16583, 3.38999, 0.5, 0.026, 4, 4, 5, 0, 0, 0, 0, 0
0010100, 20.092, 4.35305, 0.035025, 3.44293, 0.5, 0.026, 4, 4, 5, 0, 0, 0, 0, 0
0010010, 23.454, 4.5564, 1.16351, 3.39977, 0.5, 0.026, 4, 4, 5, 0, 0, 0, 0, 0
0101000, 20.8067, 6.28281, 0.0402475, 3.54016, 0.5, 0.026, 4, 4, 5, 0, 0, 0, 0, 0
1100011, 22.201, 9.39923, -0.00843013, 3.27379, 0.5, 0.026, 4, 4, 5, 0, 0, 0, 0, 0
0000001, 23.4958, 11.4369, 3.19596, 3.32132, 0.5, 0.026, 4, 4, 5, 0, 0, 0, 0, 0
0000010, 21.0017, 10.4588, 3.08723, 3.24238, 0.5, 0.026, 4, 4, 5, 0, 0, 0, 0, 0
0000110, 21.8014, 8.27133, 3.25139, 3.3087, 0.5, 0.026, 4, 4, 5, 0, 0, 0, 0, 0
0000000, 20.1521, 11.5, 3.14159, 3.38828, 0.5, 0.026, 4, 4, 5, 0, 0, 0, 0, 0
1110100, 24.4273, 2.17482, 0.814977, 3.25189, 0.5, 0.026, 4, 4, 5, 0, 0, 0, 0, 0
1111010, 26.124, 1.91156, 0.405621, 3.19191, 0.5, 0.026, 4, 4, 5, 0, 0, 0, 0, 0
1110011, 26.4428, 3.61031, -0.326157, 3.30022, 0.5, 0.026, 4, 4, 5, 0, 0, 0, 0, 0
1011111, 25.3896, 0.499991, 0.000192385, 3.4911, 0.5, 0.026, 4, 4, 5, 0, 0, 0, 0, 0
1101100, 24.42, 4.31964, 1.15588, 3.29453, 0.5, 0.026, 4, 4, 5, 0, 0, 0, 0, 0
0001010, 24.649, 7.60476, 0.0469676, 3.35995, 0.5, 0.026, 4, 4, 5, 0, 0, 0, 0, 0
1101011, 27.2308, 4.36563, -0.325105, 3.29619, 0.5, 0.026, 4, 4, 5, 0, 0, 0, 0, 0
0001001, 27.8414, 7.2303, -0.46509, 3.28392, 0.5, 0.026, 4, 4, 5, 0, 0, 0, 0, 0
0010001, 27.0161, 5.80841, 0.107225, 3.40035, 0.5, 0.026, 4, 4, 5, 0, 0, 0, 0, 0
0001100, 25.4364, 6.66766, 0.0611405, 3.40474, 0.5, 0.026, 4, 4, 5, 0, 0, 0, 0, 0
0000011, 24.2555, 10.4728, 3.21566, 3.30543, 0.5, 0.026, 4, 4, 5, 0, 0, 0, 0, 0
1100010, 25.4035, 9.58082, 0.0543738, 3.15771, 0.5, 0.026, 4, 4, 5, 0, 0, 0, 0, 0
1100001, 27.5372, 10.5569, -0.0630035, 3.28985, 0.5, 0.026, 4, 4, 5, 0, 0, 0, 0, 0
0000111, 25.0595, 8.61065, 3.17256, 3.28769, 0.5, 0.026, 4, 4, 5, 0, 0, 0, 0, 0
1000000, 26.9109, 11.5, 3.14168, 3.50218, 0.5, 0.026, 4, 4, 5, 0, 0, 0, 0, 0
1111001, 28.7554, 1.46269, -0.0142693, 3.31342, 0.5, 0.026, 4, 4, 5, 0, 0, 0, 0, 0
1011110, 28.8983, 0.500172, 0.000162172, 3.54507, 0.5, 0.026, 4, 4, 5, 0, 0, 0, 0, 0
1110010, 29.2658, 2.4362, -0.00842226, 3.2857, 0.5, 0.026, 4, 4, 5, 0, 0, 0, 0, 0
1101010, 30.1266, 3.40557, 0.0533092, 3.13616, 0.5, 0.026, 4, 4, 5, 0, 0, 0, 0, 0
0010000, 29.5552, 4.7072, -0.2482, 3.27429, 0.5, 0.026, 4, 4, 5, 0, 0, 0, 0, 0
0001000, 30.3497, 5.61525, -0.171152, 3.22037, 0.5, 0.026, 4, 4, 5, 0, 0, 0, 0, 0
1100101, 31.0227, 6.65102, 3.09741, 3.27892, 0.5, 0.026, 4, 4, 5, 0, 0, 0, 0, 0
1010001, 31.6093, 7.61972, 3.09738, 3.52715, 0.5, 0.026, 4, 4, 5, 0, 0, 0, 0, 0
1100100, 28.277, 8.09805, 2.67619, 3.44142, 0.5, 0.026, 4, 4, 5, 0, 0, 0, 0, 0
1010000, 28.6077, 9.02148, 2.68079, 3.52708, 0.5, 0.026, 4, 4, 5, 0, 0, 0, 0, 0
1000001, 30.337, 11.4998, 3.14172, 3.37046, 0.5, 0.026, 4, 4, 5, 0, 0, 0, 0, 0
1100000, 30.7846, 10.5336, -0.0281503, 3.23308, 0.5, 0.026, 4, 4, 5, 0, 0, 0, 0, 0
1001000, 30.9862, 9.56776, 3.13936, 3.50988, 0.5, 0.026, 4, 4, 5, 0, 0, 0, 0, 0
1001100, 31.9292, 8.58476, 3.1083, 3.43241, 0.5, 0.026, 4, 4, 5, 0, 0, 0, 0, 0
1111000, 32.0612, 1.45136, -0.0518081, 3.32511, 0.5, 0.026, 4, 4, 5, 0, 0, 0, 0, 0
1011101, 32.4659, 0.500187, 0.00015243, 3.60727, 0.5, 0.026, 4, 4, 5, 0, 0, 0, 0, 0
1110001, 32.5588, 2.41996, -0.0507819, 3.31998, 0.5, 0.026, 4, 4, 5, 0, 0, 0, 0, 0
1101001, 33.3399, 3.37957, -0.0458169, 3.31603, 0.5, 0.026, 4, 4, 5, 0, 0, 0, 0, 0
1011100, 35.4719, 1.46497, 0.0207658, 3.51832, 0.5, 0.026, 4, 4, 5, 0, 0, 0, 0, 0
1110000, 35.8607, 2.43043, 0.0614143, 3.30134, 0.5, 0.026, 4, 4, 5, 0, 0, 0, 0, 0
1011011, 35.9694, 0.500239, -4.71117e-05, 3.41432, 0.5, 0.026, 4, 4, 5, 0, 0, 0, 0, 0
1100111, 32.8002, 4.39603, -0.0471754, 3.31064, 0.5, 0.026, 4, 4, 5, 0, 0, 0, 0, 0
1100110, 33.209, 6.35042, 0.945972, 3.33511, 0.5, 0.026, 4, 4, 5, 0, 0, 0, 0, 0
1010011, 34.7898, 5.39111, 1.7289, 3.43136, 0.5, 0.026, 4, 4, 5, 0, 0, 0, 0, 0
1010010, 35.8989, 6.89684, 2.54342, 3.58665, 0.5, 0.026, 4, 4, 5, 0, 0, 0, 0, 0
1000010, 33.7268, 11.4861, 3.15313, 3.42859, 0.5, 0.026, 4, 4, 5, 0, 0, 0, 0, 0
1000100, 34.0407, 10.524, 3.13563, 3.29549, 0.5, 0.026, 4, 4, 5, 0, 0, 0, 0, 0
1001001, 34.4705, 9.56633, 3.16677, 3.46786, 0.5, 0.026, 4, 4, 5, 0, 0, 0, 0, 0
1001101, 35.4216, 8.65466, 3.20947, 3.58146, 0.5, 0.026, 4, 4, 5, 0, 0, 0, 0, 0
1101000, 36.6868, 3.88805, 0.411982, 3.44534, 0.5, 0.026, 4, 4, 5, 0, 0, 0, 0, 0
1010110, 39.3612, 3.78908, 2.14864, 3.37212, 0.5, 0.026, 4, 4, 5, 0, 0, 0, 0, 0
1010111, 38.0256, 2.438, 1.29386, 3.29445, 0.5, 0.026, 4, 4, 5, 0, 0, 0, 0, 0
1011010, 39.406, 0.500073, 5.58828e-05, 3.31405, 0.5, 0.026, 4, 4, 5, 0, 0, 0, 0, 0
1010101, 37.0395, 5.12233, 0.411165, 3.44759, 0.5, 0.026, 4, 4, 5, 0, 0, 0, 0, 0
1010100, 37.2231, 7.15986, 2.64874, 3.34385, 0.5, 0.026, 4, 4, 5, 0, 0, 0, 0, 0
1001110, 38.5549, 7.50865, 2.60117, 3.461, 0.5, 0.026, 4, 4, 5, 0, 0, 0, 0, 0
1001111, 39.7265, 5.04247, 2.15036, 3.37684, 0.5, 0.026, 4, 4, 5, 0, 0, 0, 0, 0
1000011, 37.1512, 11.4999, 3.14161, 3.43544, 0.5, 0.026, 4, 4, 5, 0, 0, 0, 0, 0
1000101, 37.3947, 10.5081, 3.14039, 3.42297, 0.5, 0.026, 4, 4, 5, 0, 0, 0, 0, 0
1001010, 38.4156, 8.80936, 2.56402, 3.57896, 0.5, 0.026, 4, 4, 5, 0, 0, 0, 0, 0
1011001, 40.0316, 1.44432, 3.09796, 3.47993, 0.5, 0.026, 4, 4, 5, 0, 0, 0, 0, 0
1011000, 41.2925, 3.62354, 1.2838, 3.54476, 0.5, 0.026, 4, 4, 5, 0, 0, 0, 0, 0
1001011, 40.6449, 6.48916, 1.66483, 3.41861, 0.5, 0.026, 4, 4, 5, 0, 0, 0, 0, 0
1000111, 40.051, 9.05447, 2.6716, 3.36688, 0.5, 0.026, 4, 4, 5, 0, 0, 0, 0, 0
1000110, 40.1167, 10.6286, 2.28306, 3.30261, 0.5, 0.026, 4, 4, 5, 0, 0, 0, 0, 0

