1, 23.5, 5.75, 1.5708, 2, 0.5, 0.013, 4, 3.99742, 5, 0, 0, 0, 0, 0
0, 22, 6, 0, 2, 0.5, 0.013, 4, 3.91224, 5, 0, 0, 0, 0, 0

1, 23.5295, 5.75, 1.5708, 2.13432, 0.5, 0.013, 4, 3.99742, 5, 0.00640848, -3.20482e-09, 0, 0.000982715, -1.27714e-09
0, 21.9705, 6, 4.134e-13, 2.13432, 0.5, 0.013, 4, 3.91224, 5, -0.00640848, 3.20482e-09, 0, -0.000982715, 1.27714e-09

1, 23.5653, 5.75, 1.5708, 2.27766, 0.5, 0.013, 4, 3.99742, 5, 0.00737928, -7.71177e-09, 0, 0.000205269, -9.9507e-10
0, 21.9347, 6, 1.61893e-12, 2.27766, 0.5, 0.013, 4, 3.91224, 5, -0.00737928, 7.71177e-09, 0, -0.000205269, 9.9507e-10

1, 23.6034, 5.75, 1.57079, 2.43062, 0.5, 0.013, 4, 3.99742, 5, 0.00787112, -1.22107e-08, 0, 0.000110479, -9.4484e-10
0, 21.8966, 6, 3.60442e-12, 2.43062, 0.5, 0.013, 4, 3.91224, 5, -0.00787112, 1.22107e-08, 0, -0.000110479, 9.4484e-10

1, 23.644, 5.75, 1.57079, 2.59386, 0.5, 0.013, 4, 3.99742, 5, 0.0083928, -1.70137e-08, 0, 0.000109507, -9.96445e-10
0, 21.856, 6, 6.40128e-12, 2.59386, 0.5, 0.013, 4, 3.91224, 5, -0.0083928, 1.70137e-08, 0, -0.000109507, 9.96445e-10

1, 23.6874, 5.75, 1.57079, 2.76806, 0.5, 0.013, 4, 3.99742, 5, 0.00895543, -2.21604e-08, 0, 0.000116539, -1.06508e-09
0, 21.8126, 6, 1.00229e-11, 2.76806, 0.5, 0.013, 4, 3.91224, 5, -0.00895543, 2.21604e-08, 0, -0.000116539, 1.06508e-09

1, 23.7336, 5.75, 1.57079, 2.95396, 0.5, 0.013, 4, 3.99742, 5, 0.00955731, -2.76685e-08, 0, 0.00012442, -1.13928e-09
0, 21.7664, 6, 1.44732e-11, 2.95396, 0.5, 0.013, 4, 3.91224, 5, -0.00955731, 2.76685e-08, 0, -0.00012442, 1.13928e-09

1, 23.783, 5.75, 1.57079, 3.15235, 0.5, 0.013, 4, 3.99742, 5, 0.0102, -3.356e-08, 0, 0.000132793, -1.21837e-09
0, 21.717, 6, 1.97498e-11, 3.15235, 0.5, 0.013, 4, 3.91224, 5, -0.0102, 3.356e-08, 0, -0.000132793, 1.21837e-09

1, 23.8357, 5.75, 1.57079, 3.36406, 0.5, 0.013, 4, 3.99742, 5, 0.0108859, -3.98601e-08, 0, 0.000141713, -1.30272e-09
0, 21.6643, 6, 2.58455e-11, 3.36406, 0.5, 0.013, 4, 3.91224, 5, -0.0108859, 3.98601e-08, 0, -0.000141713, 1.30272e-09

1, 23.892, 5.75, 1.57079, 3.58998, 0.5, 0.013, 4, 3.99742, 5, 0.011618, -4.6596e-08, 0, 0.000151231, -1.39272e-09
0, 21.608, 6, 3.27489e-11, 3.58998, 0.5, 0.013, 4, 3.91224, 5, -0.011618, 4.6596e-08, 0, -0.000151231, 1.39272e-09

1, 23.952, 5.75, 1.57079, 3.83108, 0.5, 0.013, 4, 3.99742, 5, 0.0123992, -5.37971e-08, 0, 0.000161391, -1.48877e-09
0, 21.548, 6, 4.04456e-11, 3.83108, 0.5, 0.013, 4, 3.91224, 5, -0.0123992, 5.37971e-08, 0, -0.000161391, 1.48877e-09

11, 23.9987, 4.81513, 1.5509, 2.00363, 0.5, 0.013, 4, 3.93942, 5, 0.0054764, -0.0186595, 0, -0.000358083, -0.00310918
01, 20.3954, 6.0007, 0.054384, 2.09047, 0.5, 0.013, 4, 3.9056, 5, -0.0187701, 0.000176356, 0, 0.00228248, -6.27154e-05
10, 23.9983, 6.84265, 1.57079, 2.08475, 0.5, 0.013, 4, 3.99742, 5, 0.00500352, 0.0179558, 0, -0.000497409, 0.00354434
00, 22.4335, 5.99928, 3.20119e-08, 1.9979, 0.5, 0.013, 4, 3.91224, 5, 0.00564129, -0.000171315, 0, -0.00195686, 6.37337e-05

01, 20.297, 6.00184, 0.0543841, 2.23087, 0.5, 0.013, 4, 3.9056, 5, -0.0201525, 0.000263382, 0, -0.000299985, 2.05173e-05
00, 22.4686, 5.99814, 7.70827e-08, 2.13208, 0.5, 0.013, 4, 3.91224, 5, 0.00755579, -0.000263956, 0, 0.000327276, -2.1472e-05
10, 24.0215, 6.91344, 1.57079, 2.22476, 0.5, 0.013, 4, 3.99742, 5, 0.00451158, 0.0141111, 0, -5.41643e-06, -0.000776593
11, 24.0244, 4.74399, 1.5509, 2.13819, 0.5, 0.013, 4, 3.93942, 5, 0.00508149, -0.0140924, 0, -3.75597e-06, 0.000832475

01, 20.1838, 6.00387, 0.0543843, 2.38069, 0.5, 0.013, 4, 3.9056, 5, -0.0298366, 0.00082728, 0, -0.00146493, 0.000150934
00, 22.4942, 5.9879, -3.11029e-07, 2.27527, 0.5, 0.013, 4, 3.91224, 5, 0.00428289, -0.00525218, 0, 0.0019673, 7.59836e-06
10, 24.0681, 6.99116, 1.57079, 2.37417, 0.5, 0.013, 4, 3.99742, 5, 0.0176709, 0.0166745, 0, -0.000317483, -0.000512183
11, 24.0498, 4.67428, 1.5509, 2.28179, 0.5, 0.013, 4, 3.93942, 5, 0.00496984, -0.0122595, 0, -0.000114305, 0.000401947

01, 20.0457, 6.00845, 0.0543847, 2.54057, 0.5, 0.013, 4, 3.9056, 5, -0.0277175, 0.00116897, 0, -0.000466316, 0.000139605
00, 22.5118, 5.9633, -8.35802e-07, 2.42807, 0.5, 0.013, 4, 3.91224, 5, 0.00352678, -0.00542806, 0, -0.000249381, -0.000500237
10, 24.1507, 7.07775, 1.5708, 2.53361, 0.5, 0.013, 4, 3.99742, 5, 0.0169404, 0.0179282, 0, 0.000851043, 0.000261586
11, 24.0728, 4.60767, 1.5509, 2.43503, 0.5, 0.013, 4, 3.93942, 5, 0.00422568, -0.013688, 0, -0.000148955, 9.65674e-05

01, 19.904, 6.01601, 0.0543851, 2.7112, 0.5, 0.013, 4, 3.9056, 5, -0.0288649, 0.00189076, 0, -0.00130513, 0.000303956
00, 22.5307, 5.93392, -1.15569e-06, 2.59114, 0.5, 0.013, 4, 3.91224, 5, 0.00101126, -0.00368812, 0, -0.00614152, 0.00588932
10, 24.2382, 7.16901, 1.5708, 2.70377, 0.5, 0.013, 4, 3.99742, 5, 0.0177238, 0.0184681, 0, -0.000343638, -0.000648716
11, 24.0929, 4.53818, 1.5509, 2.59857, 0.5, 0.013, 4, 3.93942, 5, 0.00713244, -0.0166614, 0, 0.00786965, -0.00548724

01, 19.7276, 6.03095, 0.0543859, 2.89328, 0.5, 0.013, 4, 3.9056, 5, -0.036463, 0.00333432, 0, -0.000198651, 0.000121635
00, 22.5271, 5.9385, 3.57326e-07, 2.76516, 0.5, 0.013, 4, 3.91224, 5, -0.000292617, -0.000427015, 0, 0.00205884, 0.000509428
10, 24.3287, 7.24751, 1.5708, 2.88535, 0.5, 0.013, 4, 3.99742, 5, 0.0196653, 0.0164099, 0, -0.00139539, 0.000204211
11, 24.1681, 4.44042, 1.5509, 2.77308, 0.5, 0.013, 4, 3.93942, 5, 0.0140718, -0.0193523, 0, -0.000352728, -0.000822033

01, 19.5418, 6.04937, 0.0543868, 3.08759, 0.5, 0.013, 4, 3.9056, 5, -0.0387896, 0.00419125, 0, -0.000434218, 0.000181861
00, 22.5265, 5.94203, 1.84893e-06, 2.95086, 0.5, 0.013, 4, 3.91224, 5, -0.00049712, 0.000453257, 0, -0.000349282, 9.9385e-05
10, 24.4248, 7.33031, 1.5708, 3.07913, 0.5, 0.013, 4, 3.99742, 5, 0.0206809, 0.0168307, 0, 0.000486757, 0.000245911
11, 24.2435, 4.33561, 1.5509, 2.95932, 0.5, 0.013, 4, 3.93942, 5, 0.0155971, -0.0214957, 0, 0.000288723, -0.000531014

01, 19.3432, 6.07265, 0.0543878, 3.29495, 0.5, 0.013, 4, 3.9056, 5, -0.0406957, 0.0051692, 0, -0.000564891, 0.00025339
00, 22.5249, 5.94605, 3.62055e-06, 3.14904, 0.5, 0.013, 4, 3.91224, 5, -0.000231123, 0.000821811, 0, 0.000110412, -6.39072e-05
10, 24.53, 7.41573, 1.5708, 3.28592, 0.5, 0.013, 4, 3.99742, 5, 0.0217684, 0.017451, 0, 0.00039029, 0.000112472
11, 24.3234, 4.22281, 1.5509, 3.15807, 0.5, 0.013, 4, 3.93942, 5, 0.0161548, -0.0234631, 0, 6.95776e-05, -0.00030288

01, 19.1335, 6.10176, 0.054389, 3.51623, 0.5, 0.013, 4, 3.9056, 5, -0.0430864, 0.00650627, 0, -0.000415103, 0.000286306
00, 22.5238, 5.95078, 5.76945e-06, 3.36052, 0.5, 0.013, 4, 3.91224, 5, -0.000168787, 0.00105259, 0, -1.19121e-05, 1.18473e-05
10, 24.6431, 7.50385, 1.57081, 3.5066, 0.5, 0.013, 4, 3.99742, 5, 0.0234425, 0.0178276, 0, 0.000370458, 0.000117605
11, 24.4061, 4.10076, 1.55089, 3.37016, 0.5, 0.013, 4, 3.93942, 5, 0.016812, -0.0254079, 0, 5.18475e-05, -0.000418546

01, 18.9127, 6.13825, 0.0543905, 3.75238, 0.5, 0.013, 4, 3.9056, 5, -0.0452731, 0.00816292, 0, -0.000440944, 0.000375813
00, 22.5232, 5.95648, 8.36982e-06, 3.58621, 0.5, 0.013, 4, 3.91224, 5, -8.93273e-05, 0.001261, 0, 2.24441e-05, 3.93437e-05
11, 24.491, 3.96844, 1.55089, 3.5965, 0.5, 0.013, 4, 3.93942, 5, 0.0171586, -0.0275554, 0, 4.88736e-05, -0.000445694
10, 24.7647, 7.59386, 1.57081, 3.7421, 0.5, 0.013, 4, 3.99742, 5, 0.0251988, 0.0181058, 0, 0.000368569, 2.9218e-05

011, 17.6382, 6.12703, 0.0787824, 2.03505, 0.5, 0.013, 4, 3.95288, 5, -0.0502178, 0.00962739, 0, 0.00317893, 0.000179853
010, 19.6382, 6.22201, 0.0543915, 1.96933, 0.5, 0.013, 4, 3.9056, 5, -0.0134778, 0.000741013, 0, 0.00113538, -0.00148577
00, 22.5086, 5.96775, 1.06966e-05, 3.82706, 0.5, 0.013, 4, 3.91224, 5, -0.0102159, 0.00465221, 0, 0.00100711, -0.000268809
11, 24.5752, 3.82678, 1.55089, 3.83803, 0.5, 0.013, 4, 3.93942, 5, 0.013894, -0.0270217, 0, -0.00355041, 0.00180988
10, 24.893, 7.68413, 1.57081, 3.99342, 0.5, 0.013, 4, 3.99742, 5, 0.0231945, 0.0176519, 0, -0.0033322, 0.000118609

011, 17.331, 6.17427, 0.0787826, 2.17173, 0.5, 0.013, 4, 3.95288, 5, -0.0562391, 0.00958377, 0, 0.00796462, 0.000196381
010, 19.4859, 6.27551, 0.0543942, 2.10159, 0.5, 0.013, 4, 3.9056, 5, -0.0263972, 0.00848672, 0, 0.00727692, -0.00592553
001, 21.4783, 5.91048, 0.014538, 2.07072, 0.5, 0.013, 4, 3.96091, 5, 0.00105912, -0.0165189, 0, -0.0354397, 0.00248152
000, 23.4843, 5.99482, 1.083e-05, 2.01336, 0.5, 0.013, 4, 3.91224, 5, 0.00557248, 0.0108507, 0, 0.0220789, 0.00331984
111, 24.553, 2.56019, 1.52046, 2.05991, 0.5, 0.013, 4, 3.99917, 5, 0.000279277, -0.0458297, 0, 0.000126232, 0.00545804
110, 24.5924, 4.5987, 1.55089, 2.03589, 0.5, 0.013, 4, 3.93942, 5, 0.000329215, -0.0198646, 0, 7.22762e-05, -0.00404299
101, 25.0847, 6.696, 1.53979, 2.17343, 0.5, 0.013, 4, 3.99332, 5, 0.0222968, 0.00680354, 0, 0.00237279, -0.0212397
100, 24.9522, 8.79156, 1.57081, 2.08818, 0.5, 0.013, 4, 3.99742, 5, 0.00997562, 0.0129279, 0, -0.00368985, 0.0207511

011, 17.0854, 6.22307, 0.0787826, 2.31758, 0.5, 0.013, 4, 3.95288, 5, -0.0472405, 0.00980993, 0, -0.000799165, 4.43584e-06
010, 19.36, 6.30739, 0.0543955, 2.24273, 0.5, 0.013, 4, 3.9056, 5, -0.0234739, 0.00593979, 0, 0.00186562, -0.000106012
001, 21.4181, 5.81693, 0.014538, 2.20979, 0.5, 0.013, 4, 3.96091, 5, -0.00994495, -0.021193, 0, 0.000763494, -0.00110377
000, 23.5422, 6.06901, 9.56597e-06, 2.14858, 0.5, 0.013, 4, 3.91224, 5, 0.00620216, 0.0176307, 0, -0.00169668, 0.00121383
111, 24.555, 2.33247, 1.52046, 2.19825, 0.5, 0.013, 4, 3.99917, 5, 0.000450311, -0.0459434, 0, 1.6979e-05, -0.000602398
110, 24.5943, 4.50425, 1.55089, 2.17261, 0.5, 0.013, 4, 3.93942, 5, 0.000363891, -0.018172, 0, -1.5048e-05, 0.000628918
101, 25.2035, 6.67467, 1.53979, 2.31939, 0.5, 0.013, 4, 3.99332, 5, 0.0246327, -0.0052724, 0, 6.3479e-05, 0.00130993
100, 24.9898, 8.90332, 1.57081, 2.22842, 0.5, 0.013, 4, 3.99742, 5, 0.00638129, 0.0227726, 0, -4.28625e-05, -0.00150703

011, 16.839, 6.27226, 0.0787826, 2.47322, 0.5, 0.013, 4, 3.95288, 5, -0.0481282, 0.00983516, 0, 0.000796916, -1.31352e-05
010, 19.2681, 6.33237, 0.0543965, 2.39335, 0.5, 0.013, 4, 3.9056, 5, -0.0155558, 0.00279572, 0, 0.00104246, -0.00130161
001, 21.3698, 5.69924, 0.0145367, 2.35819, 0.5, 0.013, 4, 3.96091, 5, -0.00846081, -0.0238302, 0, 0.000799153, 0.000685019
000, 23.5571, 6.17355, 7.22558e-06, 2.29288, 0.5, 0.013, 4, 3.91224, 5, -0.00232616, 0.0234128, 0, -0.00266737, 0.000621416
111, 24.5574, 2.09914, 1.52046, 2.34588, 0.5, 0.013, 4, 3.99917, 5, 0.000540331, -0.0471657, 0, 2.07396e-05, -0.000223606
110, 24.5959, 4.4171, 1.55089, 2.31852, 0.5, 0.013, 4, 3.93942, 5, 0.000276032, -0.0169287, 0, -2.07369e-05, 0.000223839
101, 25.3299, 6.65676, 1.53979, 2.47516, 0.5, 0.013, 4, 3.99332, 5, 0.0262499, -0.00297409, 0, 0.000360892, 0.000426165
100, 25.0185, 9.00811, 1.57081, 2.37808, 0.5, 0.013, 4, 3.99742, 5, 0.00476244, 0.020322, 0, -0.00036109, -0.000432958

011, 16.6028, 6.32136, 0.0787826, 2.63932, 0.5, 0.013, 4, 3.95288, 5, -0.0469481, 0.00981477, 0, 3.04722e-05, -5.27972e-07
010, 19.2002, 6.3354, 0.0543965, 2.55409, 0.5, 0.013, 4, 3.9056, 5, -0.0125052, -0.000537532, 0, 0.00012422, -0.000130903
001, 21.3438, 5.58468, 0.014534, 2.51657, 0.5, 0.013, 4, 3.96091, 5, -0.000462599, -0.0223017, 0, 0.00242992, 0.000358374
000, 23.5151, 6.29689, 4.41657e-06, 2.44686, 0.5, 0.013, 4, 3.91224, 5, -0.0144778, 0.0251588, 0, -0.0025765, -0.000250637
111, 24.5604, 1.86096, 1.52046, 2.50343, 0.5, 0.013, 4, 3.99917, 5, 0.000660109, -0.0481441, 0, 2.77273e-05, -0.000198185
110, 24.597, 4.3348, 1.55089, 2.47423, 0.5, 0.013, 4, 3.93942, 5, 0.000156118, -0.0159505, 0, -2.77672e-05, 0.000198044
101, 25.4668, 6.64516, 1.53978, 2.64139, 0.5, 0.013, 4, 3.99332, 5, 0.0284378, -0.00133087, 0, 0.000439018, 0.000433619
100, 25.0366, 9.10646, 1.57081, 2.53779, 0.5, 0.013, 4, 3.99742, 5, 0.00256862, 0.0186699, 0, -0.000440274, -0.000434907

011, 16.3682, 6.37043, 0.0787826, 2.81658, 0.5, 0.013, 4, 3.95288, 5, -0.0469006, 0.00981395, 0, 1.54805e-06, -2.68221e-08
010, 19.1383, 6.332, 0.0543965, 2.72562, 0.5, 0.013, 4, 3.9056, 5, -0.0123204, -0.000732256, 0, 5.37636e-06, -5.66556e-06
001, 21.3736, 5.48501, 0.0145321, 2.68558, 0.5, 0.013, 4, 3.96091, 5, 0.0122722, -0.0158537, 0, 0.00225764, 0.0023153
000, 23.4098, 6.41122, 2.39971e-06, 2.61119, 0.5, 0.013, 4, 3.91224, 5, -0.027421, 0.0187645, 0, -0.0022522, -0.00233942
111, 24.5641, 1.61762, 1.52046, 2.67155, 0.5, 0.013, 4, 3.99917, 5, 0.000823094, -0.0492089, 0, 3.78141e-05, -0.000218741
110, 24.5974, 4.25767, 1.55089, 2.6404, 0.5, 0.013, 4, 3.93942, 5, -7.12901e-06, -0.0148854, 0, -3.78765e-05, 0.000218798
101, 25.6137, 6.64574, 1.53978, 2.81878, 0.5, 0.013, 4, 3.99332, 5, 0.0301783, 0.00185916, 0, 0.000249837, 0.000800462
100, 25.0448, 9.19251, 1.57081, 2.70823, 0.5, 0.013, 4, 3.99742, 5, 0.0008394, 0.0154499, 0, -0.000245664, -0.000807083

011, 16.1337, 6.4195, 0.0787826, 3.00573, 0.5, 0.013, 4, 3.95288, 5, -0.046898, 0.0098139, 0, 1.04669e-07, -1.81353e-09
010, 19.0768, 6.32831, 0.0543965, 2.90867, 0.5, 0.013, 4, 3.9056, 5, -0.0123117, -0.000741468, 0, 3.16185e-07, -3.33193e-07
001, 21.4541, 5.43309, 0.0145319, 2.86594, 0.5, 0.013, 4, 3.96091, 5, 0.0180555, -0.00707385, 0, 0.000257536, 0.000467273
000, 23.2538, 6.47763, 2.21441e-06, 2.78656, 0.5, 0.013, 4, 3.91224, 5, -0.0330829, 0.0100315, 0, -0.000234338, -0.000434491
111, 24.5689, 1.42929, 1.52046, 2.85097, 0.5, 0.013, 4, 3.99917, 5, 0.00193759, 0.0446016, 0, 0.00336472, -0.145781
110, 24.5966, 4.1906, 1.55089, 2.81773, 0.5, 0.013, 4, 3.93942, 5, -0.00113678, 0.00971992, 0, -0.00341713, 0.0838456
101, 25.7661, 6.66652, 1.53978, 3.00809, 0.5, 0.013, 4, 3.99332, 5, 0.0304398, 0.00670328, 0, -0.00018965, 0.00110727
100, 25.0475, 9.25818, 1.57081, 2.89011, 0.5, 0.013, 4, 3.99742, 5, 0.000615102, 0.0105709, 0, 0.000200505, -0.00111344

011, 15.8992, 6.46857, 0.0787826, 3.2076, 0.5, 0.013, 4, 3.95288, 5, -0.0468978, 0.0098139, 0, 9.08869e-09, -1.57474e-10
010, 19.0152, 6.3246, 0.0543965, 3.10401, 0.5, 0.013, 4, 3.9056, 5, -0.0123111, -0.000742056, 0, 2.42949e-08, -2.56018e-08
001, 21.546, 5.40055, 0.0145319, 3.05841, 0.5, 0.013, 4, 3.96091, 5, 0.0185019, -0.00626387, 0, 1.86772e-05, 3.38879e-05
000, 23.087, 6.52522, 2.21441e-06, 2.9737, 0.5, 0.013, 4, 3.91224, 5, -0.033475, 0.00930446, 0, -1.51549e-05, -2.8099e-05
111, 24.5937, 1.51938, 1.52045, 3.04244, 0.5, 0.013, 4, 3.99917, 5, 0.00585431, 0.0128332, 0, 0.00239599, -0.0204992
110, 24.5758, 4.49001, 1.55089, 3.00696, 0.5, 0.013, 4, 3.93942, 5, -0.00505492, 0.0445054, 0, -0.00242851, 0.0162562
101, 25.9132, 6.71444, 1.53978, 3.21011, 0.5, 0.013, 4, 3.99332, 5, 0.0277763, 0.0124853, 0, -0.000908322, 0.00112903
100, 25.0559, 9.29658, 1.5708, 3.0842, 0.5, 0.013, 4, 3.99742, 5, 0.00335105, 0.00477256, 0, 0.000925887, -0.00112798

011, 15.6636, 6.51803, 0.0787827, 3.42302, 0.5, 0.013, 4, 3.95288, 5, -0.0482813, 0.0103284, 0, -0.0010018, 0.000390006
010, 18.9547, 6.32049, 0.0543966, 3.31247, 0.5, 0.013, 4, 3.9056, 5, -0.0108792, -0.00127471, 0, 0.00102825, -0.000400632
001, 21.6386, 5.36945, 0.0145319, 3.26381, 0.5, 0.013, 4, 3.96091, 5, 0.0185369, -0.00620042, 0, 1.72485e-06, 3.12957e-06
000, 22.8853, 6.62006, 6.28378e-06, 3.17341, 0.5, 0.013, 4, 3.91224, 5, -0.0611894, 0.0471593, 0, -0.00042906, -0.00098507
111, 24.6486, 1.6192, 1.52045, 3.24677, 0.5, 0.013, 4, 3.99917, 5, 0.019152, 0.0187648, 0, 0.008345, 0.00659084
110, 24.5586, 4.75647, 1.55088, 3.20891, 0.5, 0.013, 4, 3.93942, 5, 0.00897598, 0.0499596, 0, -0.00788945, 0.038196
101, 26.0379, 6.78927, 1.53978, 3.4257, 0.5, 0.013, 4, 3.99332, 5, 0.0218261, 0.0169346, 0, -0.00101414, 0.000493474
100, 25.087, 9.30811, 1.5708, 3.29134, 0.5, 0.013, 4, 3.99742, 5, 0.00937172, 0.000366164, 0, 0.00100491, -0.00047461

011, 15.4183, 6.57143, 0.0787828, 3.6529, 0.5, 0.013, 4, 3.95288, 5, -0.048836, 0.0106483, 0, 3.16162e-05, 2.16817e-05
010, 18.9042, 6.31237, 0.0543968, 3.53493, 0.5, 0.013, 4, 3.9056, 5, -0.0103744, -0.00157798, 0, -3.35898e-05, -2.16216e-05
001, 21.7313, 5.33847, 0.0145319, 3.483, 0.5, 0.013, 4, 3.96091, 5, 0.0185403, -0.00619413, 0, 1.97144e-07, 3.57698e-07
000, 22.5744, 6.83157, 9.93379e-06, 3.38654, 0.5, 0.013, 4, 3.91224, 5, -0.0517863, 0.027456, 0, 0.00350858, -0.00493281
111, 24.7787, 1.73001, 1.52044, 3.46482, 0.5, 0.013, 4, 3.99917, 5, 0.0270528, 0.022597, 0, 0.000966673, -0.00211537
110, 24.5751, 5.08395, 1.55088, 3.42442, 0.5, 0.013, 4, 3.93942, 5, -0.00786441, 0.0583546, 0, -0.00446438, -0.00251834
101, 26.1399, 6.87738, 1.53978, 3.65577, 0.5, 0.013, 4, 3.99332, 5, 0.0196844, 0.0179767, 0, -0.000133721, 6.50675e-05
100, 25.1407, 9.30673, 1.5708, 3.51238, 0.5, 0.013, 4, 3.99742, 5, 0.0114096, -0.000596324, 0, 0.000117849, -5.56587e-05

011, 15.1722, 6.62622, 0.0787831, 3.89823, 0.5, 0.013, 4, 3.95288, 5, -0.0496323, 0.0112978, 0, -0.000357626, 0.000274304
010, 18.8518, 6.30105, 0.0543964, 3.77234, 0.5, 0.013, 4, 3.9056, 5, -0.0197229, -0.00966161, 0, -0.0254612, -0.019968
001, 21.824, 5.3075, 0.0145319, 3.71692, 0.5, 0.013, 4, 3.96091, 5, 0.0185407, -0.00619336, 0, 2.72232e-08, 4.93937e-08
000, 22.3028, 6.9527, 1.08796e-05, 3.61397, 0.5, 0.013, 4, 3.91224, 5, -0.0447332, 0.0277651, 0, 0.0267976, 0.0193333
111, 24.9425, 1.84643, 1.52043, 3.69751, 0.5, 0.013, 4, 3.99917, 5, 0.039028, 0.0241445, 0, -0.000176133, -0.000497933
110, 24.522, 5.33536, 1.55087, 3.6544, 0.5, 0.013, 4, 3.93942, 5, -0.0163208, 0.0429364, 0, 0.000583475, -0.00844121
101, 26.2374, 6.96773, 1.53978, 3.90128, 0.5, 0.013, 4, 3.99332, 5, 0.019384, 0.0181229, 0, -2.09719e-05, 1.02048e-05
100, 25.1986, 9.30335, 1.5708, 3.74827, 0.5, 0.013, 4, 3.99742, 5, 0.0116647, -0.000716763, 0, 1.66499e-05, -7.86354e-06

0110, 15.9941, 6.84605, 0.0787864, 2.12233, 0.5, 0.013, 4, 3.95288, 5, -0.0382222, 0.0090656, 0, -0.00192949, -0.00350756
0111, 13.9166, 6.61077, 0.0171235, 2.03769, 0.5, 0.013, 4, 4.09269, 5, -0.059708, 0.0140108, 0, 0.00489287, 0.000820102
0101, 17.7826, 6.05765, 0.0695584, 1.99563, 0.5, 0.013, 4, 4.08814, 5, -0.0315544, -0.0334343, 0, 0.00554567, 0.00136821
0100, 19.78, 6.18544, 0.0543977, 2.03005, 0.5, 0.013, 4, 3.9056, 5, -0.000106741, -0.0078936, 0, -0.00124922, -0.0214519
0011, 21.0258, 5.25399, 0.049564, 1.93389, 0.5, 0.013, 4, 3.90441, 5, 0.0206147, -0.0197378, 0, -0.000943117, -0.00687173
0010, 23.0052, 5.28299, 0.0145332, 2.03265, 0.5, 0.013, 4, 3.96091, 5, 0.00604809, -0.015897, 0, -0.131942, 0.0264811
000, 22.1079, 7.16453, 8.93613e-06, 3.85668, 0.5, 0.013, 4, 3.91224, 5, -0.0469138, 0.0285533, 0, 0.00118453, -0.0058067
111, 25.1612, 1.9707, 1.52043, 3.94583, 0.5, 0.013, 4, 3.99917, 5, 0.0445578, 0.0256959, 0, -0.00921756, 0.000358262
1011, 26.3038, 6.09521, 1.5631, 2.04344, 0.5, 0.013, 4, 3.97862, 5, 0.0188121, 0.00587363, 0, 0.000157276, 0.00376135
110, 24.4659, 5.46712, 1.55085, 3.89982, 0.5, 0.013, 4, 3.93942, 5, -0.0121165, 0.0119798, 0, 0.0532648, -0.0132121
1001, 25.257, 8.37, 1.52582, 1.96513, 0.5, 0.013, 4, 4.09894, 5, 0.0117029, -0.00073607, 0, 5.7675e-06, -0.000143403
1010, 26.369, 8.16687, 1.53978, 2.11985, 0.5, 0.013, 4, 3.99332, 5, 0.0198832, 0.0305192, 0, -0.000150975, -0.00359135
1000, 25.257, 10.3687, 1.5708, 2.03487, 0.5, 0.013, 4, 3.99742, 5, 0.0117029, -0.000733668, 0, -1.9288e-07, 0.000131372

0110, 15.8167, 6.87967, 0.0787863, 2.26487, 0.5, 0.013, 4, 3.95288, 5, -0.0324354, 0.00639569, 0, -0.0020862, -0.000405943
0111, 13.6153, 6.68057, 0.0171234, 2.17454, 0.5, 0.013, 4, 4.09269, 5, -0.0626069, 0.0136487, 0, 0.00226912, 0.00039279
0101, 17.6459, 5.8948, 0.0695583, 2.12966, 0.5, 0.013, 4, 4.08814, 5, -0.0272321, -0.0325269, 0, 2.94953e-05, -1.98245e-05
0100, 19.7752, 6.0598, 0.0543976, 2.16638, 0.5, 0.013, 4, 3.9056, 5, -0.000238729, -0.0292873, 0, 2.15312e-06, -0.000165987
0001, 20.9195, 7.26883, 0.0281207, 2.03113, 0.5, 0.013, 4, 4.05955, 5, -0.0591504, 0.018677, 0, -0.00497564, -6.20693e-05
0011, 20.8957, 5.11192, 0.0495636, 2.06377, 0.5, 0.013, 4, 3.90441, 5, -0.0163163, -0.032385, 0, 0.0357605, 0.00588507
0010, 22.9743, 5.41864, 0.0145369, 2.16916, 0.5, 0.013, 4, 3.96091, 5, -4.96496e-05, 0.0287982, 0, -0.0566585, -0.0383829
0000, 22.9594, 7.27326, 9.36586e-06, 2.08456, 0.5, 0.013, 4, 3.91224, 5, -0.031785, 0.021938, 0, 0.0105011, -0.00213139
1111, 25.5446, 1.09018, 1.52604, 2.15149, 0.5, 0.013, 4, 3.95549, 5, 0.114555, 0.0249601, 0, 0.00151066, 0.00121979
1110, 25.3209, 3.158, 1.52041, 2.05934, 0.5, 0.013, 4, 3.99917, 5, -0.0132995, -0.0337153, 0, 0.00652974, -0.015526
1101, 24.3929, 4.32865, 1.58174, 2.13216, 0.5, 0.013, 4, 4.09869, 5, -0.0230876, -0.0193181, 0, -0.0288479, -0.000314872
1011, 26.3975, 6.11821, 1.5631, 2.18068, 0.5, 0.013, 4, 3.97862, 5, 0.01868, 0.00399009, 0, -4.38446e-05, -0.000697021
1100, 24.4172, 6.39675, 1.55085, 2.02957, 0.5, 0.013, 4, 3.93942, 5, -0.00892948, -0.00382884, 0, 0.0437555, 0.0319501
1001, 25.317, 8.30543, 1.52582, 2.09711, 0.5, 0.013, 4, 4.09894, 5, 0.0120852, -0.0149555, 0, 7.61789e-05, -0.00212956
1010, 26.4688, 8.32533, 1.53978, 2.26221, 0.5, 0.013, 4, 3.99332, 5, 0.0200091, 0.0322964, 0, 4.20658e-05, 0.000660934
1000, 25.3141, 10.425, 1.5708, 2.17153, 0.5, 0.013, 4, 3.99742, 5, 0.0113291, 0.0134089, 0, -7.43256e-05, 0.00206921

0110, 15.655, 6.9106, 0.0787862, 2.41697, 0.5, 0.013, 4, 3.95288, 5, -0.0319165, 0.00604597, 0, 5.11609e-06, -7.78952e-05
0111, 13.3018, 6.74969, 0.0171232, 2.32058, 0.5, 0.013, 4, 4.09269, 5, -0.0630996, 0.0139539, 0, -4.83582e-06, 7.7465e-05
0101, 17.5061, 5.73154, 0.0695582, 2.27268, 0.5, 0.013, 4, 4.08814, 5, -0.0284381, -0.0327562, 0, -0.000265062, -5.06808e-05
0100, 19.7777, 5.91316, 0.0543975, 2.31188, 0.5, 0.013, 4, 3.9056, 5, 0.000995381, -0.0292717, 0, 0.000263456, 4.75197e-05
0001, 20.6411, 7.3615, 0.0281208, 2.16754, 0.5, 0.013, 4, 4.05955, 5, -0.0548551, 0.0185061, 0, 0.000607721, 2.07836e-06
0011, 20.8234, 4.91425, 0.0495611, 2.20237, 0.5, 0.013, 4, 3.90441, 5, -0.00518226, -0.0413812, 0, 0.00860832, 0.00276918
0010, 22.8796, 5.52913, 0.0145339, 2.31484, 0.5, 0.013, 4, 3.96091, 5, -0.0182334, 0.0236057, 0, -0.00842601, -0.00409668
0000, 22.8246, 7.36785, 9.39974e-06, 2.22456, 0.5, 0.013, 4, 3.91224, 5, -0.0255112, 0.0180449, 0, -0.000452606, -4.88136e-05
1111, 26.1425, 1.18023, 1.52604, 2.29599, 0.5, 0.013, 4, 3.95549, 5, 0.116926, 0.0249776, 0, -0.000491165, 0.00108029
1110, 25.1948, 2.97914, 1.52039, 2.19764, 0.5, 0.013, 4, 3.99917, 5, -0.0317769, -0.044442, 0, -0.00278709, -0.000880969
1101, 24.2568, 4.22209, 1.58172, 2.27536, 0.5, 0.013, 4, 4.09869, 5, -0.0282703, -0.0156748, 0, -0.000721581, 0.0021273
1011, 26.4906, 6.13464, 1.5631, 2.32713, 0.5, 0.013, 4, 3.97862, 5, 0.0185594, 0.00277935, 0, -2.53043e-05, -0.000220398
1100, 24.4706, 6.42632, 1.55086, 2.16587, 0.5, 0.013, 4, 3.93942, 5, 0.00795707, -0.00212561, 0, 0.00464899, -0.000687943
1001, 25.3777, 8.22971, 1.52582, 2.23795, 0.5, 0.013, 4, 4.09894, 5, 0.0122051, -0.0155715, 0, 2.17986e-05, 2.43136e-05
1010, 26.5692, 8.4903, 1.53978, 2.41414, 0.5, 0.013, 4, 3.99332, 5, 0.0201291, 0.0334998, 0, 2.526e-05, 0.000220935
1000, 25.3705, 10.4933, 1.5708, 2.31736, 0.5, 0.013, 4, 3.99742, 5, 0.0112079, 0.0140942, 0, -2.22407e-05, -8.35809e-06

0110, 15.4982, 6.94003, 0.0787862, 2.5793, 0.5, 0.013, 4, 3.95288, 5, -0.0309735, 0.00569846, 0, 0.00017427, -8.23212e-05
0111, 12.9835, 6.82025, 0.0171231, 2.47643, 0.5, 0.013, 4, 4.09269, 5, -0.0640549, 0.014301, 0, -0.000176652, 8.26068e-05
0101, 17.3615, 5.56718, 0.0695581, 2.42532, 0.5, 0.013, 4, 4.08814, 5, -0.0294256, -0.0329939, 0, -0.000199828, -5.21035e-05
0100, 19.7852, 5.76736, 0.0543974, 2.46714, 0.5, 0.013, 4, 3.9056, 5, 0.00198323, -0.0290381, 0, 0.000199883, 5.19671e-05
0001, 20.3671, 7.45417, 0.0281209, 2.31311, 0.5, 0.013, 4, 4.05955, 5, -0.0552203, 0.018574, 0, -0.000132042, 1.70348e-05
0011, 20.8615, 4.73078, 0.0495598, 2.35028, 0.5, 0.013, 4, 3.90441, 5, 0.0185794, -0.0291964, 0, 0.00234885, 0.00229338
0010, 22.7722, 5.64009, 0.0145335, 2.47031, 0.5, 0.013, 4, 3.96091, 5, -0.0225478, 0.0170034, 0, -0.00283161, -0.00141264
0000, 22.6973, 7.45772, 9.43306e-06, 2.37396, 0.5, 0.013, 4, 3.91224, 5, -0.0250013, 0.0179217, 0, 0.000134213, -1.78494e-05
1111, 26.7247, 1.31031, 1.52604, 2.45018, 0.5, 0.013, 4, 3.95549, 5, 0.116305, 0.0263436, 0, -1.1542e-05, 2.53861e-05
1110, 25.0278, 2.75269, 1.52038, 2.34523, 0.5, 0.013, 4, 3.99917, 5, -0.0371299, -0.0453732, 0, -0.00110216, 3.76217e-05
1101, 24.0909, 4.13321, 1.5817, 2.42817, 0.5, 0.013, 4, 4.09869, 5, -0.0369196, -0.0203742, 0, -0.00108368, -0.0016329
1011, 26.583, 6.14618, 1.5631, 2.48342, 0.5, 0.013, 4, 3.97862, 5, 0.0184259, 0.00179137, 0, -2.96082e-05, -0.000199956
1100, 24.492, 6.40757, 1.55087, 2.31133, 0.5, 0.013, 4, 3.93942, 5, -0.00325114, -0.00589827, 0, 0.00104283, 1.17028e-05
1001, 25.4443, 8.15216, 1.52582, 2.38825, 0.5, 0.013, 4, 4.09894, 5, 0.0186163, -0.0144289, 0, 0.00206317, -0.000698622
1010, 26.6701, 8.66016, 1.53978, 2.57627, 0.5, 0.013, 4, 3.99332, 5, 0.0202622, 0.0344895, 0, 2.95365e-05, 0.000200474
1000, 25.4261, 10.566, 1.5708, 2.473, 0.5, 0.013, 4, 3.99742, 5, 0.0109807, 0.0158041, 0, -0.000139277, 0.00135259

0110, 15.3456, 6.9674, 0.0787863, 2.75252, 0.5, 0.013, 4, 3.95288, 5, -0.0301194, 0.00522438, 0, 0.000169212, -0.000108466
0111, 12.661, 6.89289, 0.0171231, 2.64275, 0.5, 0.013, 4, 4.09269, 5, -0.064911, 0.0147773, 0, -0.000169787, 0.000109024
0101, 17.2118, 5.40152, 0.069558, 2.5882, 0.5, 0.013, 4, 4.08814, 5, -0.0304436, -0.033283, 0, -0.000208345, -6.41909e-05
0100, 19.7976, 5.62286, 0.0543972, 2.63283, 0.5, 0.013, 4, 3.9056, 5, 0.00300101, -0.0287495, 0, 0.000208311, 6.40843e-05
1101, 23.8983, 4.03475, 1.58169, 2.59124, 0.5, 0.013, 4, 4.09869, 5, -0.0394547, -0.0175057, 0, -0.000163481, 0.00173884
0001, 20.0883, 7.5473, 0.028121, 2.46846, 0.5, 0.013, 4, 4.05955, 5, -0.0562794, 0.0186789, 0, -0.000225113, 2.42696e-05
0011, 20.966, 4.59614, 0.0495598, 2.50812, 0.5, 0.013, 4, 3.90441, 5, 0.0216649, -0.0261824, 0, 6.40061e-05, 6.25214e-05
0010, 22.6712, 5.72467, 0.0145351, 2.63621, 0.5, 0.013, 4, 3.96091, 5, -0.0173049, 0.0180105, 0, 0.000261287, -0.000418723
0000, 22.575, 7.54707, 9.48369e-06, 2.53339, 0.5, 0.013, 4, 3.91224, 5, -0.0239435, 0.0178161, 0, 0.000224168, -2.41998e-05
1111, 27.3062, 1.44215, 1.52604, 2.61473, 0.5, 0.013, 4, 3.95549, 5, 0.116288, 0.0263791, 0, -4.00789e-07, 8.81517e-07
1110, 24.8343, 2.52613, 1.52036, 2.50274, 0.5, 0.013, 4, 3.99917, 5, -0.0395304, -0.0452763, 0, -0.000524161, 2.58089e-05
1011, 26.6748, 6.15247, 1.5631, 2.6502, 0.5, 0.013, 4, 3.97862, 5, 0.0182558, 0.00070903, 0, -3.81844e-05, -0.000222238
1100, 24.4817, 6.36906, 1.55088, 2.46656, 0.5, 0.013, 4, 3.93942, 5, -0.00106652, -0.0106609, 0, 0.000781206, -0.00124327
1001, 25.5254, 8.07143, 1.52582, 2.54864, 0.5, 0.013, 4, 4.09894, 5, 0.0135639, -0.0172777, 0, -0.000276156, -0.000603093
1010, 26.7718, 8.83527, 1.53978, 2.74929, 0.5, 0.013, 4, 3.99332, 5, 0.0204317, 0.0355708, 0, 3.80291e-05, 0.000222065
1000, 25.4796, 10.6469, 1.5708, 2.63908, 0.5, 0.013, 4, 3.99742, 5, 0.0104563, 0.0160599, 0, -0.000115332, 0.000422703

0110, 15.197, 6.99204, 0.0787866, 2.93737, 0.5, 0.013, 4, 3.95288, 5, -0.0293205, 0.00460746, 0, 0.000154317, -0.000139334
0111, 12.3344, 6.96826, 0.0171232, 2.82023, 0.5, 0.013, 4, 4.09269, 5, -0.0657094, 0.0153974, 0, -0.0001542, 0.000140048
0001, 19.8041, 7.64102, 0.0281212, 2.63424, 0.5, 0.013, 4, 4.05955, 5, -0.0573702, 0.0188175, 0, -0.000226232, 3.19029e-05
0101, 17.0569, 5.23423, 0.0695578, 2.76202, 0.5, 0.013, 4, 4.08814, 5, -0.0315203, -0.0336438, 0, -0.000220696, -8.07195e-05
0100, 19.8153, 5.47998, 0.054397, 2.80965, 0.5, 0.013, 4, 3.9056, 5, 0.00405326, -0.028396, 0, -0.000664199, -0.000166078
1101, 23.7009, 3.96847, 1.58168, 2.76526, 0.5, 0.013, 4, 4.09869, 5, -0.0389843, -0.00959037, 0, 0.000334305, 0.00148719
0011, 21.0747, 4.46556, 0.0495598, 2.67656, 0.5, 0.013, 4, 3.90441, 5, 0.0217577, -0.0260918, 0, 2.52227e-06, 2.46377e-06
0010, 22.5858, 5.80966, 0.0145366, 2.81325, 0.5, 0.013, 4, 3.96091, 5, -0.0175178, 0.0166369, 0, 0.000411505, 8.12874e-05
0000, 22.458, 7.63582, 9.55625e-06, 2.70353, 0.5, 0.013, 4, 3.91224, 5, -0.0228537, 0.0176779, 0, 0.000225952, -3.17913e-05
1111, 27.8876, 1.57406, 1.52604, 2.79034, 0.5, 0.013, 4, 3.95549, 5, 0.116288, 0.0263805, 0, -1.94744e-08, 4.2833e-08
1110, 24.6338, 2.29989, 1.52035, 2.67082, 0.5, 0.013, 4, 3.99917, 5, -0.0398548, -0.0452614, 0, 0.000363997, -1.85463e-05
1001, 25.6052, 7.85555, 1.52582, 2.7198, 0.5, 0.013, 4, 4.09894, 5, 0.0173775, -0.0524437, 0, -0.000726767, 0.0102021
1011, 26.7655, 6.15316, 1.5631, 2.82819, 0.5, 0.013, 4, 3.97862, 5, 0.0180385, -0.000446745, 0, -4.91036e-05, -0.000237816
1100, 24.4801, 6.29997, 1.55088, 2.63221, 0.5, 0.013, 4, 3.93942, 5, -0.000464422, -0.0170796, 0, -0.000200128, -0.00129813
1010, 26.8745, 9.01598, 1.53978, 2.93393, 0.5, 0.013, 4, 3.99332, 5, 0.020648, 0.0367252, 0, 4.88765e-05, 0.000237536
1000, 25.5182, 10.5923, 1.5708, 2.81632, 0.5, 0.013, 4, 3.99742, 5, 0.00607649, -0.0208237, 0, 0.000655692, -0.0227851

0110, 15.0522, 7.01319, 0.0787869, 3.13465, 0.5, 0.013, 4, 3.95288, 5, -0.0286096, 0.00382449, 0, 0.000129218, -0.000174667
0111, 12.004, 7.04714, 0.0171235, 3.00964, 0.5, 0.013, 4, 4.09269, 5, -0.0664182, 0.0161843, 0, -0.00012864, 0.000175523
0001, 19.5145, 7.73555, 0.0281214, 2.81115, 0.5, 0.013, 4, 4.05955, 5, -0.0585176, 0.0190017, 0, -0.000236605, 4.24311e-05
0101, 16.8213, 5.05527, 0.0695574, 2.94751, 0.5, 0.013, 4, 4.08814, 5, -0.0480371, -0.0357039, 0, 0.00676437, 0.00104909
0100, 19.7679, 5.28806, 0.0543939, 2.99834, 0.5, 0.013, 4, 3.9056, 5, -0.00847962, -0.0411238, 0, 0.00509853, 0.00432836
1101, 23.5069, 3.9452, 1.58167, 2.95098, 0.5, 0.013, 4, 4.09869, 5, -0.0388356, -0.000630682, 0, -0.000134604, 0.000668107
0011, 21.1835, 4.33511, 0.0495598, 2.85632, 0.5, 0.013, 4, 3.90441, 5, 0.0217617, -0.0260879, 0, 1.36741e-07, 1.33569e-07
0010, 22.5704, 5.93896, 0.0145344, 3.00219, 0.5, 0.013, 4, 3.96091, 5, -0.00350344, 0.0252799, 0, -0.00744221, -0.00601292
0000, 22.3466, 7.72377, 9.65699e-06, 2.88509, 0.5, 0.013, 4, 3.91224, 5, -0.0217072, 0.0174943, 0, 0.000236416, -4.22747e-05
1110, 24.4353, 2.07354, 1.52034, 2.85019, 0.5, 0.013, 4, 3.99917, 5, -0.0398474, -0.0452625, 0, 9.55986e-05, -4.98023e-06
1001, 25.7006, 7.59466, 1.52581, 2.90246, 0.5, 0.013, 4, 4.09894, 5, 0.0213599, -0.0544068, 0, 0.000410799, 0.00261116
1011, 26.855, 6.14789, 1.5631, 3.01813, 0.5, 0.013, 4, 3.97862, 5, 0.0177584, -0.00167061, 0, -6.36694e-05, -0.000251532
1100, 24.5517, 6.20483, 1.55089, 2.80899, 0.5, 0.013, 4, 3.93942, 5, 0.0142329, -0.0196824, 0, -0.00452911, 1.43433e-05
1010, 26.9784, 9.20264, 1.53978, 3.13097, 0.5, 0.013, 4, 3.99332, 5, 0.0209267, 0.0379477, 0, 6.33463e-05, 0.000251237
1000, 25.54, 10.4976, 1.5708, 3.00546, 0.5, 0.013, 4, 3.99742, 5, 0.00211236, -0.019365, 0, -0.00043072, 0.000221669
1111, 28.4691, 1.70596, 1.52604, 2.97773, 0.5, 0.013, 4, 3.95549, 5, 0.116288, 0.0263806, 0, -1.26659e-09, 2.7858e-09

0111, 11.6705, 7.13041, 0.0171239, 3.21176, 0.5, 0.013, 4, 4.09269, 5, -0.0669584, 0.0171557, 0, -8.38612e-05, 0.000213059
0110, 14.9106, 7.02998, 0.0787874, 3.34517, 0.5, 0.013, 4, 3.95288, 5, -0.028065, 0.00285764, 0, 8.50257e-05, -0.000212115
0001, 19.2189, 7.83114, 0.0281216, 2.99995, 0.5, 0.013, 4, 4.05955, 5, -0.0597334, 0.0192481, 0, -0.000249979, 5.68624e-05
0101, 16.621, 4.88363, 0.0695573, 3.14546, 0.5, 0.013, 4, 4.08814, 5, -0.0377435, -0.033761, 0, 0.000115525, 8.00293e-05
0100, 19.7671, 5.11393, 0.0543935, 3.19971, 0.5, 0.013, 4, 3.9056, 5, 0.00432195, -0.0304009, 0, 0.00144194, 0.00319339
1101, 23.3127, 3.94615, 1.58165, 3.14916, 0.5, 0.013, 4, 4.09869, 5, -0.0387936, 0.000559342, 0, 0.00217317, 7.57389e-05
0011, 21.2924, 4.20244, 0.0495599, 3.04815, 0.5, 0.013, 4, 3.90441, 5, 0.0218585, -0.0294051, 0, -0.00212583, -0.00253172
0010, 22.5075, 6.0248, 0.014534, 3.20381, 0.5, 0.013, 4, 3.96091, 5, -0.0170185, 0.0145023, 0, -0.00151072, -0.000917156
0000, 22.241, 7.81066, 9.79408e-06, 3.07886, 0.5, 0.013, 4, 3.91224, 5, -0.0204924, 0.0172489, 0, 0.000249781, -5.66378e-05
1110, 24.2358, 1.84724, 1.52033, 3.0416, 0.5, 0.013, 4, 3.99917, 5, -0.039905, -0.0452604, 0, -3.29242e-05, 1.49174e-06
1001, 25.8196, 7.33137, 1.52581, 3.09739, 0.5, 0.013, 4, 4.09894, 5, 0.0267772, -0.0517039, 0, 0.000978334, 0.00163206
1011, 26.943, 6.13634, 1.5631, 3.22082, 0.5, 0.013, 4, 3.97862, 5, 0.0173932, -0.00296065, 0, -8.34424e-05, -0.000264343
1100, 24.5865, 6.10669, 1.55089, 2.99763, 0.5, 0.013, 4, 3.93942, 5, 0.00466186, -0.01962, 0, -0.000114784, -2.78356e-06
1010, 27.0839, 9.39557, 1.53978, 3.34124, 0.5, 0.013, 4, 3.99332, 5, 0.02129, 0.0392363, 0, 8.29797e-05, 0.000264051
1000, 25.5385, 10.3967, 1.5708, 3.2073, 0.5, 0.013, 4, 3.99742, 5, -0.00327045, -0.0208433, 0, -0.000985754, -0.000229762
1111, 29.0505, 1.83786, 1.52604, 3.17772, 0.5, 0.013, 4, 3.95549, 5, 0.116288, 0.0263806, 0, -1.06298e-10, 2.33798e-10

0111, 11.3349, 7.219, 0.0171244, 3.42746, 0.5, 0.013, 4, 4.09269, 5, -0.0672068, 0.018307, 0, -9.74114e-06, 0.000245766
0110, 14.7711, 7.04147, 0.078788, 3.56982, 0.5, 0.013, 4, 3.95288, 5, -0.0278088, 0.00171087, 0, 1.1776e-05, -0.000244913
0001, 18.917, 7.92817, 0.0281219, 3.20142, 0.5, 0.013, 4, 4.05955, 5, -0.0610166, 0.0195792, 0, -0.000263045, 7.66234e-05
0101, 16.44, 4.71564, 0.0695572, 3.35671, 0.5, 0.013, 4, 4.08814, 5, -0.0358973, -0.0336869, 0, -0.000376625, -0.000116438
0100, 19.7972, 4.97757, 0.0543937, 3.4146, 0.5, 0.013, 4, 3.9056, 5, 0.00767823, -0.0270554, 0, 0.000723654, -0.000166079
1101, 23.2505, 3.94065, 1.58163, 3.36066, 0.5, 0.013, 4, 4.09869, 5, -0.00623279, -0.00882708, 0, -0.010449, 0.00100696
0011, 21.1405, 4.05023, 0.0495605, 3.25286, 0.5, 0.013, 4, 3.90441, 5, -0.0253022, -0.0285559, 0, 0.0106331, 0.000734782
0010, 22.4157, 6.1006, 0.014535, 3.41898, 0.5, 0.013, 4, 3.96091, 5, -0.019689, 0.0204289, 0, -0.000113478, -0.00135613
0000, 22.1418, 7.89612, 9.97825e-06, 3.28563, 0.5, 0.013, 4, 3.91224, 5, -0.0192102, 0.0169191, 0, 0.000262842, -7.62991e-05
1110, 24.1637, 1.61514, 1.52031, 3.24587, 0.5, 0.013, 4, 3.99917, 5, -0.0255522, -0.0322802, 0, 0.000435045, 0.175084
1001, 25.9665, 7.09496, 1.52581, 3.30541, 0.5, 0.013, 4, 4.09894, 5, 0.0319012, -0.0422409, 0, 0.000690353, 0.00268959
1011, 27.0288, 6.11818, 1.5631, 3.43713, 0.5, 0.013, 4, 3.97862, 5, 0.016912, -0.00431057, 0, -0.000110467, -0.000275172
1100, 24.5999, 6.00875, 1.55089, 3.19895, 0.5, 0.013, 4, 3.93942, 5, 0.00210396, -0.0195784, 0, -0.000191778, 3.3891e-06
1010, 27.1915, 9.5951, 1.53978, 3.56564, 0.5, 0.013, 4, 3.99332, 5, 0.0217684, 0.0405848, 0, 0.000109802, 0.000274913
1000, 25.5091, 10.2889, 1.5708, 3.4227, 0.5, 0.013, 4, 3.99742, 5, -0.0084081, -0.0222584, 0, -0.000705644, -0.000286979
1111, 29.6319, 1.96976, 1.52604, 3.39113, 0.5, 0.013, 4, 3.95549, 5, 0.116288, 0.0263806, 0, -1.11646e-11, 2.45561e-11

0111, 10.9992, 7.31369, 0.0171251, 3.65764, 0.5, 0.013, 4, 4.09269, 5, -0.0669887, 0.0195808, 0, 0.000104562, 0.000258481
0110, 14.6318, 7.04687, 0.0787888, 3.80957, 0.5, 0.013, 4, 3.95288, 5, -0.0280138, 0.000440342, 0, -0.000101282, -0.00025816
0101, 16.2588, 4.54599, 0.069557, 3.58214, 0.5, 0.013, 4, 4.08814, 5, -0.0367997, -0.0342303, 0, -0.000321935, -0.000148732
0100, 19.8396, 4.84383, 0.0543937, 3.64392, 0.5, 0.013, 4, 3.9056, 5, 0.0092534, -0.0258281, 0, 0.000360498, 0.000212634
0001, 18.6086, 8.02713, 0.0281222, 3.41642, 0.5, 0.013, 4, 4.05955, 5, -0.0623604, 0.0200266, 0, -0.000274519, 0.000103804
0011, 20.9761, 3.90881, 0.0495608, 3.47132, 0.5, 0.013, 4, 3.90441, 5, -0.0312854, -0.0287043, 0, 0.0025445, 8.37285e-06
1101, 23.1836, 3.91606, 1.58162, 3.58636, 0.5, 0.013, 4, 4.09869, 5, -0.0160551, -0.00657262, 0, 0.00318214, -0.00154428
0010, 22.3154, 6.18551, 0.0145359, 3.64859, 0.5, 0.013, 4, 3.96091, 5, -0.020584, 0.0184387, 0, -1.54467e-05, 0.00117876
0000, 22.049, 7.97966, 1.02237e-05, 3.50629, 0.5, 0.013, 4, 3.91224, 5, -0.0178672, 0.0164737, 0, 0.000274267, -0.00010333
1110, 24.1111, 1.74094, 1.5203, 3.46386, 0.5, 0.013, 4, 3.99917, 5, -0.00925918, 0.0245631, 0, -0.00592836, -0.0282682
1001, 26.1245, 6.92201, 1.52581, 3.52739, 0.5, 0.013, 4, 4.09894, 5, 0.02383, -0.0269146, 0, -0.00709168, 0.00189269
1011, 27.1172, 6.09287, 1.5631, 3.66796, 0.5, 0.013, 4, 3.97862, 5, 0.0253376, -0.00623928, 0, 0.0080507, -0.000923363
1100, 24.6104, 5.91086, 1.55089, 3.41379, 0.5, 0.013, 4, 3.93942, 5, 0.00239699, -0.0195851, 0, -5.38888e-05, 1.02254e-06
1010, 27.3019, 9.80154, 1.53978, 3.8051, 0.5, 0.013, 4, 3.99332, 5, 0.0224029, 0.0420988, 0, 0.00014007, 0.000543014
1000, 25.4628, 10.174, 1.57079, 3.65257, 0.5, 0.013, 4, 3.99742, 5, -0.0098788, -0.0237235, 0, -0.00134399, -0.000291287
1111, 30.2134, 2.10167, 1.52604, 3.61887, 0.5, 0.013, 4, 3.95549, 5, 0.116288, 0.0263806, 0, -1.43017e-12, 3.14558e-12

0111, 10.6734, 7.41069, 0.0171256, 3.90329, 0.5, 0.013, 4, 4.09269, 5, -0.0601903, 0.0174344, 0, 0.00195685, -0.000879272
01101, 13.5501, 6.97238, 0.114748, 1.99464, 0.5, 0.013, 4, 4.04834, 5, -0.0519501, -0.00202341, 0, 0.00436515, 0.000204391
01100, 15.5605, 7.13901, 0.0787894, 2.07078, 0.5, 0.013, 4, 3.95288, 5, -0.015715, 0.00627722, 0, -0.00488246, 0.000502964
0101, 16.0717, 4.37289, 0.0695567, 3.82272, 0.5, 0.013, 4, 4.08814, 5, -0.0381419, -0.0350522, 0, -0.000309401, -0.0001901
0100, 19.8895, 4.71443, 0.0543935, 3.88864, 0.5, 0.013, 4, 3.9056, 5, 0.0107316, -0.025818, 0, 0.000315631, 0.000184247
0001, 18.2933, 8.1287, 0.0281227, 3.64587, 0.5, 0.013, 4, 4.05955, 5, -0.0637509, 0.0206339, 0, -0.000281045, 0.000141143
0011, 20.8028, 3.76775, 0.0495611, 3.70445, 0.5, 0.013, 4, 3.90441, 5, -0.037446, -0.0278334, 0, 0.00207375, 2.6778e-05
1101, 23.1231, 3.88543, 1.5816, 3.82721, 0.5, 0.013, 4, 4.09869, 5, -0.010375, -0.0062123, 0, -0.0012318, -0.000898012
0010, 22.2106, 6.27534, 0.0145368, 3.89363, 0.5, 0.013, 4, 3.96091, 5, -0.0213895, 0.0181091, 0, -9.25023e-05, 0.00082147
0000, 21.9632, 8.06059, 1.05494e-05, 3.74177, 0.5, 0.013, 4, 3.91224, 5, -0.0164776, 0.0158693, 0, 0.00028093, -0.000140463
1110, 24.0609, 1.84602, 1.52029, 3.69649, 0.5, 0.013, 4, 3.99917, 5, -0.00904107, 0.0310825, 0, -0.000746587, 0.00664607
1001, 26.2412, 6.80782, 1.5258, 3.76429, 0.5, 0.013, 4, 4.09894, 5, 0.0209829, -0.0137259, 0, -0.00188337, 0.0038716
1011, 27.2595, 6.06123, 1.5631, 3.9143, 0.5, 0.013, 4, 3.97862, 5, 0.0256293, 0.00134318, 0, -0.00157453, 0.00354402
1100, 24.624, 5.8129, 1.55088, 3.64306, 0.5, 0.013, 4, 3.93942, 5, 0.00313245, -0.0195999, 0, 6.79997e-05, -1.37128e-06
10101, 27.3833, 9.01432, 1.52806, 2.01598, 0.5, 0.013, 4, 3.96048, 5, 0.0203583, -0.0334372, 0, -0.0014053, -0.0681197
10100, 27.4454, 10.9831, 1.53978, 2.04467, 0.5, 0.013, 4, 3.99332, 5, 0.0223765, -0.0225518, 0, 0.00115862, -0.164924
1000, 25.4014, 10.0513, 1.57079, 3.89787, 0.5, 0.013, 4, 3.99742, 5, -0.00601467, -0.0253348, 0, 0.00391121, -0.00032583
1111, 30.7948, 2.23357, 1.52604, 3.86191, 0.5, 0.013, 4, 3.95549, 5, 0.116288, 0.0263806, 0, -2.18588e-13, 4.80773e-13

01111, 9.25814, 7.47186, 0.00274371, 2.13158, 0.5, 0.013, 4, 3.9232, 5, -0.0709729, 0.015036, 0, -0.012318, -0.000393342
01110, 11.3203, 7.50731, 0.0171256, 2.03385, 0.5, 0.013, 4, 4.09269, 5, -0.0395658, 0.0158435, 0, 0.0128974, 0.000264952
0101, 15.9343, 4.20532, 0.0695565, 4.07945, 0.5, 0.013, 4, 4.08814, 5, -0.0277793, -0.0344564, 0, -0.010707, -0.00308099
01101, 13.3128, 6.96248, 0.114748, 2.1286, 0.5, 0.013, 4, 4.04834, 5, -0.0473909, -0.00225761, 0, -0.000149683, -0.000141862
01100, 15.4564, 7.17307, 0.0787894, 2.20985, 0.5, 0.013, 4, 3.95288, 5, -0.021127, 0.00723653, 0, 0.000108915, 0.000145761
00111, 19.5514, 3.55047, 0.0808592, 2.02637, 0.5, 0.013, 4, 4.0406, 5, -0.0387831, -0.0300915, 0, 0.000971628, 0.000575427
01001, 18.932, 4.56827, 0.00786923, 2.04644, 0.5, 0.013, 4, 4.09653, 5, 0.000739137, -0.0204831, 0, 0.00894922, 0.00607237
0001, 17.9804, 8.23259, 0.028123, 3.89072, 0.5, 0.013, 4, 4.05955, 5, -0.0542904, 0.0199917, 0, 0.00493094, -0.000558572
00110, 21.5244, 3.64746, 0.0495624, 1.92686, 0.5, 0.013, 4, 3.90441, 5, 0.00250388, -0.0296193, 0, 0.0209838, 0.000682161
1101, 23.0565, 3.84941, 1.58159, 4.08424, 0.5, 0.013, 4, 4.09869, 5, -0.0257107, -0.00809352, 0, -0.00826495, -0.000815364
00101, 21.0902, 6.3555, 0.00165979, 2.0819, 0.5, 0.013, 4, 4.09531, 5, -0.0228332, 0.0191917, 0, 0.0010598, 2.97789e-05
01000, 20.9777, 4.62682, 0.0543936, 2.10336, 0.5, 0.013, 4, 3.9056, 5, 0.0176057, -0.0299936, 0, 0.0149763, 0.000132187
00100, 23.1896, 6.38277, 0.0145368, 2.07323, 0.5, 0.013, 4, 3.96091, 5, 0.0159645, 0.0191345, 0, 0.000462595, 0.000406888
00001, 20.9196, 8.13816, 0.0129536, 1.98036, 0.5, 0.013, 4, 4.01159, 5, -0.0435381, 0.0153398, 0, -0.0140669, 1.07272e-06
00000, 22.8905, 8.14056, 1.084e-05, 2.0127, 0.5, 0.013, 4, 3.91224, 5, -0.0076127, 0.0176522, 0, 0.00915528, 0.000588441
1110, 24.0151, 1.96981, 1.52028, 3.94475, 0.5, 0.013, 4, 3.99917, 5, -0.0127797, 0.0231639, 0, -0.0208186, -0.0100067
10111, 27.3351, 4.6996, 1.57145, 2.04477, 0.5, 0.013, 4, 4.05028, 5, 0.0131218, -0.106068, 0, -0.000397175, 0.0149704
1001, 26.3367, 6.77051, 1.5258, 4.0171, 0.5, 0.013, 4, 4.09894, 5, 0.0173859, -0.00329221, 0, -0.00191631, 0.00108229
10110, 27.2895, 6.79963, 1.56311, 2.13241, 0.5, 0.013, 4, 3.97862, 5, -0.0108329, -0.04466, 0, -0.0168538, -0.0119729
1100, 24.5869, 5.7168, 1.55088, 3.88772, 0.5, 0.013, 4, 3.93942, 5, -0.0200185, -0.0133712, 0, 0.0110541, 0.0270679
10001, 25.3835, 8.70212, 1.5752, 2.04624, 0.5, 0.013, 4, 4.09668, 5, -0.00293053, -0.0591861, 0, 0.0034115, 0.0315681
10101, 27.6287, 8.81831, 1.52806, 2.15137, 0.5, 0.013, 4, 3.96048, 5, 0.0820747, -0.0486326, 0, 0.0228611, 0.0885099
10100, 27.5416, 10.9104, 1.53978, 2.18199, 0.5, 0.013, 4, 3.99332, 5, 0.00316283, -0.0019348, 0, -0.00595322, 0.0172447
10000, 25.4128, 10.9416, 1.57079, 2.1134, 0.5, 0.013, 4, 3.99742, 5, 0.00794775, 0.00780143, 0, 0.000320679, -0.00740392
11111, 31.3339, 1.4384, 1.56925, 2.00888, 0.5, 0.013, 4, 3.9442, 5, 0.115461, 0.0140697, 0, 0.000259686, 0.00402359
11110, 31.4273, 3.48749, 1.52604, 2.1124, 0.5, 0.013, 4, 3.95549, 5, 0.117123, 0.0388284, 0, -0.00024215, -0.00375759

01111, 8.90666, 7.54673, 0.00274365, 2.27473, 0.5, 0.013, 4, 3.9232, 5, -0.0704936, 0.0149337, 0, 0.000971098, 1.88778e-05
01110, 11.1166, 7.58617, 0.0171256, 2.17044, 0.5, 0.013, 4, 4.09269, 5, -0.0406079, 0.0157786, 0, -0.00109224, -2.38543e-05
01011, 14.6866, 3.94791, 0.122397, 2.15063, 0.5, 0.013, 4, 4.08613, 5, -0.0431053, -0.0382362, 0, 0.00214396, 3.63651e-05
01101, 13.0715, 6.94902, 0.114748, 2.27155, 0.5, 0.013, 4, 4.04834, 5, -0.0486676, -0.00311685, 0, -0.000227587, -0.000192286
01100, 15.3548, 7.21143, 0.0787892, 2.35826, 0.5, 0.013, 4, 3.95288, 5, -0.0199017, 0.00809757, 0, 0.000224464, 0.000191334
00111, 19.3567, 3.40209, 0.0808592, 2.16246, 0.5, 0.013, 4, 4.0406, 5, -0.0506557, -0.030162, 0, -0.0186093, -0.00094848
01010, 16.8837, 4.08106, 0.0695543, 2.20279, 0.5, 0.013, 4, 4.08814, 5, -0.0188595, -0.0367062, 0, -0.0112776, -0.00492229
01001, 18.9685, 4.51501, 0.00786666, 2.18387, 0.5, 0.013, 4, 4.09653, 5, -0.0011197, -0.0118191, 0, 0.0160105, 0.00485194
00011, 16.618, 8.31024, 0.0176713, 2.09506, 0.5, 0.013, 4, 4.0068, 5, -0.0737882, 0.0232107, 0, 0.00239554, 0.00030206
00010, 18.6933, 8.36117, 0.0281235, 2.05695, 0.5, 0.013, 4, 4.05955, 5, -0.0344624, 0.0177278, 0, -0.00393951, 8.64775e-05
11100, 23.9125, 2.99554, 1.5203, 2.15216, 0.5, 0.013, 4, 3.99917, 5, 0.00417903, 0.0396307, 0, -0.00448076, 0.0254541
11101, 23.5729, 1.02521, 1.49452, 2.05751, 0.5, 0.013, 4, 4.08636, 5, -0.0730642, -0.00690992, 0, 0.0818324, -0.0536591
11011, 22.868, 2.68818, 1.56814, 2.1908, 0.5, 0.013, 4, 3.98899, 5, -0.0584218, 0.0107009, 0, -0.0140597, 0.0590438
00110, 21.4397, 3.52496, 0.0495647, 2.05627, 0.5, 0.013, 4, 3.90441, 5, -0.0390702, -0.0216111, 0, -0.0423066, 0.0291024
11010, 23.19, 4.86491, 1.58159, 2.16774, 0.5, 0.013, 4, 4.09869, 5, 0.0478679, -0.000550382, 0, 0.000845429, -0.001036
00101, 20.837, 6.45, 0.00165974, 2.22171, 0.5, 0.013, 4, 4.09531, 5, -0.0344702, 0.0191046, 0, 0.00027682, 0.000237193
01000, 21.1582, 4.50275, 0.0543961, 2.24462, 0.5, 0.013, 4, 3.9056, 5, 0.0273811, -0.0164049, 0, -0.00611973, -0.00893563
00100, 23.0426, 6.44636, 0.0145374, 2.21246, 0.5, 0.013, 4, 3.96091, 5, -0.0713274, 0.0101178, 0, 0.0539528, -0.00139229
00001, 20.7524, 8.19935, 0.0129542, 2.11336, 0.5, 0.013, 4, 4.01159, 5, -0.034131, 0.0133402, 0, 0.00909905, -0.00012724
00000, 22.8687, 8.23285, 1.07868e-05, 2.14787, 0.5, 0.013, 4, 3.91224, 5, -0.0130544, 0.0188568, 0, -0.00919004, 9.55635e-06
10011, 26.2982, 5.70112, 1.52787, 2.14189, 0.5, 0.013, 4, 4.0858, 5, 0.0103235, -0.0138542, 0, 0.00277105, 0.00301247
11001, 24.7273, 4.78303, 1.52265, 2.03118, 0.5, 0.013, 4, 4.00005, 5, 0.0482105, -0.0365945, 0, 0.00564267, 0.013869
10111, 27.3991, 4.23081, 1.57145, 2.1821, 0.5, 0.013, 4, 4.05028, 5, 0.012712, -0.0906216, 0, -3.88698e-06, 0.000146509
10010, 26.3941, 7.83316, 1.5258, 2.14499, 0.5, 0.013, 4, 4.09894, 5, 0.0244443, 0.0108584, 0, -0.00884669, -0.00268123
10110, 27.4321, 6.84992, 1.56311, 2.27562, 0.5, 0.013, 4, 3.97862, 5, 0.0209342, 0.0792899, 0, -0.0117005, 0.00941274
11000, 24.6331, 6.79839, 1.5509, 2.11764, 0.5, 0.013, 4, 3.93942, 5, -0.0188197, -0.0106677, 0, -0.0683165, -0.0147961
10001, 25.3667, 8.61385, 1.5752, 2.18367, 0.5, 0.013, 4, 4.09668, 5, -0.00231757, -0.01002, 0, 0.0156925, -0.00159508
10100, 27.4739, 10.8363, 1.53977, 2.32853, 0.5, 0.013, 4, 3.99332, 5, -0.00629296, -0.014767, 0, 0.0150632, -0.00851609
10000, 25.4539, 10.8725, 1.57079, 2.25534, 0.5, 0.013, 4, 3.99742, 5, 0.00829943, -0.0146621, 0, 4.14209e-06, 3.1337e-05
11111, 31.9107, 1.50344, 1.56925, 2.14379, 0.5, 0.013, 4, 3.9442, 5, 0.115261, 0.0124054, 0, -6.8896e-05, -0.0006696
10101, 28.1409, 8.83863, 1.52806, 2.29586, 0.5, 0.013, 4, 3.96048, 5, 0.073696, 0.0344629, 0, -0.0145774, 0.0242389
11110, 32.0134, 3.68632, 1.52604, 2.25427, 0.5, 0.013, 4, 3.95549, 5, 0.117313, 0.0403596, 0, 6.52617e-05, 0.000622453

01111, 8.55468, 7.62131, 0.00274358, 2.4275, 0.5, 0.013, 4, 3.9232, 5, -0.0710353, 0.0148709, 0, -0.00059493, -3.66674e-05
01110, 10.9123, 7.6661, 0.0171257, 2.31621, 0.5, 0.013, 4, 4.09269, 5, -0.0412493, 0.0175273, 0, -0.000274929, 0.00144854
01011, 14.4796, 3.75688, 0.122397, 2.29506, 0.5, 0.013, 4, 4.08613, 5, -0.042876, -0.0382132, 0, -0.0027277, -1.62884e-05
01101, 12.8273, 6.93011, 0.114748, 2.42411, 0.5, 0.013, 4, 4.04834, 5, -0.0483365, -0.00576078, 0, 0.000424951, -0.0016693
01100, 15.2569, 7.25434, 0.0787889, 2.51664, 0.5, 0.013, 4, 3.95288, 5, -0.0191277, 0.00913694, 0, 0.000435562, 0.000298225
01010, 16.7892, 3.88976, 0.0695522, 2.35073, 0.5, 0.013, 4, 4.08814, 5, -0.0146864, -0.0393381, 0, 0.00311941, -0.000840246
00111, 18.9068, 3.23253, 0.0808591, 2.30769, 0.5, 0.013, 4, 4.0406, 5, -0.0950317, -0.0356092, 0, -0.00851699, -0.00140577
01001, 18.9564, 4.46557, 0.00786467, 2.33054, 0.5, 0.013, 4, 4.09653, 5, -0.00456349, -0.00862537, 0, 0.00107714, 0.00111819
00011, 16.2349, 8.42717, 0.0176713, 2.23577, 0.5, 0.013, 4, 4.0068, 5, -0.0809263, 0.0233799, 0, 0.00274947, 5.05668e-05
00010, 18.4426, 8.47031, 0.0281249, 2.1951, 0.5, 0.013, 4, 4.05955, 5, -0.0510241, 0.0239291, 0, -0.00259425, 0.000451515
11101, 23.3556, 1.09531, 1.49451, 2.19569, 0.5, 0.013, 4, 4.08636, 5, -0.063817, 0.0131062, 0, -0.000295684, 0.0126409
11011, 22.6515, 2.91674, 1.56809, 2.33793, 0.5, 0.013, 4, 3.98899, 5, -0.0440496, 0.062297, 0, 0.00787106, 0.0211302
00110, 21.1129, 3.42594, 0.049568, 2.19436, 0.5, 0.013, 4, 3.90441, 5, -0.0606786, -0.0238302, 0, 0.0110798, 0.00224212
11010, 23.3559, 4.94262, 1.58158, 2.31332, 0.5, 0.013, 4, 4.09869, 5, 0.0498718, 0.0072795, 0, -0.00293928, -0.0117928
00101, 20.5082, 6.54996, 0.0016599, 2.37092, 0.5, 0.013, 4, 4.09531, 5, -0.070061, 0.0192446, 0, -0.0058164, -0.000882255
01000, 21.2914, 4.43813, 0.0543985, 2.39537, 0.5, 0.013, 4, 3.9056, 5, 0.0264876, -0.0264387, 0, -0.00121399, -0.00503663
00100, 22.8428, 6.58141, 0.0145404, 2.36105, 0.5, 0.013, 4, 3.96091, 5, -0.0456318, 0.0339483, 0, 0.00961285, -0.00854773
00001, 20.6128, 8.2403, 0.0129552, 2.25529, 0.5, 0.013, 4, 4.01159, 5, -0.0272619, 0.00478398, 0, -0.00278419, -0.00132055
00000, 22.8558, 8.33288, 1.03906e-05, 2.29212, 0.5, 0.013, 4, 3.91224, 5, 0.0017805, 0.0213427, 0, 0.00252024, 0.000807236
11100, 24.094, 3.00316, 1.52031, 2.2967, 0.5, 0.013, 4, 3.99917, 5, 0.040466, -0.0498292, 0, -0.00394168, -0.0291996
10111, 27.4626, 3.77837, 1.57145, 2.32864, 0.5, 0.013, 4, 4.05028, 5, 0.0127075, -0.0904515, 0, -6.42286e-08, 2.42092e-06
10011, 26.3604, 5.62482, 1.52787, 2.28574, 0.5, 0.013, 4, 4.0858, 5, 0.012964, -0.015855, 0, -2.14515e-05, -0.000656593
11001, 25.0841, 4.73481, 1.52265, 2.16759, 0.5, 0.013, 4, 4.00005, 5, 0.0865801, 0.0195711, 0, 0.00305762, 0.0112512
10010, 26.479, 7.8959, 1.5258, 2.28904, 0.5, 0.013, 4, 4.09894, 5, 0.0149531, 0.0132227, 0, -6.7236e-05, 0.000659968
10110, 27.4855, 7.32062, 1.56312, 2.42845, 0.5, 0.013, 4, 3.97862, 5, 0.0106861, 0.106897, 0, 0.000448851, 0.00306647
11000, 24.4776, 6.6593, 1.5509, 2.25986, 0.5, 0.013, 4, 3.93942, 5, -0.0334468, -0.053536, 0, -0.00945238, -0.0125543
10001, 25.3679, 8.45091, 1.5752, 2.33032, 0.5, 0.013, 4, 4.09668, 5, -0.00215986, -0.0490763, 0, 0.000485491, 0.00562313
10100, 27.5067, 10.7581, 1.53977, 2.48491, 0.5, 0.013, 4, 3.99332, 5, 0.0160151, -0.0161405, 0, 0.00249367, -0.00017195
10000, 25.502, 10.7968, 1.57079, 2.4068, 0.5, 0.013, 4, 3.99742, 5, 0.0111893, -0.015662, 0, -0.000518586, -0.00016882
10101, 28.4445, 9.09883, 1.52806, 2.45005, 0.5, 0.013, 4, 3.96048, 5, 0.0480371, 0.0532632, 0, -0.00314725, -0.00108101
11111, 32.4865, 1.56204, 1.56925, 2.28777, 0.5, 0.013, 4, 3.9442, 5, 0.115061, 0.0112254, 0, -4.20342e-05, -0.000211268
11110, 32.6005, 3.89151, 1.52604, 2.40566, 0.5, 0.013, 4, 3.95549, 5, 0.117511, 0.04153, 0, 4.1935e-05, 0.000212162

01111, 8.19574, 7.69515, 0.00274348, 2.59053, 0.5, 0.013, 4, 3.9232, 5, -0.0719328, 0.0146859, 0, -0.000431164, -4.26634e-05
01110, 10.7119, 7.75164, 0.0171257, 2.47176, 0.5, 0.013, 4, 4.09269, 5, -0.0393063, 0.0162005, 0, 0.000531409, -7.63947e-05
01011, 14.1945, 3.56411, 0.122398, 2.4492, 0.5, 0.013, 4, 4.08613, 5, -0.0759487, -0.0391128, 0, 0.0153403, 0.000466635
01101, 12.5823, 6.90001, 0.114748, 2.58691, 0.5, 0.013, 4, 4.04834, 5, -0.049554, -0.00573996, 0, -0.0002935, -0.000209089
01100, 15.1628, 7.30348, 0.0787884, 2.68565, 0.5, 0.013, 4, 3.95288, 5, -0.0188707, 0.0105049, 0, 0.000199838, 0.000336686
00011, 15.8365, 8.54418, 0.0176713, 2.38592, 0.5, 0.013, 4, 4.0068, 5, -0.0793301, 0.0233954, 0, 1.04088e-05, -1.10683e-05
01010, 16.6543, 3.72324, 0.0695516, 2.5086, 0.5, 0.013, 4, 4.08814, 5, -0.0221714, -0.0387182, 0, 0.0041307, 0.0260706
00111, 18.5422, 2.95167, 0.0808632, 2.46267, 0.5, 0.013, 4, 4.0406, 5, -0.0808536, -0.071381, 0, -0.00202075, -0.0140713
01001, 18.8287, 4.49129, 0.00785856, 2.48706, 0.5, 0.013, 4, 4.09653, 5, -0.0244463, 0.0132488, 0, -0.00174443, -0.0196286
00010, 18.1915, 8.59491, 0.0281267, 2.34252, 0.5, 0.013, 4, 4.05955, 5, -0.0487436, 0.0261306, 0, 0.00118311, 0.00035273
11101, 23.2157, 1.16953, 1.49449, 2.34315, 0.5, 0.013, 4, 4.08636, 5, 0.0167935, 0.0154205, 0, -0.00261465, -0.000264292
11011, 22.484, 3.10496, 1.56803, 2.49494, 0.5, 0.013, 4, 3.98899, 5, -0.0302369, 0.0288964, 0, 0.0195782, -0.0112941
00110, 20.8686, 3.30872, 0.0495681, 2.34173, 0.5, 0.013, 4, 3.90441, 5, -0.0475872, -0.0146584, 0, 0.00509617, 0.003681
11010, 23.4436, 4.9247, 1.58159, 2.46869, 0.5, 0.013, 4, 4.09869, 5, -0.00344783, -0.00466564, 0, 0.00734321, 0.00257778
00101, 20.1715, 6.64113, 0.00165971, 2.53015, 0.5, 0.013, 4, 4.09531, 5, -0.0391276, 0.0187197, 0, 0.0114973, 0.000328734
01000, 21.3068, 4.68754, 0.0544188, 2.55624, 0.5, 0.013, 4, 3.9056, 5, 0.0093118, 0.0729833, 0, 0.00275887, -0.022344
00100, 22.7038, 6.67044, 0.0145408, 2.51962, 0.5, 0.013, 4, 3.96091, 5, -0.00944107, 0.00997413, 0, -0.0230089, -0.00065905
00001, 20.4737, 8.25114, 0.012956, 2.40675, 0.5, 0.013, 4, 4.01159, 5, -0.0282714, -0.00089729, 0, -0.000235093, -0.00111274
00000, 22.8576, 8.44757, 9.41928e-06, 2.44606, 0.5, 0.013, 4, 3.91224, 5, -0.000978407, 0.0247963, 0, -0.000916279, 0.000764304
11100, 24.2766, 2.41887, 1.52033, 2.45094, 0.5, 0.013, 4, 3.99917, 5, 0.00167068, -0.177963, 0, -0.0418142, -0.0175663
10111, 27.5262, 3.32612, 1.57145, 2.48503, 0.5, 0.013, 4, 4.05028, 5, 0.0127074, -0.0904484, 0, -1.65162e-09, 6.22531e-08
10011, 26.4319, 5.54144, 1.52787, 2.43925, 0.5, 0.013, 4, 4.0858, 5, 0.0300129, -0.0179663, 0, 0.0205341, -0.00127791
11001, 25.4371, 5.02682, 1.52264, 2.31316, 0.5, 0.013, 4, 4.00005, 5, 0.0309741, 0.0854002, 0, -0.0296753, 0.00486281
10010, 26.548, 7.96606, 1.5258, 2.44277, 0.5, 0.013, 4, 4.09894, 5, 0.0143742, 0.0145396, 0, 0.000274174, 0.000276449
10110, 27.589, 7.89082, 1.56312, 2.59154, 0.5, 0.013, 4, 3.97862, 5, 0.0290938, 0.118264, 0, 0.00162878, 0.000588157
11000, 24.4216, 6.21342, 1.55091, 2.41163, 0.5, 0.013, 4, 3.93942, 5, -0.0166495, -0.116025, 0, 0.014226, -0.00721674
10001, 25.3565, 8.22614, 1.5752, 2.48682, 0.5, 0.013, 4, 4.09668, 5, -0.00336484, -0.0471153, 0, -0.000287049, 5.54305e-05
10100, 27.5999, 10.6747, 1.53977, 2.65179, 0.5, 0.013, 4, 3.99332, 5, 0.0195797, -0.0172265, 0, 9.35195e-05, -0.000224325
10000, 25.5582, 10.716, 1.57079, 2.56844, 0.5, 0.013, 4, 3.99742, 5, 0.0122797, -0.016698, 0, 0.000292351, -0.000215187
10101, 28.6262, 9.33945, 1.52807, 2.61459, 0.5, 0.013, 4, 3.96048, 5, 0.0264447, 0.0446167, 0, -0.00207474, -0.000517407
11111, 33.0612, 1.61587, 1.56925, 2.44141, 0.5, 0.013, 4, 3.9442, 5, 0.114836, 0.0102641, 0, -5.0136e-05, -0.000194487
11110, 33.1886, 4.10146, 1.52604, 2.56722, 0.5, 0.013, 4, 3.95549, 5, 0.117736, 0.0424935, 0, 4.99553e-05, 0.00019516

01111, 7.83325, 7.76818, 0.00274335, 2.76451, 0.5, 0.013, 4, 3.9232, 5, -0.0730456, 0.0145284, 0, -0.000251956, -3.37147e-05
01110, 10.5186, 7.83241, 0.0171256, 2.63776, 0.5, 0.013, 4, 4.09269, 5, -0.0380735, 0.0161879, 0, 0.000256209, 2.94641e-05
01011, 13.9375, 3.37176, 0.122398, 2.61368, 0.5, 0.013, 4, 4.08613, 5, -0.0420446, -0.0382303, 0, 0.000901509, 2.30087e-05
01101, 12.3337, 6.8681, 0.114747, 2.76064, 0.5, 0.013, 4, 4.04834, 5, -0.0497917, -0.00716022, 0, 9.16524e-06, -0.000347178
01100, 15.0688, 7.35992, 0.0787876, 2.86602, 0.5, 0.013, 4, 3.95288, 5, -0.0187577, 0.0121183, 0, -1.12543e-05, 0.000352182
00011, 15.445, 8.6611, 0.0176713, 2.54615, 0.5, 0.013, 4, 4.0068, 5, -0.0767087, 0.0233867, 0, 0.000646057, 5.05722e-06
01010, 16.5827, 3.54833, 0.0695498, 2.67708, 0.5, 0.013, 4, 4.08814, 5, -0.0066926, -0.0429092, 0, 0.00267809, 9.5536e-05
00111, 18.2138, 2.66749, 0.0808631, 2.62807, 0.5, 0.013, 4, 4.0406, 5, -0.0708971, -0.0481736, 0, -0.00470042, -0.00169284
00101, 19.9562, 6.73686, 0.00165974, 2.70007, 0.5, 0.013, 4, 4.09531, 5, -0.0395146, 0.0194158, 0, 0.00726687, -1.81287e-05
01001, 18.7548, 4.45543, 0.00785337, 2.65408, 0.5, 0.013, 4, 4.09653, 5, -0.00864784, -0.0158904, 0, 0.00346593, -0.00167062
00010, 17.9613, 8.72784, 0.0281286, 2.49984, 0.5, 0.013, 4, 4.05955, 5, -0.0433856, 0.026581, 0, 0.00119812, -0.00020563
11101, 23.1604, 1.24801, 1.49447, 2.50052, 0.5, 0.013, 4, 4.08636, 5, -0.0376454, 0.0162224, 0, -0.0325615, 0.000472537
11011, 22.3321, 3.14469, 1.568, 2.6625, 0.5, 0.013, 4, 3.98899, 5, -0.0357137, 0.0007407, 0, -0.00219777, 0.00367594
00110, 20.6358, 3.22099, 0.0495672, 2.499, 0.5, 0.013, 4, 3.90441, 5, -0.0499185, -0.0123634, 0, -0.00620899, 0.0034466
11010, 23.4376, 4.91485, 1.5816, 2.63448, 0.5, 0.013, 4, 4.09869, 5, -0.0237741, -0.0017233, 0, -0.0168007, -0.000640286
01000, 21.3442, 4.89977, 0.0544257, 2.72791, 0.5, 0.013, 4, 3.9056, 5, 0.00853269, 0.0261123, 0, -0.00111282, -0.00907998
00100, 22.6435, 6.7226, 0.0145416, 2.68883, 0.5, 0.013, 4, 3.96091, 5, 0.00332075, 0.0114035, 0, 0.0113729, -0.00224888
00001, 20.3292, 8.23491, 0.0129563, 2.56839, 0.5, 0.013, 4, 4.01159, 5, -0.0296231, -0.00507936, 0, -0.000202469, -0.000456812
00000, 22.8376, 8.58099, 7.78491e-06, 2.61033, 0.5, 0.013, 4, 3.91224, 5, -0.00751979, 0.0285044, 0, -0.00163079, 0.000651315
11100, 24.1351, 1.43305, 1.52034, 2.61554, 0.5, 0.013, 4, 3.99917, 5, -0.0131016, -0.205066, 0, 0.038126, -0.00200963
10111, 27.5897, 2.87388, 1.57145, 2.65192, 0.5, 0.013, 4, 4.05028, 5, 0.0127074, -0.0904483, 0, -6.19571e-11, 2.3353e-09
10001, 25.336, 7.99295, 1.5752, 2.65384, 0.5, 0.013, 4, 4.09668, 5, -0.00513731, -0.047037, 0, -0.000448799, -0.000136293
10110, 27.7462, 7.83026, 1.56312, 2.76559, 0.5, 0.013, 4, 3.97862, 5, 0.0278712, -0.0180288, 0, 0.00423208, 0.0413798
10011, 26.563, 5.45092, 1.52787, 2.60307, 0.5, 0.013, 4, 4.0858, 5, 0.0275852, -0.0186626, 0, 0.00995797, -0.000363887
11001, 25.5793, 5.47108, 1.52264, 2.46851, 0.5, 0.013, 4, 4.00005, 5, 0.0247072, 0.0900661, 0, -0.010619, 0.000511695
11000, 24.409, 5.59012, 1.5509, 2.57359, 0.5, 0.013, 4, 3.93942, 5, 0.00397231, -0.127782, 0, -0.00205209, 0.00295284
10010, 26.6192, 8.0404, 1.5258, 2.60683, 0.5, 0.013, 4, 4.09894, 5, 0.0139075, 0.0154044, 0, -0.000157496, -2.87303e-05
10100, 27.6586, 10.5859, 1.53976, 2.82988, 0.5, 0.013, 4, 3.99332, 5, 0.00921034, -0.0107758, 0, 0.00127183, 0.00247664
10000, 25.6233, 10.6297, 1.57079, 2.74093, 0.5, 0.013, 4, 3.99742, 5, 0.0140486, -0.0178152, 0, 0.000447733, -0.000232441
10101, 28.7843, 9.55938, 1.52807, 2.79018, 0.5, 0.013, 4, 3.96048, 5, 0.0374146, 0.0437124, 0, -0.00546831, 1.61223e-05
11111, 33.6347, 1.66461, 1.56925, 2.60537, 0.5, 0.013, 4, 3.9442, 5, 0.114548, 0.0092189, 0, -6.47518e-05, -0.000213798
11110, 33.778, 4.31651, 1.52604, 2.73964, 0.5, 0.013, 4, 3.95549, 5, 0.118022, 0.0435375, 0, 6.43872e-05, 0.000213603

01111, 7.46526, 7.84039, 0.0027432, 2.95017, 0.5, 0.013, 4, 3.9232, 5, -0.0741877, 0.0143473, 0, -0.000236352, -4.09133e-05
01110, 10.331, 7.91376, 0.0171255, 2.81491, 0.5, 0.013, 4, 4.09269, 5, -0.0369263, 0.0163629, 0, 0.000236366, 4.09018e-05
01011, 13.7323, 3.18074, 0.122398, 2.78922, 0.5, 0.013, 4, 4.08613, 5, -0.0406594, -0.038195, 0, 4.37199e-05, 1.11584e-06
01101, 12.0856, 6.82776, 0.114746, 2.94604, 0.5, 0.013, 4, 4.04834, 5, -0.0493561, -0.00903009, 0, 0.000165309, -0.000397333
01100, 14.9742, 7.42507, 0.0787865, 3.0585, 0.5, 0.013, 4, 3.95288, 5, -0.0191869, 0.0139929, 0, -0.000161988, 0.000396913
00011, 15.0699, 8.77818, 0.0176713, 2.71715, 0.5, 0.013, 4, 4.0068, 5, -0.0734303, 0.0234577, 0, 0.000561043, 1.8473e-05
01010, 16.5747, 3.34139, 0.0695472, 2.85687, 0.5, 0.013, 4, 4.08814, 5, 0.00172886, -0.040694, 0, 0.000987037, 0.000118899
00111, 17.8658, 2.42369, 0.0808603, 2.80456, 0.5, 0.013, 4, 4.0406, 5, -0.0602784, -0.0454927, 0, 0.00129096, -0.000705075
00101, 19.8175, 6.83335, 0.00165974, 2.88141, 0.5, 0.013, 4, 4.09531, 5, -0.0225995, 0.0192392, 0, 0.000636453, -7.48105e-06
01001, 18.7221, 4.35109, 0.00784838, 2.83233, 0.5, 0.013, 4, 4.09653, 5, -0.00696636, -0.0250944, 0, -0.00129038, -0.00195651
00010, 17.7585, 8.85584, 0.0281301, 2.66772, 0.5, 0.013, 4, 4.05955, 5, -0.0378228, 0.0241796, 0, 0.00102101, -0.000707842
11101, 23.0298, 1.33175, 1.49446, 2.66845, 0.5, 0.013, 4, 4.08636, 5, -0.0352077, 0.0172935, 0, -0.00915692, 0.000217361
11011, 22.138, 3.11625, 1.56798, 2.84131, 0.5, 0.013, 4, 3.98899, 5, -0.0322022, -0.0144848, 0, -0.00147756, -0.00234056
00110, 20.3473, 3.17049, 0.0495652, 2.66683, 0.5, 0.013, 4, 3.90441, 5, -0.0572931, -0.0129775, 0, 0.00763752, 0.000920156
11010, 23.3253, 4.88917, 1.58159, 2.81141, 0.5, 0.013, 4, 4.09869, 5, -0.0214591, -0.00689954, 0, 0.012718, 0.000887433
01000, 21.3857, 4.98383, 0.0544277, 2.91112, 0.5, 0.013, 4, 3.9056, 5, 0.0075492, 0.00706199, 0, -0.00944325, -0.00212283
00100, 22.7075, 6.78162, 0.0145421, 2.86941, 0.5, 0.013, 4, 3.96091, 5, 0.0161628, 0.0124309, 0, 0.000416273, -0.000856454
00001, 20.179, 8.20694, 0.0129557, 2.74088, 0.5, 0.013, 4, 4.01159, 5, -0.0301662, -0.00542296, 0, 6.72775e-05, 0.000306025
00000, 22.7794, 8.73077, 5.67656e-06, 2.78564, 0.5, 0.013, 4, 3.91224, 5, -0.0158079, 0.0311516, 0, -0.00165303, 0.000379794
11100, 24.0263, 1.41497, 1.52033, 2.7912, 0.5, 0.013, 4, 3.99917, 5, -0.0331834, 0.0246276, 0, 0.001523, -0.127064
10111, 27.6532, 2.42164, 1.57145, 2.83003, 0.5, 0.013, 4, 4.05028, 5, 0.0127074, -0.0904483, 0, -3.21858e-12, 1.21315e-10
10001, 25.0526, 7.90955, 1.5752, 2.83207, 0.5, 0.013, 4, 4.09668, 5, -0.044516, -0.015614, 0, 0.0194191, -0.00166237
10110, 27.9594, 7.63771, 1.56311, 2.95132, 0.5, 0.013, 4, 3.97862, 5, 0.050285, -0.0196717, 0, 0.0104983, 0.00958154
10011, 26.7725, 5.36205, 1.52786, 2.77789, 0.5, 0.013, 4, 4.0858, 5, 0.0365723, -0.0170232, 0, 0.00131168, -0.00145969
11001, 25.793, 5.56392, 1.52264, 2.63429, 0.5, 0.013, 4, 4.00005, 5, 0.0462291, 0.048637, 0, -0.0124252, 0.0210979
11000, 24.3161, 4.96624, 1.55092, 2.74643, 0.5, 0.013, 4, 3.93942, 5, -0.026216, -0.123635, 0, -0.00284956, 0.000102893
10010, 26.6854, 8.112, 1.5258, 2.7819, 0.5, 0.013, 4, 4.09894, 5, 0.0118417, 0.0134707, 0, -0.00550594, -0.00139325
10100, 27.6227, 10.4916, 1.53975, 3.01993, 0.5, 0.013, 4, 3.99332, 5, -0.0182849, -0.018133, 0, -0.00196732, -0.000499792
10000, 25.7958, 10.5376, 1.5708, 2.92501, 0.5, 0.013, 4, 3.99742, 5, 0.0254036, -0.0193734, 0, -0.00883914, -8.7387e-05
10101, 28.9807, 9.78217, 1.52807, 2.97757, 0.5, 0.013, 4, 3.96048, 5, 0.0430193, 0.0459745, 0, -0.00410957, 0.000105889
11111, 34.2066, 1.70797, 1.56925, 2.78035, 0.5, 0.013, 4, 3.9442, 5, 0.114179, 0.00811564, 0, -8.33522e-05, -0.000225425
11110, 34.369, 4.53693, 1.52604, 2.92363, 0.5, 0.013, 4, 3.95549, 5, 0.118388, 0.0446394, 0, 8.28268e-05, 0.000225148

