1, 23.8783, 6.45567, 1.5708, 2, 0.5, 0.013, 4, 4.00442, 5, 0, 0, 0, 0, 0
0, 23.7014, 4.55602, 1.5708, 2, 0.5, 0.013, 4, 4.07224, 5, 0, 0, 0, 0, 0

1, 23.8992, 6.55793, 1.57635, 2.13432, 0.5, 0.013, 4, 4.00442, 5, 0.0029512, 0.0130383, 0.000840524, 0.00010766, 0.000116025
0, 23.6805, 4.45376, 1.57635, 2.13432, 0.5, 0.013, 4, 4.07224, 5, -0.0029512, -0.0130383, 0.000840524, -0.00010766, -0.000116025

1, 23.9154, 6.62451, 1.58111, 2.27766, 0.5, 0.013, 4, 4.00442, 5, 0.0035298, 0.0135766, 0.00106571, 0.000123647, 9.68645e-05
0, 23.6643, 4.38718, 1.58111, 2.27766, 0.5, 0.013, 4, 4.07224, 5, -0.0035298, -0.0135766, 0.00106571, -0.000123647, -9.68645e-05

1, 23.9346, 6.69348, 1.58705, 2.43062, 0.5, 0.013, 4, 4.00442, 5, 0.00418451, 0.0139831, 0.00131304, 0.000137536, 6.29492e-05
0, 23.6451, 4.31821, 1.58705, 2.43062, 0.5, 0.013, 4, 4.07224, 5, -0.00418451, -0.0139831, 0.00131304, -0.000137536, -6.29492e-05

1, 23.9573, 6.76398, 1.59426, 2.59386, 0.5, 0.013, 4, 4.00442, 5, 0.00489249, 0.0141745, 0.0015751, 0.000143679, 1.01532e-05
0, 23.6224, 4.24771, 1.59426, 2.59386, 0.5, 0.013, 4, 4.07224, 5, -0.00489249, -0.0141745, 0.0015751, -0.000143679, -1.01532e-05

1, 23.9835, 6.8347, 1.60279, 2.76806, 0.5, 0.013, 4, 4.00442, 5, 0.00559211, 0.014049, 0.00183378, 0.000132175, -6.37802e-05
0, 23.5962, 4.177, 1.60279, 2.76806, 0.5, 0.013, 4, 4.07224, 5, -0.00559211, -0.014049, 0.00183378, -0.000132175, 6.37802e-05

0, 23.5667, 4.10791, 1.61254, 2.95396, 0.5, 0.013, 4, 4.07224, 5, -0.00616228, -0.013509, 0.0020561, -8.95119e-05, 0.000153876
1, 24.013, 6.90378, 1.61254, 2.95396, 0.5, 0.013, 4, 4.00442, 5, 0.00616228, 0.013509, 0.0020561, 8.95118e-05, -0.000153876

0, 23.5351, 4.04267, 1.62321, 3.15235, 0.5, 0.013, 4, 4.07224, 5, -0.00641431, -0.0125121, 0.00219442, -3.46773e-06, 0.000242354
1, 24.0446, 6.96902, 1.62321, 3.15235, 0.5, 0.013, 4, 4.00442, 5, 0.00641431, 0.0125121, 0.00219441, 3.46772e-06, -0.000242354

0, 23.5035, 3.98343, 1.63426, 3.36406, 0.5, 0.013, 4, 4.07224, 5, -0.00612169, -0.0111392, 0.00219679, 0.000127024, 0.000298515
1, 24.0762, 7.02826, 1.63426, 3.36406, 0.5, 0.013, 4, 4.00442, 5, 0.00612169, 0.0111392, 0.00219679, -0.000127023, -0.000298515

0, 23.4751, 3.93151, 1.64489, 3.58998, 0.5, 0.013, 4, 4.07224, 5, -0.00510108, -0.00963641, 0.00202806, 0.000282347, 0.000289404
1, 24.1046, 7.08018, 1.64489, 3.58998, 0.5, 0.013, 4, 4.00442, 5, 0.00510108, 0.00963641, 0.00202806, -0.000282347, -0.000289404

0, 23.4537, 3.88662, 1.65427, 3.83108, 0.5, 0.013, 4, 4.07224, 5, -0.00339445, -0.00841678, 0.00170846, 0.000322301, 0.000154819
1, 24.126, 7.12507, 1.65427, 3.83108, 0.5, 0.013, 4, 4.00442, 5, 0.00339445, 0.00841678, 0.00170846, -0.0003223, -0.000154819

01, 23.5383, 2.73562, 1.71028, 2.09091, 0.5, 0.013, 4, 3.9231, 5, -0.00453437, -0.0180867, 0.00193591, 0.00283295, -0.0449763
00, 23.3534, 4.76534, 1.66274, 1.99746, 0.5, 0.013, 4, 4.07224, 5, -0.00239032, 0.00223292, 0.00179064, -0.00309867, 0.049195
11, 24.2305, 6.14974, 1.6826, 2.04486, 0.5, 0.013, 4, 4.08382, 5, 0.00251815, -0.00494648, 0.00182569, -6.97739e-05, -0.000110811
10, 24.0546, 8.18144, 1.6628, 2.04352, 0.5, 0.013, 4, 4.00442, 5, 0.00402422, 0.0216848, 0.0017611, 6.98636e-05, 0.000110953

01, 23.5156, 2.62837, 1.72033, 2.23133, 0.5, 0.013, 4, 3.9231, 5, -0.0047702, -0.0217567, 0.00210639, -9.73341e-05, -0.000132346
00, 23.3415, 4.7949, 1.67209, 2.13161, 0.5, 0.013, 4, 4.07224, 5, -0.0021337, 0.00624594, 0.00196221, 0.000105921, 0.000144022
11, 24.2421, 6.12308, 1.69211, 2.18219, 0.5, 0.013, 4, 4.08382, 5, 0.00213655, -0.00571083, 0.0019879, -8.67608e-05, -0.000148828
10, 24.0757, 8.29179, 1.67197, 2.18076, 0.5, 0.013, 4, 4.00442, 5, 0.0044063, 0.0224501, 0.00191187, 8.68659e-05, 0.000149009

01, 23.4905, 2.51801, 1.73141, 2.38119, 0.5, 0.013, 4, 3.9231, 5, -0.00531887, -0.0223653, 0.0023316, -0.000122529, -0.000108182
00, 23.3322, 4.82784, 1.68244, 2.27477, 0.5, 0.013, 4, 4.07224, 5, -0.00153799, 0.00690676, 0.00218556, 0.000132769, 0.000117222
11, 24.2516, 6.09272, 1.70254, 2.32874, 0.5, 0.013, 4, 4.08382, 5, 0.00164362, -0.00641729, 0.00218833, -0.000111021, -0.00013137
10, 24.0989, 8.40585, 1.68199, 2.32722, 0.5, 0.013, 4, 4.00442, 5, 0.00489981, 0.0231574, 0.00210197, 0.000111149, 0.000131522

01, 23.4622, 2.405, 1.74371, 2.54111, 0.5, 0.013, 4, 3.9231, 5, -0.00599565, -0.0228029, 0.00259033, -0.000147639, -6.25595e-05
00, 23.3263, 4.86366, 1.69402, 2.42754, 0.5, 0.013, 4, 4.07224, 5, -0.000806066, 0.00738008, 0.00245067, 0.000159395, 6.7541e-05
11, 24.2584, 6.05912, 1.71406, 2.48514, 0.5, 0.013, 4, 4.08382, 5, 0.00102256, -0.00699443, 0.00242683, -0.000137415, -9.57846e-05
10, 24.1249, 8.52315, 1.69306, 2.48351, 0.5, 0.013, 4, 4.00442, 5, 0.00552157, 0.0237352, 0.00233158, 0.000137566, 9.58898e-05

01, 23.4303, 2.29048, 1.75735, 2.71176, 0.5, 0.013, 4, 3.9231, 5, -0.00678076, -0.0229414, 0.00286851, -0.000163769, 1.262e-05
00, 23.3244, 4.9011, 1.70699, 2.59057, 0.5, 0.013, 4, 4.07224, 5, 4.01759e-05, 0.00752952, 0.00274374, 0.000176257, -1.35823e-05
11, 24.2616, 6.02318, 1.72686, 2.65204, 0.5, 0.013, 4, 4.08382, 5, 0.000275746, -0.00733078, 0.00269571, -0.000159803, -3.36194e-05
10, 24.1543, 8.6428, 1.70536, 2.6503, 0.5, 0.013, 4, 4.00442, 5, 0.00626919, 0.0240719, 0.00259362, 0.000159971, 3.36549e-05

01, 23.3944, 2.17635, 1.77237, 2.89388, 0.5, 0.013, 4, 3.9231, 5, -0.00759082, -0.0226212, 0.00313377, -0.000154139, 0.000120575
00, 23.3268, 4.93813, 1.72144, 2.76455, 0.5, 0.013, 4, 4.07224, 5, 0.000910814, 0.00718549, 0.00303113, 0.000165445, -0.000129419
11, 24.261, 5.98647, 1.74103, 2.83015, 0.5, 0.013, 4, 4.08382, 5, -0.000547268, -0.00727452, 0.00297266, -0.000164973, 6.18895e-05
10, 24.1877, 8.76322, 1.71901, 2.82829, 0.5, 0.013, 4, 4.00442, 5, 0.00709305, 0.0240156, 0.00286656, 0.00016514, -6.19523e-05

01, 23.3547, 2.06528, 1.78857, 3.08823, 0.5, 0.013, 4, 3.9231, 5, -0.00824106, -0.0216998, 0.00333035, -9.60329e-05, 0.00024913
00, 23.3332, 4.97188, 1.7372, 2.95022, 0.5, 0.013, 4, 4.07224, 5, 0.00160797, 0.0061979, 0.00325282, 0.000102834, -0.000266773
11, 24.2563, 5.95137, 1.75653, 3.02021, 0.5, 0.013, 4, 4.08382, 5, -0.00130996, -0.00666076, 0.00321292, -0.000131642, 0.000187311
10, 24.2252, 8.88202, 1.73397, 3.01824, 0.5, 0.013, 4, 4.00442, 5, 0.00785651, 0.0234012, 0.00310645, 0.000131771, -0.000187495

01, 23.3127, 1.9604, 1.80544, 3.29564, 0.5, 0.013, 4, 3.9231, 5, -0.00844213, -0.0201552, 0.00338703, 2.65302e-05, 0.000361899
00, 23.3421, 4.99899, 1.75373, 3.14835, 0.5, 0.013, 4, 4.07224, 5, 0.00182317, 0.00454569, 0.00332962, -2.835e-05, -0.000386725
11, 24.2484, 5.92096, 1.77299, 3.22305, 0.5, 0.013, 4, 4.08382, 5, -0.0017616, -0.00539214, 0.00334905, -3.76501e-05, 0.000317401
10, 24.2658, 8.99613, 1.74991, 3.22094, 0.5, 0.013, 4, 4.00442, 5, 0.00830858, 0.0221314, 0.0032461, 3.7686e-05, -0.000317703

01, 23.2715, 1.86443, 1.82211, 3.51697, 0.5, 0.013, 4, 3.9231, 5, -0.00788488, -0.0181943, 0.00324616, 0.000202167, 0.000406922
00, 23.3501, 5.01659, 1.77014, 3.35979, 0.5, 0.013, 4, 4.07224, 5, 0.00122839, 0.00245235, 0.00319409, -0.00021564, -0.000434041
11, 24.2397, 5.8984, 1.78972, 3.43951, 0.5, 0.013, 4, 4.08382, 5, -0.00157614, -0.00355985, 0.00330963, 0.000121229, 0.000403518
10, 24.3072, 9.10238, 1.76614, 3.43725, 0.5, 0.013, 4, 4.00442, 5, 0.00812296, 0.0202974, 0.00321312, -0.000121341, -0.000403891

01, 23.228, 1.82607, 1.84228, 3.75316, 0.5, 0.013, 4, 3.9231, 5, -0.0135665, 0.0210275, 0.00670851, 0.00195314, 0.000322166
00, 23.3606, 5.03036, 1.78723, 3.58543, 0.5, 0.013, 4, 4.07224, 5, 0.00728009, 0.00650579, 0.00453171, -0.00207992, -0.00260863
11, 24.2341, 5.88572, 1.80573, 3.6705, 0.5, 0.013, 4, 4.08382, 5, -0.000495701, -0.00151955, 0.00305803, 0.000309351, 0.000391706
10, 24.3455, 9.19874, 1.78168, 3.6681, 0.5, 0.013, 4, 4.00442, 5, 0.00704153, 0.0182552, 0.00296858, -0.00030963, -0.000392059

011, 23.5429, 0.991668, 1.95601, 2.0433, 0.5, 0.013, 4, 4.08991, 5, 0.0102635, -0.0313964, 0.00685372, 0.0103455, -0.0199441
010, 22.8597, 2.85762, 1.83019, 1.96192, 0.5, 0.013, 4, 3.9231, 5, -0.0258166, -0.0240239, -0.0218565, -0.0112206, 0.021626
00, 23.3736, 5.04209, 1.80498, 3.82622, 0.5, 0.013, 4, 4.07224, 5, -0.0001515, 0.000506943, 0.00300572, -6.75323e-08, -2.52566e-08
11, 24.2352, 5.88183, 1.82025, 3.91701, 0.5, 0.013, 4, 4.08382, 5, 0.000516393, -0.0004855, 0.00284086, 5.27255e-13, 4.3361e-13
10, 24.3772, 9.28631, 1.79577, 3.91444, 0.5, 0.013, 4, 4.00442, 5, 0.00602853, 0.0172202, 0.00275446, -5.27724e-13, -4.33995e-13

011, 23.6786, 1.03611, 2.00234, 2.18053, 0.5, 0.013, 4, 4.08991, 5, 0.0266381, 0.0115494, 0.0053692, -0.00331072, 0.000375917
010, 22.6392, 2.78785, 1.69643, 2.09368, 0.5, 0.013, 4, 3.9231, 5, -0.0435803, -0.0402046, -0.0289698, 0.00357392, -0.010856
001, 23.6287, 4.03411, 1.81378, 2.05335, 0.5, 0.013, 4, 4.04163, 5, -0.00150075, -0.00685561, 0.00298621, 0.0134517, -0.0527981
110, 23.9889, 6.84143, 1.83459, 2.06543, 0.5, 0.013, 4, 4.08382, 5, 8.18686e-05, 0.0135522, 0.00296122, 0.000104214, 0.000153446
000, 23.1287, 6.00889, 1.82001, 2.02984, 0.5, 0.013, 4, 4.07224, 5, 0.00102015, 0.00798486, 0.00300302, -0.013759, 0.0540041
111, 24.511, 4.82329, 1.85978, 2.11464, 0.5, 0.013, 4, 3.97038, 5, 0.000541338, -0.0139938, 0.00303733, -9.96063e-05, -0.000146664
101, 24.6155, 8.44489, 1.80301, 2.04012, 0.5, 0.013, 4, 3.90518, 5, 0.00647581, 0.00289039, 0.00284429, -9.31689e-05, -0.00015217
100, 24.1591, 10.4781, 1.80969, 2.13721, 0.5, 0.013, 4, 4.00442, 5, 0.00633706, 0.0304477, 0.00285818, 8.52053e-05, 0.000139163

001, 23.6279, 3.96755, 1.82921, 2.19125, 0.5, 0.013, 4, 4.04163, 5, -0.000432608, -0.0136735, 0.00319608, -0.0001172, -0.000128005
011, 23.7519, 1.09639, 2.02428, 2.32697, 0.5, 0.013, 4, 4.08991, 5, 0.00104089, 0.0121304, 0.00504829, -0.005402, -0.000126455
010, 22.4858, 2.4892, 1.56161, 2.23429, 0.5, 0.013, 4, 3.9231, 5, -0.0160088, -0.0714125, -0.023963, 0.00580805, -0.0017746
110, 23.9908, 6.91086, 1.85002, 2.20414, 0.5, 0.013, 4, 4.08382, 5, 0.000703635, 0.0141882, 0.00321678, 0.000142933, 0.000106277
000, 23.1271, 6.08183, 1.83555, 2.16616, 0.5, 0.013, 4, 4.07224, 5, -7.2784e-05, 0.0149582, 0.00322421, 0.000119724, 0.000130762
111, 24.5123, 4.75172, 1.87559, 2.25666, 0.5, 0.013, 4, 3.97038, 5, -5.37363e-05, -0.0146025, 0.00329278, -0.000136953, -0.000101831
101, 24.6466, 8.45753, 1.81779, 2.17713, 0.5, 0.013, 4, 3.90518, 5, 0.00593092, 0.00219088, 0.00307608, -0.000125583, -0.000124154
100, 24.192, 10.632, 1.8245, 2.28074, 0.5, 0.013, 4, 4.00442, 5, 0.00683669, 0.031089, 0.00307161, 0.000115413, 0.000114099

001, 23.6241, 3.89781, 1.84583, 2.33841, 0.5, 0.013, 4, 4.04163, 5, -0.00116713, -0.0137159, 0.00343374, -0.000429566, 0.00242012
011, 23.7366, 1.15727, 2.05228, 2.48325, 0.5, 0.013, 4, 4.08991, 5, 0.00122773, 0.0126618, 0.00478478, 0.00252509, 0.000219105
010, 22.4278, 2.12751, 1.44681, 2.38434, 0.5, 0.013, 4, 3.9231, 5, -0.016194, -0.0717912, -0.0231974, -0.00270573, 0.000459472
110, 23.9963, 6.98285, 1.86684, 2.35217, 0.5, 0.013, 4, 4.08382, 5, 0.0015384, 0.0141923, 0.00348941, 0.000309408, -0.00191704
000, 23.1272, 6.15824, 1.85197, 2.31164, 0.5, 0.013, 4, 4.07224, 5, -0.00537068, 0.0161272, 0.0019816, -0.00904018, -0.000683114
111, 24.5112, 4.6775, 1.89245, 2.40822, 0.5, 0.013, 4, 3.97038, 5, 0.00477748, -0.0156541, 0.00221611, 0.00853053, 0.000176933
101, 24.6745, 8.46713, 1.83385, 2.32335, 0.5, 0.013, 4, 3.90518, 5, 0.00521617, 0.00169228, 0.00335528, -0.000160059, -7.00259e-05
100, 24.2278, 10.7887, 1.84048, 2.43392, 0.5, 0.013, 4, 4.00442, 5, 0.00749501, 0.0315481, 0.0033267, 0.000147705, 6.46211e-05

001, 23.6171, 3.83011, 1.86342, 2.49545, 0.5, 0.013, 4, 4.04163, 5, -0.00154654, -0.0138275, 0.00361507, -6.80842e-05, -0.000115533
011, 23.7726, 1.22365, 2.07161, 2.65002, 0.5, 0.013, 4, 4.08991, 5, 0.0128966, 0.0138896, 0.00307758, 0.00206844, 0.000237654
010, 22.3148, 1.77647, 1.33563, 2.54447, 0.5, 0.013, 4, 3.9231, 5, -0.0286791, -0.0682446, -0.0205661, -0.00220991, 0.000891575
000, 23.0958, 6.23928, 1.86161, 2.46689, 0.5, 0.013, 4, 4.07224, 5, -0.00658804, 0.0166419, 0.00184891, -0.000130645, 0.000176467
110, 24.0053, 7.05303, 1.88481, 2.51014, 0.5, 0.013, 4, 4.08382, 5, 0.00205338, 0.0142594, 0.0037142, 0.00010233, 8.39844e-05
111, 24.5391, 4.59877, 1.90343, 2.56995, 0.5, 0.013, 4, 3.97038, 5, 0.00577818, -0.016093, 0.00215572, 8.84842e-05, -0.000135609
101, 24.7044, 8.29172, 1.86253, 2.47938, 0.5, 0.013, 4, 3.90518, 5, 0.00341449, -0.0387284, 0.00682205, -0.00139224, 0.00137692
100, 24.2617, 10.7431, 1.89553, 2.59738, 0.5, 0.013, 4, 4.00442, 5, 0.0091661, -0.0126249, 0.0132583, 0.00128931, 0.000216507

001, 23.609, 3.76052, 1.88236, 2.66305, 0.5, 0.013, 4, 4.04163, 5, 0.00477391, -0.00250758, 0.00762437, 0.0493675, 0.0783438
011, 23.855, 1.29568, 2.08518, 2.82799, 0.5, 0.013, 4, 4.08991, 5, 0.0101965, 0.0126026, 0.00762089, -0.0347433, -0.0110843
010, 22.1519, 1.44297, 1.24372, 2.71536, 0.5, 0.013, 4, 3.9231, 5, -0.0322531, -0.0684571, -0.0175457, -0.0101849, 0.000121237
000, 23.0612, 6.32472, 1.87046, 2.63256, 0.5, 0.013, 4, 4.07224, 5, -0.00722248, 0.0184126, 0.00181043, -0.000759084, 0.0146079
110, 24.0083, 7.12335, 1.9063, 2.67871, 0.5, 0.013, 4, 4.08382, 5, -0.00509584, 0.0130864, 0.00590963, -0.000293819, -2.24837e-05
111, 24.5691, 4.51575, 1.91407, 2.74255, 0.5, 0.013, 4, 3.97038, 5, 0.00619807, -0.0177509, 0.00215371, 3.06864e-06, -0.000203459
101, 24.7127, 8.12427, 1.90042, 2.64589, 0.5, 0.013, 4, 3.90518, 5, 0.00428248, -0.0274026, 0.00813781, -0.00056759, 0.00294367
100, 24.3239, 10.6831, 1.96789, 2.77181, 0.5, 0.013, 4, 4.00442, 5, 0.0156, -0.0112629, 0.0156335, 0.000872504, 0.00025971

001, 23.7039, 3.76869, 1.93997, 2.84189, 0.5, 0.013, 4, 4.04163, 5, 0.017169, -0.00372431, 0.0106493, -0.00134204, -0.00178891
011, 23.8794, 1.35282, 2.13449, 3.01792, 0.5, 0.013, 4, 4.08991, 5, 0.00627724, 0.012335, 0.00787552, 0.000956525, 0.000417417
010, 21.9539, 1.36194, 1.13949, 2.89772, 0.5, 0.013, 4, 3.9231, 5, -0.0394489, 0.00774549, -0.0236919, 0.000202876, -0.000689857
110, 23.983, 7.18908, 1.93726, 2.85861, 0.5, 0.013, 4, 4.08382, 5, -0.004223, 0.0132129, 0.00626065, 0.000638452, 7.28187e-05
000, 23.0267, 6.47832, 1.88394, 2.80936, 0.5, 0.013, 4, 4.07224, 5, -0.00740115, 0.0271101, 0.00235834, -0.000278778, -0.00140088
111, 24.5937, 4.42547, 1.92631, 2.92673, 0.5, 0.013, 4, 3.97038, 5, 0.00527828, -0.018449, 0.00240549, 0.000245132, -0.00010257
101, 24.7289, 8.02638, 1.93932, 2.82359, 0.5, 0.013, 4, 3.90518, 5, 0.00267324, -0.0116875, 0.00717745, -1.14334e-06, 0.00299581
100, 24.4076, 10.6293, 2.0455, 2.95797, 0.5, 0.013, 4, 4.00442, 5, 0.0167198, -0.010433, 0.0149067, -0.000508616, 4.73985e-05

001, 23.7635, 3.73002, 1.98664, 3.03275, 0.5, 0.013, 4, 4.04163, 5, 0.00612762, -0.011229, 0.0081106, -0.00068534, -0.00065524
011, 23.9194, 1.41884, 2.16679, 3.2206, 0.5, 0.013, 4, 4.08991, 5, 0.00895642, 0.0138653, 0.0055484, -0.00085222, 0.00131157
010, 21.7572, 1.38934, 1.01607, 3.09233, 0.5, 0.013, 4, 3.9231, 5, -0.0401614, -0.00440528, -0.0230956, 0.00268912, -0.563838
110, 23.9721, 7.25913, 1.9676, 3.0506, 0.5, 0.013, 4, 4.08382, 5, 3.2127e-05, 0.0155963, 0.00590433, 0.000919086, -6.12333e-05
000, 22.9897, 6.59984, 1.89482, 2.99804, 0.5, 0.013, 4, 4.07224, 5, -0.00644262, 0.0220826, 0.00220895, -0.000571471, -0.000596602
101, 24.7456, 7.99991, 1.9709, 3.01322, 0.5, 0.013, 4, 3.90518, 5, 0.00466391, -0.000192118, 0.00543837, 0.000622308, 0.00145189
111, 24.6341, 4.33733, 1.9421, 3.12329, 0.5, 0.013, 4, 3.97038, 5, 0.0121719, -0.0161188, 0.00458324, -0.000639121, -0.000341728
100, 24.4799, 10.5769, 2.11391, 3.15662, 0.5, 0.013, 4, 4.00442, 5, 0.011475, -0.0106451, 0.0124193, -0.00138161, -9.1395e-05

001, 23.793, 3.67175, 2.02555, 3.23643, 0.5, 0.013, 4, 4.04163, 5, 0.00179078, -0.012397, 0.00716352, 0.0175321, 0.00837973
011, 23.9759, 1.4907, 2.19209, 3.43689, 0.5, 0.013, 4, 4.08991, 5, 0.020839, 0.014816, 0.00472543, 0.0363295, -0.00159104
010, 21.5463, 1.97418, 0.812824, 3.30001, 0.5, 0.013, 4, 3.9231, 5, -0.0446331, -0.0349294, -0.0204476, -0.0530003, 0.017336
110, 23.9785, 7.33667, 1.99658, 3.25547, 0.5, 0.013, 4, 4.08382, 5, 0.00133042, 0.0146709, 0.00584493, 0.000259984, -0.00241757
000, 22.9531, 6.70989, 1.90494, 3.19938, 0.5, 0.013, 4, 4.07224, 5, -0.00864459, 0.0214176, 0.00166773, -0.00387659, 0.00170697
111, 24.6966, 4.25677, 1.9642, 3.33305, 0.5, 0.013, 4, 3.97038, 5, 0.00994711, -0.0176793, 0.00331689, 0.00152659, -1.31838e-05
101, 24.7715, 8.00509, 1.99666, 3.21558, 0.5, 0.013, 4, 3.90518, 5, 0.00551935, 0.00132984, 0.00505812, -0.000661548, -0.000291178
100, 24.5302, 10.5249, 2.17429, 3.36862, 0.5, 0.013, 4, 4.00442, 5, 0.00988321, -0.00986292, 0.0121533, 1.67835e-15, 0.000243641

001, 23.8321, 3.61705, 2.06349, 3.45379, 0.5, 0.013, 4, 4.04163, 5, 0.00717296, -0.0112244, 0.00719314, -0.000581421, -0.00013955
010, 21.297, 1.78425, 0.707908, 3.52163, 0.5, 0.013, 4, 3.9231, 5, -0.0452901, -0.0431983, -0.0223698, 0.0029504, -0.0017085
110, 23.9855, 7.41181, 2.02608, 3.47411, 0.5, 0.013, 4, 4.08382, 5, 0.000863093, 0.0149492, 0.0054961, -0.0654726, -0.0325307
000, 22.9107, 6.82632, 1.9143, 3.41425, 0.5, 0.013, 4, 4.07224, 5, -0.00895848, 0.0237981, 0.00180026, -0.000391344, 0.000123361
011, 24.0529, 1.55971, 2.22341, 3.66771, 0.5, 0.013, 4, 4.08991, 5, 0.0110872, 0.0141288, 0.00594166, -0.00179858, 0.00016814
111, 24.7684, 4.17794, 1.98798, 3.55689, 0.5, 0.013, 4, 3.97038, 5, 0.0149869, -0.0161072, 0.00493731, -0.000123518, 1.87846e-05
101, 24.8011, 8.01286, 2.02289, 3.43154, 0.5, 0.013, 4, 3.90518, 5, 0.00696829, 0.00208623, 0.00587978, 0.0666376, 0.0326417
100, 24.5797, 10.4787, 2.23556, 3.59485, 0.5, 0.013, 4, 4.00442, 5, 0.00988321, -0.00717276, 0.012835, 2.63823e-19, 0.143256

001, 23.8897, 3.58734, 2.11351, 3.68574, 0.5, 0.013, 4, 4.04163, 5, 0.25769, 0.210193, 0.0456472, -2.38527, -1.85971
010, 21.1176, 1.55913, 0.588875, 3.75814, 0.5, 0.013, 4, 3.9231, 5, -0.0692201, -0.0649356, -0.0219897, -0.746087, -0.369818
110, 23.9915, 7.48136, 2.05347, 3.70742, 0.5, 0.013, 4, 4.08382, 5, 0.00132265, 0.0128539, 0.00550226, -0.0191146, -0.00243873
000, 22.86, 6.94576, 1.92223, 3.64355, 0.5, 0.013, 4, 4.07224, 5, -0.00896118, 0.0416449, 0.00542889, 0.0584533, 0.393024
011, 24.0505, 1.62278, 2.25964, 3.91403, 0.5, 0.013, 4, 4.08991, 5, -0.271363, 0.052283, 0.0446846, 1.72132, 1.69984
111, 24.8422, 4.09563, 2.01082, 3.79577, 0.5, 0.013, 4, 3.97038, 5, 0.0924486, 0.0195168, 0.0391606, 1.17415, 0.557997
101, 24.8341, 8.02256, 2.05196, 3.662, 0.5, 0.013, 4, 3.90518, 5, 0.00641084, 0.00188331, 0.00579799, 0.0235466, 0.0123532
100, 24.6291, 10.4387, 2.29777, 3.83628, 0.5, 0.013, 4, 4.00442, 5, 0.00988321, 0.00590338, 0.0108574, 3.64598e-24, 7.79335e-06

0101, 20.0416, 0.761876, 0.430143, 2.03633, 0.5, 0.013, 4, 3.92, 5, -0.0181748, -0.0703401, -0.0251451, 0.00281396, 0.0014868
0110, 23.3358, 2.50818, 2.28503, 2.08589, 0.5, 0.013, 4, 4.08991, 5, 0.00374646, 0.0410244, 0.00363397, 0.00126428, -0.000687806
001, 23.9224, 3.5535, 2.16215, 3.93327, 0.5, 0.013, 4, 4.04163, 5, 0.00167724, -0.0100232, 0.00812528, -0.00338853, -0.00140437
0100, 21.7391, 1.8034, 0.465433, 1.9742, 0.5, 0.013, 4, 3.9231, 5, -0.0304774, -0.0193448, -0.0251067, -0.00299368, -0.00158176
110, 23.9972, 7.55818, 2.08228, 3.95641, 0.5, 0.013, 4, 4.08382, 5, 0.000894546, 0.00928339, 0.00516908, 0.00342001, 0.0019322
000, 22.8402, 7.08267, 1.93712, 3.88825, 0.5, 0.013, 4, 4.07224, 5, -0.00196695, 0.0185487, 0.00273824, -1.991e-05, -0.000618407
1111, 25.4651, 3.07175, 2.10418, 2.07171, 0.5, 0.013, 4, 4.01949, 5, 0.0134472, -0.0178835, 0.00490753, 0.00933253, 0.00551294
0111, 24.6641, 0.906013, 2.30206, 2.091, 0.5, 0.013, 4, 4.07059, 5, 0.00328621, 0.0068308, 0.00902299, -0.00125833, -0.000129864
1011, 25.3903, 7.11602, 2.08785, 1.99439, 0.5, 0.013, 4, 4.00385, 5, 0.000610366, -0.0017627, 0.00546442, 0.0094354, -0.014622
1110, 24.5157, 4.86852, 2.05315, 1.97898, 0.5, 0.013, 4, 3.97038, 5, -0.0150719, 0.00385925, 0.00380442, -6.96006e-08, 2.85098e-08
1001, 25.4259, 9.60428, 2.31446, 2.09081, 0.5, 0.013, 4, 3.9985, 5, 0.00528187, -0.0157231, 0.0159397, -0.0010708, 0.00040595
1010, 24.4351, 8.81908, 2.08256, 1.91354, 0.5, 0.013, 4, 3.90518, 5, 0.00847894, 0.00360959, 0.00742763, -0.0224342, 0.0090644
1000, 24.046, 11.1092, 2.35866, 2.00311, 0.5, 0.013, 4, 4.00442, 5, 0.0118256, 0.0248096, 0.0113105, 0.00116455, -0.000441439

0101, 19.8759, 0.74485, 0.190007, 2.17309, 0.5, 0.013, 4, 3.92, 5, -0.0166943, -0.058981, -0.0302102, 0.0134286, -8.53446e-05
0110, 23.2936, 2.67008, 2.28438, 2.22598, 0.5, 0.013, 4, 4.08991, 5, -0.0125412, 0.0295924, -0.0014911, -0.00058004, -0.000351613
0100, 21.6661, 1.79459, 0.326212, 2.10678, 0.5, 0.013, 4, 3.9231, 5, -0.0319905, -0.0193519, -0.0255327, -0.0142376, -0.0152334
0001, 23.161, 6.2182, 1.98629, 2.09347, 0.5, 0.013, 4, 4.0259, 5, -0.013173, 0.00917064, 0.00250147, -0.00146451, 0.00159921
0010, 23.2733, 4.38308, 2.22429, 2.1359, 0.5, 0.013, 4, 4.04163, 5, -0.00532962, -0.00199448, 0.0134138, -0.000686383, -0.00145551
1000, 23.9569, 10.8921, 2.54109, 2.13763, 0.5, 0.013, 4, 4.00442, 5, -0.037233, 0.0177187, 0.017297, 0.525074, -0.092737
0000, 22.4499, 8.15274, 1.96057, 2.0559, 0.5, 0.013, 4, 4.07224, 5, 0.000475787, 0.0410151, 0.0111433, 0.00166998, -0.00052616
1100, 23.446, 8.61058, 2.11846, 2.16108, 0.5, 0.013, 4, 4.08382, 5, 0.000167137, 0.0228294, 0.00859844, -0.0045896, -0.00219394
0011, 24.5442, 2.7225, 2.15018, 2.06152, 0.5, 0.013, 4, 3.90166, 5, 0.0196912, -0.0176696, 0.00789441, -0.000218825, 0.000471962
1111, 25.5654, 2.95657, 2.12698, 2.21084, 0.5, 0.013, 4, 4.01949, 5, 0.0217441, -0.0216635, 0.00325723, 0.000810054, 2.71749e-05
0111, 24.6743, 0.938408, 2.34917, 2.23143, 0.5, 0.013, 4, 4.07059, 5, 0.00171004, 0.00607968, 0.00983091, -5.08302e-05, -0.000182868
1101, 24.4528, 6.76305, 2.11045, 2.06103, 0.5, 0.013, 4, 3.92084, 5, 0.000907988, -0.0061782, 0.00500587, 1.8828e-05, -0.000712497
1011, 25.4422, 7.06811, 2.11799, 2.12833, 0.5, 0.013, 4, 4.00385, 5, 0.00638589, -0.0120012, 0.00582651, -0.000590545, 0.000678814
1110, 24.5625, 4.86466, 2.04792, 2.11189, 0.5, 0.013, 4, 3.97038, 5, 0.00603799, 0.00173212, -0.000885459, 0.000578163, 0.000592366
1001, 25.5892, 9.32592, 2.40776, 2.23123, 0.5, 0.013, 4, 3.9985, 5, 0.0504767, -0.0781828, 0.0165426, -0.485067, 0.651436
1010, 24.4425, 8.89033, 2.12101, 2.04205, 0.5, 0.013, 4, 3.90518, 5, 0.00626917, 0.0172945, 0.00864883, 0.00573535, 0.0024356

0101, 19.799, 0.655149, -0.0109028, 2.31904, 0.5, 0.013, 4, 3.92, 5, -0.0153514, -0.0163375, -0.0325836, -2.55926e-21, -0.379012
0110, 23.2272, 2.81585, 2.27468, 2.37547, 0.5, 0.013, 4, 4.08991, 5, -0.0131112, 0.0278402, -0.00234394, -0.00213358, 0.00408499
0100, 21.4992, 1.69037, 0.198548, 2.24827, 0.5, 0.013, 4, 3.9231, 5, -0.0334143, -0.0208753, -0.0255327, -2.74607e-24, -2.93814e-24
0001, 23.0738, 6.26277, 2.00294, 2.23407, 0.5, 0.013, 4, 4.0259, 5, -0.0214553, 0.00846115, 0.00426971, -0.000633353, -0.003677
0010, 23.2419, 4.37277, 2.2943, 2.27935, 0.5, 0.013, 4, 4.04163, 5, -0.00689753, -0.00176378, 0.0144932, -0.000487176, -0.000357778
0000, 22.4335, 8.34018, 2.03307, 2.19397, 0.5, 0.013, 4, 4.07224, 5, -0.00978964, 0.0321425, 0.0183898, 0.00325525, 0.00479193
1100, 23.4303, 8.72713, 2.14231, 2.30622, 0.5, 0.013, 4, 4.08382, 5, -0.00437129, 0.0241197, 0.00601528, 0.181834, 0.114019
0011, 24.6439, 2.63575, 2.18412, 2.19997, 0.5, 0.013, 4, 3.90166, 5, 0.0201282, -0.0170628, 0.00569369, 6.78491e-05, 0.000124477
1111, 25.6856, 2.83705, 2.1421, 2.35932, 0.5, 0.013, 4, 4.01949, 5, 0.0255666, -0.0249805, 0.00279162, -0.000157068, 0.000404743
0111, 24.6821, 0.966478, 2.40057, 2.38129, 0.5, 0.013, 4, 4.07059, 5, 0.00077272, 0.0536092, 0.0548159, 0.00215098, -0.574656
1101, 24.4727, 6.75001, 2.15131, 2.19945, 0.5, 0.013, 4, 3.92084, 5, 0.00585041, -0.00229363, 0.0102293, -0.000735629, 0.00287281
1011, 25.4859, 7.01487, 2.14394, 2.27127, 0.5, 0.013, 4, 4.00385, 5, 0.0103986, -0.00959998, 0.00476145, 0.00128814, -0.00478243
1110, 24.5681, 4.84693, 2.05109, 2.25372, 0.5, 0.013, 4, 3.97038, 5, -0.00232713, -0.00588885, 0.00141945, -8.20841e-05, 8.78738e-05
1000, 24.028, 10.9353, 2.62757, 2.2812, 0.5, 0.013, 4, 4.00442, 5, 0.0152744, 0.00844495, 0.017297, 1.01248e-22, -1.78822e-23
1001, 25.6684, 9.29706, 2.47173, 2.38107, 0.5, 0.013, 4, 3.9985, 5, 0.0262925, 0.00390103, 0.00960443, -0.00908414, -0.00611169
1010, 24.4513, 8.96322, 2.18122, 2.1792, 0.5, 0.013, 4, 3.90518, 5, -7.57822e-05, 0.0123577, 0.00732785, -0.193365, -0.118078

0101, 19.7223, 0.590952, -0.123795, 2.47478, 0.5, 0.013, 4, 3.92, 5, -0.0153514, 0.0135993, -0.0158711, 2.77647e-16, 0.000256524
0110, 23.149, 2.95054, 2.26932, 2.53501, 0.5, 0.013, 4, 4.08991, 5, -0.0182785, 0.0239847, 0.000925418, 0.0080904, -0.0158263
0100, 21.3321, 1.58599, 0.0708847, 2.39927, 0.5, 0.013, 4, 3.9231, 5, -0.0334143, -0.0208753, -0.0255327, -5.29648e-46, -5.66694e-46
0001, 22.9552, 6.31677, 2.0304, 2.38411, 0.5, 0.013, 4, 4.0259, 5, -0.0257816, 0.0146719, 0.00686089, -0.000383214, 0.00159509
0010, 23.2191, 4.37716, 2.37234, 2.43243, 0.5, 0.013, 4, 4.04163, 5, -0.000787189, 0.00455116, 0.0169346, 0.000745883, 0.000706871
0000, 22.4159, 8.48982, 2.12692, 2.34132, 0.5, 0.013, 4, 4.07224, 5, -0.000360192, 0.0258885, 0.0198641, 0.00156267, -0.00260892
1100, 23.4072, 8.83821, 2.1711, 2.4611, 0.5, 0.013, 4, 4.08382, 5, -0.00405494, 0.0215507, 0.00540401, 0.151234, 0.102676
0011, 24.7414, 2.54929, 2.20904, 2.34772, 0.5, 0.013, 4, 3.90166, 5, 0.0182752, -0.017759, 0.00459624, -0.000951422, -0.000124845
1111, 25.8101, 2.71464, 2.15609, 2.51777, 0.5, 0.013, 4, 4.01949, 5, 0.0237737, -0.024888, 0.00300696, -0.000116433, 0.000731249
0111, 24.6883, 0.988126, 2.45576, 2.54122, 0.5, 0.013, 4, 4.07059, 5, 0.00116167, 0.00790429, 0.0184347, -0.00802273, -0.113828
1101, 24.4874, 6.73297, 2.19649, 2.34717, 0.5, 0.013, 4, 3.92084, 5, 0.000632776, -0.00482464, 0.00781673, -0.0646435, -0.0446499
1011, 25.5491, 6.96929, 2.17342, 2.4238, 0.5, 0.013, 4, 4.00385, 5, 0.014665, -0.00805297, 0.00716272, 0.0600185, 0.04145
1110, 24.5508, 4.82216, 2.058, 2.40508, 0.5, 0.013, 4, 3.97038, 5, -0.0046004, -0.00441941, 0.00140834, -9.59904e-05, 0.00105888
1000, 24.1043, 10.9775, 2.71406, 2.4344, 0.5, 0.013, 4, 4.00442, 5, 0.0152744, 0.00844495, 0.017297, 1.95282e-44, -3.44902e-45
1001, 25.7874, 9.31054, 2.52085, 2.54098, 0.5, 0.013, 4, 3.9985, 5, 0.0246297, 0.00382292, 0.00924236, 0.00017802, 0.000326608
1010, 24.4622, 9.03879, 2.2163, 2.32555, 0.5, 0.013, 4, 3.90518, 5, 0.00251428, 0.0156127, 0.00627467, -0.166501, -0.113857

0101, 19.6452, 0.662076, -0.198977, 2.64098, 0.5, 0.013, 4, 3.92, 5, -0.0167688, 0.0145217, -0.0138435, -0.00285428, -0.000312607
0110, 23.0575, 3.06887, 2.2747, 2.70526, 0.5, 0.013, 4, 4.08991, 5, -0.0174449, 0.0212703, 0.000782391, 0.00825477, -0.00960142
0100, 21.1654, 1.48321, -0.0572855, 2.5604, 0.5, 0.013, 4, 3.9231, 5, -0.0319236, -0.0134427, -0.0275441, 0.00300183, 0.0144746
0001, 22.8259, 6.40798, 2.06408, 2.54422, 0.5, 0.013, 4, 4.0259, 5, -0.0270305, 0.0184508, 0.00745502, -0.022331, -0.0477353
0010, 23.2273, 4.41322, 2.45303, 2.59579, 0.5, 0.013, 4, 4.04163, 5, 0.00446115, 0.00997576, 0.015195, -0.00221405, -0.00370363
0000, 22.4296, 8.5808, 2.22198, 2.49856, 0.5, 0.013, 4, 4.07224, 5, -0.0156297, -0.00168522, 0.00761505, -0.843272, -0.578011
1100, 23.3891, 8.94076, 2.19842, 2.62639, 0.5, 0.013, 4, 4.08382, 5, 0.0211422, 0.034653, 0.0091118, 0.760996, 0.522589
0011, 24.8293, 2.4654, 2.22943, 2.50539, 0.5, 0.013, 4, 3.90166, 5, 0.0169778, -0.0154384, 0.00359407, -0.00279115, -0.00120109
1111, 25.9244, 2.59837, 2.17078, 2.68686, 0.5, 0.013, 4, 4.01949, 5, 0.0224797, -0.0219182, 0.00279489, 0.000301772, 0.000483191
0111, 24.6936, 1.00278, 2.51521, 2.71188, 0.5, 0.013, 4, 4.07059, 5, -0.000177104, -0.00314636, 0.0105027, -0.00537235, 0.0100119
1101, 24.4902, 6.70631, 2.23591, 2.5048, 0.5, 0.013, 4, 3.92084, 5, -0.00143249, -0.00425145, 0.00715886, -0.00471913, 0.0216584
1011, 25.6005, 6.91874, 2.20787, 2.58658, 0.5, 0.013, 4, 4.00385, 5, 0.00816294, -0.0110072, 0.00689312, -0.00014598, -0.000844726
1110, 24.5311, 4.81784, 2.06209, 2.5666, 0.5, 0.013, 4, 3.97038, 5, -0.00365252, 0.00172541, 0.000406288, 0.000523201, 0.00064179
1000, 24.179, 11.0248, 2.80152, 2.59789, 0.5, 0.013, 4, 4.00442, 5, 0.0151462, 0.00888355, 0.0173912, 0.000232683, -0.000805638
1001, 25.9132, 9.3281, 2.56593, 2.71163, 0.5, 0.013, 4, 3.9985, 5, 0.023664, 0.00347433, 0.00920958, -0.0100702, -0.00691713
1010, 24.4727, 9.11037, 2.24861, 2.48173, 0.5, 0.013, 4, 3.90518, 5, -0.00135637, 0.0117262, 0.0111187, 0.0581872, 0.0496226

0101, 19.5565, 0.736019, -0.262731, 2.81835, 0.5, 0.013, 4, 3.92, 5, -0.0180744, 0.0151583, -0.0118461, -9.3343e-05, 0.00016105
0110, 22.9557, 3.16392, 2.29094, 2.88694, 0.5, 0.013, 4, 4.08991, 5, -0.020518, 0.0174086, 0.00383903, 0.00272784, -0.00822857
0100, 21.0109, 1.43257, -0.198189, 2.73235, 0.5, 0.013, 4, 3.9231, 5, -0.0305511, -0.0100381, -0.0283321, 9.79802e-05, -9.70179e-05
0001, 22.6992, 6.50027, 2.09784, 2.71509, 0.5, 0.013, 4, 4.0259, 5, -0.0228323, 0.0221953, 0.00322787, -0.000671966, -0.000228572
0010, 23.2129, 4.45658, 2.50574, 2.77012, 0.5, 0.013, 4, 4.04163, 5, -0.00559302, 0.0100554, 0.00606511, -0.00026795, -0.000183434
0000, 22.4126, 8.60326, 2.27894, 2.66636, 0.5, 0.013, 4, 4.07224, 5, 0.000423459, 0.000891593, 0.0114329, 0.000923487, 0.000611042
1100, 23.3856, 9.03367, 2.23501, 2.80277, 0.5, 0.013, 4, 4.08382, 5, -0.00421024, 0.0169925, 0.00732267, 0.0599121, 0.0464937
0011, 24.9031, 2.39139, 2.24809, 2.67365, 0.5, 0.013, 4, 3.90166, 5, 0.0138929, -0.013867, 0.00361835, -0.000296767, -0.000275654
1111, 26.0342, 2.48379, 2.1858, 2.86731, 0.5, 0.013, 4, 4.01949, 5, 0.0221145, -0.0236405, 0.00303172, 0.000623455, -1.21914e-05
0111, 24.695, 1.00654, 2.57731, 2.89401, 0.5, 0.013, 4, 4.07059, 5, -0.000399539, -0.00434543, 0.0115087, -0.00295085, 0.00317951
1101, 24.4942, 6.692, 2.27643, 2.67302, 0.5, 0.013, 4, 3.92084, 5, 0.00254029, -0.0021664, 0.00847138, 0.000108019, 0.000382229
1011, 25.6492, 6.88285, 2.24327, 2.7603, 0.5, 0.013, 4, 4.00385, 5, 0.0124532, -0.00598297, 0.00764417, 0.000304623, 0.000277129
1110, 24.5427, 4.84977, 2.08534, 2.73897, 0.5, 0.013, 4, 3.97038, 5, 0.00480453, 0.00834821, 0.00779602, 7.31468e-05, 0.000106872
1000, 24.2545, 11.0702, 2.8888, 2.77236, 0.5, 0.013, 4, 4.00442, 5, 0.0152254, 0.00860166, 0.017362, 3.98256e-14, -2.07279e-13
1001, 26.0532, 9.36522, 2.60325, 2.89374, 0.5, 0.013, 4, 3.9985, 5, 0.0259937, 0.00693111, 0.00759249, -0.000387178, -9.59042e-05
1010, 24.5067, 9.18538, 2.29078, 2.6484, 0.5, 0.013, 4, 3.90518, 5, 0.00366717, 0.013543, 0.00808974, -0.0656737, -0.0512175

0101, 19.4618, 0.819765, -0.324339, 3.00763, 0.5, 0.013, 4, 3.92, 5, -0.0226202, 0.0177094, -0.0120674, -0.000962663, 0.000352108
0110, 22.8592, 3.24763, 2.31257, 3.08082, 0.5, 0.013, 4, 4.08991, 5, -0.0164352, 0.012349, 0.00372628, 0.000419266, -0.000659053
0100, 20.8626, 1.39225, -0.332382, 2.91585, 0.5, 0.013, 4, 3.9231, 5, -0.0257861, 0.00190789, -0.0269177, 0.00100881, 0.00114184
0001, 22.5796, 6.61579, 2.11329, 2.89743, 0.5, 0.013, 4, 4.0259, 5, -0.025087, 0.0233408, 0.00285849, -0.000348913, 0.000248505
0010, 23.1786, 4.51269, 2.53491, 2.95616, 0.5, 0.013, 4, 4.04163, 5, -0.00750227, 0.0108706, 0.00579013, -0.000222302, 7.88346e-05
0000, 22.4158, 8.60751, 2.33565, 2.84543, 0.5, 0.013, 4, 4.07224, 5, 0.000524889, 0.000541108, 0.0111773, -8.1678e-05, -0.000151528
1100, 23.3669, 9.11491, 2.27112, 2.99101, 0.5, 0.013, 4, 4.08382, 5, -0.00348852, 0.0150849, 0.00719887, 0.0508076, 0.0421024
0011, 24.9835, 2.33894, 2.27777, 2.8532, 0.5, 0.013, 4, 3.90166, 5, 0.0158262, -0.0112, 0.00509352, 0.0419405, 0.0303801
1111, 26.1614, 2.3717, 2.19919, 3.05987, 0.5, 0.013, 4, 4.01949, 5, 0.0263683, -0.0226712, 0.00341106, -0.0372989, -0.0273764
0111, 24.6666, 1.00261, 2.64284, 3.08837, 0.5, 0.013, 4, 4.07059, 5, -0.00785389, -0.00615003, 0.0103833, -0.000555637, 2.15925e-06
1101, 24.5067, 6.68657, 2.31704, 2.85254, 0.5, 0.013, 4, 3.92084, 5, 0.00223802, -6.70845e-06, 0.00771175, -4.91094e-05, 0.000506724
1011, 25.7132, 6.85882, 2.28229, 2.94568, 0.5, 0.013, 4, 4.00385, 5, 0.0127158, -0.00358244, 0.00785888, -3.13924e-05, 0.00056433
1110, 24.5662, 4.89209, 2.12571, 2.92291, 0.5, 0.013, 4, 3.97038, 5, 0.00451172, 0.00840495, 0.0081267, 5.58551e-05, 7.26335e-05
1000, 24.3306, 11.1132, 2.97561, 2.95855, 0.5, 0.013, 4, 4.00442, 5, 0.0152254, 0.00860166, 0.017362, 7.68135e-36, -3.99789e-35
1001, 26.1835, 9.40317, 2.63958, 3.08809, 0.5, 0.013, 4, 3.9985, 5, 0.0261745, 0.00829651, 0.00693919, 1.54254e-05, 0.000250573
1010, 24.5258, 9.24983, 2.33206, 2.82627, 0.5, 0.013, 4, 3.90518, 5, 0.004414, 0.0121971, 0.00790957, -0.0550322, -0.0467695

0101, 19.3368, 0.912894, -0.383162, 3.20962, 0.5, 0.013, 4, 3.92, 5, -0.0273245, 0.0195755, -0.0114941, -0.000887193, 0.000392506
0110, 22.7811, 3.31113, 2.33124, 3.28773, 0.5, 0.013, 4, 4.08991, 5, -0.0137208, 0.0094413, 0.00336388, 0.000159532, -0.000742224
0100, 20.7462, 1.4128, -0.464638, 3.11168, 0.5, 0.013, 4, 3.9231, 5, -0.0208599, 0.00570436, -0.025978, 0.000928364, 0.000416013
0001, 22.461, 6.73523, 2.12902, 3.09202, 0.5, 0.013, 4, 4.0259, 5, -0.0253367, 0.0241289, 0.00285385, -0.000565353, 0.000155807
0010, 23.1413, 4.57882, 2.56728, 3.15469, 0.5, 0.013, 4, 4.04163, 5, -0.00834313, 0.0127917, 0.00643262, -0.00151408, 0.000780654
0000, 22.3451, 8.67118, 2.38924, 3.03653, 0.5, 0.013, 4, 4.07224, 5, -0.0163626, 0.0139106, 0.0105902, 0.000159414, 0.000534946
1100, 23.3505, 9.17068, 2.30446, 3.19188, 0.5, 0.013, 4, 4.08382, 5, -0.00269797, 0.0102, 0.00679525, 0.0529342, 0.0476381
0011, 25.068, 2.3011, 2.30802, 3.04482, 0.5, 0.013, 4, 3.90166, 5, 0.0171111, -0.00794501, 0.0062933, 0.0701851, 0.0426627
1111, 26.3116, 2.27384, 2.21927, 3.26537, 0.5, 0.013, 4, 4.01949, 5, 0.0287015, -0.0213893, 0.00419256, -0.069132, -0.0535086
0111, 24.6054, 0.991287, 2.69989, 3.29578, 0.5, 0.013, 4, 4.07059, 5, -0.0122344, -0.00874684, 0.00855626, 0.0059797, 0.0059304
1101, 24.5953, 6.64901, 2.3501, 3.04411, 0.5, 0.013, 4, 3.92084, 5, 0.0173875, -0.00968528, 0.00631061, 0.0419534, 0.0383256
1011, 25.7589, 6.83782, 2.31747, 3.1435, 0.5, 0.013, 4, 4.00385, 5, 0.013081, -0.00103154, 0.00648529, -0.0390859, -0.037151
1110, 24.5981, 4.9496, 2.16023, 3.11921, 0.5, 0.013, 4, 3.97038, 5, 0.00568295, 0.0103112, 0.00746569, 0.000254858, 0.000633792
1000, 24.4067, 11.1563, 3.06242, 3.15724, 0.5, 0.013, 4, 4.00442, 5, 0.0152254, 0.00860166, 0.017362, 1.48154e-57, -7.71092e-57
1001, 26.3085, 9.44156, 2.67465, 3.29548, 0.5, 0.013, 4, 3.9985, 5, 0.0252534, 0.00843133, 0.00669828, 0.000313312, 0.000519932
1010, 24.5452, 9.29552, 2.36957, 3.01608, 0.5, 0.013, 4, 3.90518, 5, 0.00382966, 0.00969354, 0.00741461, -0.0576075, -0.0507392

0101, 19.1898, 1.01581, -0.439525, 3.42517, 0.5, 0.013, 4, 3.92, 5, -0.0313163, 0.0216178, -0.0110686, -0.000702812, 0.00042298
0110, 22.708, 3.35361, 2.34745, 3.50853, 0.5, 0.013, 4, 4.08991, 5, -0.0150284, 0.00726374, 0.0030343, -0.000114828, -0.000289321
0100, 20.6527, 1.44433, -0.592396, 3.32066, 0.5, 0.013, 4, 3.9231, 5, -0.0166855, 0.00652103, -0.025164, 0.000734481, -4.60645e-05
0001, 22.3276, 6.86073, 2.1425, 3.29968, 0.5, 0.013, 4, 4.0259, 5, -0.0276094, 0.0257818, 0.00257231, -0.000352916, 0.000267268
0010, 23.091, 4.64727, 2.60023, 3.36656, 0.5, 0.013, 4, 4.04163, 5, -0.0106961, 0.0140413, 0.00679645, -0.000498947, 0.00100783
0000, 22.2613, 8.74086, 2.44199, 3.24046, 0.5, 0.013, 4, 4.07224, 5, -0.0176345, 0.0133978, 0.0103635, -0.000452624, -0.00031434
1100, 23.3392, 9.22244, 2.33797, 3.40624, 0.5, 0.013, 4, 4.08382, 5, -0.00202449, 0.0101938, 0.006357, 0.0416352, 0.0398822
0011, 25.1474, 2.27377, 2.34265, 3.24931, 0.5, 0.013, 4, 3.90166, 5, 0.0140616, -0.00401569, 0.00676655, 0.170408, 0.136146
1111, 26.486, 2.18104, 2.24222, 3.48467, 0.5, 0.013, 4, 4.01949, 5, 0.0390503, -0.0163611, 0.00491014, -0.152507, -0.121935
0111, 24.5285, 0.982514, 2.74851, 3.51712, 0.5, 0.013, 4, 4.07059, 5, -0.0170396, -0.00864883, 0.00554799, -0.00106648, -0.131526
1101, 24.687, 6.60297, 2.3802, 3.24855, 0.5, 0.013, 4, 3.92084, 5, 0.019488, -0.00841445, 0.00572616, 0.0414623, 0.0407099
1011, 25.8283, 6.83994, 2.34939, 3.35462, 0.5, 0.013, 4, 4.00385, 5, 0.0139502, 0.00221488, 0.00617259, -0.0390478, -0.0377071
1110, 24.6264, 5.00394, 2.20009, 3.3287, 0.5, 0.013, 4, 3.97038, 5, 0.00593361, 0.0116274, 0.0081821, 4.64915e-05, 0.000692639
1000, 24.4829, 11.1993, 3.14923, 3.36928, 0.5, 0.013, 4, 4.00442, 5, 0.0152254, 0.00860166, 0.017362, 2.85752e-79, -1.48724e-78
1001, 26.4354, 9.48681, 2.70685, 3.5168, 0.5, 0.013, 4, 3.9985, 5, 0.025286, 0.0094569, 0.00623682, -7.52508e-05, 0.000109127
1010, 24.5648, 9.34176, 2.40692, 3.21863, 0.5, 0.013, 4, 3.90518, 5, 0.00432578, 0.00807787, 0.00751413, -0.0449759, -0.0439289

0101, 19.0253, 1.12929, -0.493974, 3.6552, 0.5, 0.013, 4, 3.92, 5, -0.0343471, 0.023794, -0.01072, -0.000512833, 0.000446648
0110, 22.63, 3.39026, 2.36093, 3.74416, 0.5, 0.013, 4, 4.08991, 5, -0.0156043, 0.00397901, 0.00305372, 0.000395727, -0.00010219
0100, 20.5776, 1.47515, -0.716694, 3.54367, 0.5, 0.013, 4, 3.9231, 5, -0.0135199, 0.00560699, -0.0245946, 0.000535331, -0.000290628
0001, 22.183, 7.00213, 2.15547, 3.52128, 0.5, 0.013, 4, 4.0259, 5, -0.0299098, 0.0267477, 0.00225251, 0.000873482, -0.000681492
0010, 23.0129, 4.74561, 2.64295, 3.59265, 0.5, 0.013, 4, 4.04163, 5, -0.00920717, 0.01084, 0.00643765, 0.000905887, -0.000231444
0000, 22.1672, 8.80392, 2.49249, 3.45808, 0.5, 0.013, 4, 4.07224, 5, -0.0202953, 0.0116533, 0.00974271, -0.00224997, -0.00209265
1100, 23.3034, 9.29494, 2.36743, 3.635, 0.5, 0.013, 4, 4.08382, 5, -0.0147287, 0.0186846, 0.00559665, 0.0431533, 0.044068
0011, 25.1929, 2.29964, 2.39008, 3.46753, 0.5, 0.013, 4, 3.90166, 5, 0.0129476, -0.00660915, 0.00635355, -0.00064096, 0.000304689
1111, 26.7942, 2.16613, 2.2698, 3.7187, 0.5, 0.013, 4, 4.01949, 5, 0.0372254, -0.0197583, 0.00461103, -0.000667657, 0.000631999
0111, 24.376, 1.02076, 2.80078, 3.75333, 0.5, 0.013, 4, 4.07059, 5, -0.0142721, -0.00796508, 0.00783022, -0.000144642, 0.000537854
1101, 24.7954, 6.57015, 2.40768, 3.46672, 0.5, 0.013, 4, 3.92084, 5, 0.0219903, -0.00689972, 0.00564109, 0.0225733, 0.0232394
1011, 25.928, 6.83581, 2.37755, 3.57991, 0.5, 0.013, 4, 4.00385, 5, 0.0259501, -0.00696926, 0.00524381, -0.0223427, -0.0235293
1110, 24.6567, 5.08079, 2.24323, 3.55225, 0.5, 0.013, 4, 3.97038, 5, 0.00604327, 0.0128981, 0.00816284, 0.000233253, 0.000385298
1000, 24.5589, 11.2435, 3.23575, 3.59556, 0.5, 0.013, 4, 4.00442, 5, 0.0144429, 0.0169835, 0.015764, -0.00261596, 0.0267413
1001, 26.5614, 9.53604, 2.73708, 3.75298, 0.5, 0.013, 4, 3.9985, 5, 0.0250914, 0.0101941, 0.00592142, -0.00237028, -0.00261161
1010, 24.5886, 9.37933, 2.44387, 3.43479, 0.5, 0.013, 4, 3.90518, 5, 0.0079238, 0.00125025, 0.00867031, -0.0391572, -0.0707055

0101, 18.8564, 1.25302, -0.546027, 3.90068, 0.5, 0.013, 4, 3.92, 5, -0.0227239, 0.0246719, -0.00928069, 0.00267546, 0.000149391
0110, 22.5506, 3.40185, 2.3783, 3.99561, 0.5, 0.013, 4, 4.08991, 5, -0.0162935, 0.000598637, 0.00390207, -4.56014e-05, -0.000459795
0100, 20.5071, 1.52992, -0.834004, 3.78166, 0.5, 0.013, 4, 3.9231, 5, -0.0256411, 0.036486, -0.0195659, -0.00279002, 0.000394656
0001, 22.0171, 7.1134, 2.17856, 3.75777, 0.5, 0.013, 4, 4.0259, 5, -0.0358392, 0.0201921, 0.00611877, -0.000641903, -0.000201946
0010, 22.9699, 4.78862, 2.67455, 3.83393, 0.5, 0.013, 4, 4.04163, 5, -0.0077272, 0.00648085, 0.00621771, 0.00052104, -0.000656715
0000, 22.0648, 8.87013, 2.53131, 3.69033, 0.5, 0.013, 4, 4.07224, 5, -0.0220106, 0.0131009, 0.00592637, -0.00233939, -0.00208974
1100, 23.226, 9.38691, 2.39614, 3.87912, 0.5, 0.013, 4, 4.08382, 5, -0.0191168, 0.0151631, 0.00645548, 0.135862, 0.149464
0011, 25.2543, 2.26529, 2.42144, 3.70041, 0.5, 0.013, 4, 3.90166, 5, 0.0116564, -0.00709396, 0.00611934, -0.000272582, 7.81796e-05
1111, 26.979, 2.06901, 2.29316, 3.96844, 0.5, 0.013, 4, 4.01949, 5, 0.0370504, -0.0194114, 0.00476013, 6.87755e-05, -8.77401e-06
0111, 24.3021, 0.985298, 2.84002, 4.0054, 0.5, 0.013, 4, 4.07059, 5, -0.0153096, -0.00631907, 0.00786189, -0.000168243, 0.000338489
1101, 24.9045, 6.53431, 2.43504, 3.69954, 0.5, 0.013, 4, 3.92084, 5, 0.0220709, -0.00727047, 0.00532274, 0.0142807, 0.0153242
1011, 26.0598, 6.79659, 2.40345, 3.82034, 0.5, 0.013, 4, 4.00385, 5, 0.027105, -0.00839312, 0.00504472, -0.0131088, -0.0148072
1110, 24.6844, 5.14613, 2.2846, 3.79082, 0.5, 0.013, 4, 3.97038, 5, 0.00524458, 0.0130098, 0.00829191, 1.23365e-05, -3.12901e-05
10011, 27.6255, 9.21136, 2.72059, 2.00986, 0.5, 0.013, 4, 4.01977, 5, 0.0222723, 0.00340897, 0.00588224, 0.0215815, -0.00788306
1000, 24.6205, 11.2975, 3.28487, 3.83703, 0.5, 0.013, 4, 4.00442, 5, 0.00990403, -0.00535526, 0.00124958, -0.00216244, 0.00875454
10010, 25.7647, 9.9443, 2.76992, 1.99517, 0.5, 0.013, 4, 3.9985, 5, 0.00678427, -0.00832795, 0.0345905, -0.0931858, -0.0855296
1010, 24.675, 9.35449, 2.49235, 3.66547, 0.5, 0.013, 4, 3.90518, 5, 0.0352381, -0.00206804, 0.00992467, -0.115563, -0.138926

01001, 19.7081, 2.49723, -0.960435, 2.04884, 0.5, 0.013, 4, 4.06155, 5, -0.0432774, 0.0250177, -0.0194635, -1.28612e-19, 1.56464e-13
01011, 17.8719, 1.85907, -0.650757, 2.05082, 0.5, 0.013, 4, 4.07954, 5, -0.0281109, 0.0183469, -0.00932077, 4.66168e-07, -1.46326e-07
01010, 19.6497, 0.900597, -0.805104, 2.11183, 0.5, 0.013, 4, 3.92, 5, -0.0127897, 0.031785, -0.0568138, -4.34481e-07, 0.000135613
01101, 23.3042, 2.64835, 2.36823, 2.15987, 0.5, 0.013, 4, 4.06759, 5, 0.00469353, 0.00650845, 0.00992075, -0.00280068, 0.000754225
01110, 23.268, 1.32321, 2.94227, 2.10751, 0.5, 0.013, 4, 4.07059, 5, -0.0401342, 0.00880983, 0.0230854, 0.0821756, -0.0456447
01000, 21.0088, 0.927961, -1.05054, 1.98679, 0.5, 0.013, 4, 3.9231, 5, -0.0136028, 0.0288701, -0.0720049, -6.56344e-09, -0.00078154
00101, 23.8681, 4.4252, 2.65461, 2.04438, 0.5, 0.013, 4, 3.90433, 5, 0.0186663, 0.0163467, 0.00723881, -0.00429027, -0.018514
01100, 21.7631, 4.11007, 2.38164, 2.10408, 0.5, 0.013, 4, 4.08991, 5, -0.0361495, 0.00159761, 0.0043496, -0.000158905, 0.00302722
0001, 21.8437, 7.23126, 2.20932, 4.01014, 0.5, 0.013, 4, 4.0259, 5, -0.0379757, 0.0383481, 0.00467748, 0.00841684, -0.0327765
00100, 22.016, 5.27235, 2.70831, 2.04703, 0.5, 0.013, 4, 4.04163, 5, -0.0125652, 0.00800303, 0.0171359, 0.00885573, 0.0516635
10100, 23.9764, 9.93019, 2.52509, 1.99209, 0.5, 0.013, 4, 3.90518, 5, 0.0828467, 0.00876985, -0.00979236, 2.49099, 1.61555
11001, 23.9394, 8.76393, 2.47146, 2.10351, 0.5, 0.013, 4, 3.96139, 5, -0.273364, -0.358581, 0.106235, 3.59215, 5.38368
10000, 23.6399, 11.2907, 3.54226, 2.05666, 0.5, 0.013, 4, 4.00442, 5, -0.156394, 0.459724, 0.0784229, 0.638075, -1.52912
0000, 21.9367, 8.98446, 2.56683, 3.93816, 0.5, 0.013, 4, 4.07224, 5, -0.0812889, -0.0489396, -0.0293621, -0.950611, -1.29958
11000, 22.3358, 10.0608, 2.40905, 2.03613, 0.5, 0.013, 4, 4.08382, 5, -0.0539024, 0.00996338, 0.00189928, -0.132864, -0.0436357
00111, 26.0401, 1.64326, 2.4168, 1.94778, 0.5, 0.013, 4, 4.0424, 5, 0.0095014, -0.0174722, 0.0136521, -0.155085, -0.230475
01111, 25.2782, 0.654418, 2.88195, 2.16688, 0.5, 0.013, 4, 3.92006, 5, -0.00830946, -0.0458417, 0.00432401, 0.0415455, 0.0474632
11111, 27.8533, 1.17221, 2.28075, 2.12214, 0.5, 0.013, 4, 3.99033, 5, 0.0458663, -0.0350881, 0.00445407, 0.0104962, -0.0108031
00110, 24.5056, 2.88432, 2.43849, 2.00114, 0.5, 0.013, 4, 3.90166, 5, 0.000194656, 0.00511495, -0.0187501, 0.00689079, 0.00445658
11110, 26.4114, 2.71329, 2.31299, 2.11281, 0.5, 0.013, 4, 4.01949, 5, 0.0319891, -0.0131923, 0.0136028, -0.00777972, 0.0185088
11011, 25.739, 5.83915, 2.42371, 1.92817, 0.5, 0.013, 4, 4.04161, 5, 0.0307043, -0.0342523, 0.00651864, -0.172149, 0.152921
10111, 27.0341, 6.09974, 2.41439, 2.06136, 0.5, 0.013, 4, 4.08566, 5, 0.0235193, -0.013706, 0.00516179, -0.000351046, 0.000249197
11101, 25.4209, 4.46126, 2.30738, 2.03857, 0.5, 0.013, 4, 3.92381, 5, 0.0327866, 0.0130275, 0.0104745, -0.0473049, 0.0825443
11010, 24.2221, 7.12637, 2.46433, 2.01983, 0.5, 0.013, 4, 3.92084, 5, 0.0419468, 0.00327257, -0.00033706, 0.0113765, -0.0471015
10110, 25.4564, 7.40006, 2.4473, 2.01555, 0.5, 0.013, 4, 4.00385, 5, 0.0388644, 0.00380738, 0.0160194, 0.294897, -0.312761
11100, 24.0261, 5.90992, 2.29942, 2.00684, 0.5, 0.013, 4, 3.97038, 5, -0.0175478, 0.0164118, -0.0115103, 0.0199946, -0.0361271
10101, 25.5834, 8.77796, 2.59933, 1.91955, 0.5, 0.013, 4, 3.94784, 5, -0.0549145, -0.321768, 0.0164612, 0.64636, 3.02129
10001, 25.65, 11.3511, 3.31385, 2.03806, 0.5, 0.013, 4, 3.95696, 5, 0.00919448, -0.00325313, -0.000978622, -5.87548e-06, 5.0124e-07
10011, 27.7685, 9.21726, 2.74955, 2.14484, 0.5, 0.013, 4, 4.01977, 5, 0.145218, -0.0455636, 0.00592944, 1.74384, -0.77575
10010, 25.808, 9.93783, 2.91591, 2.12917, 0.5, 0.013, 4, 3.9985, 5, 0.471504, 0.51761, -0.00324201, -6.13029, -3.28732

01001, 19.6107, 2.73408, -1.01678, 2.18644, 0.5, 0.013, 4, 4.06155, 5, -0.0113404, 0.0527649, -0.00859595, 0.000136019, -0.0010227
01011, 17.7184, 1.9517, -0.699228, 2.18855, 0.5, 0.013, 4, 4.07954, 5, -0.0302438, 0.0183488, -0.00966441, 0.00206851, -6.91687e-05
01010, 19.4856, 1.04248, -1.04652, 2.25366, 0.5, 0.013, 4, 3.92, 5, -0.040927, 0.0274163, -0.0469513, -0.00208968, -0.000186543
01101, 23.3093, 2.67756, 2.41335, 2.30493, 0.5, 0.013, 4, 4.06759, 5, -0.000258829, 0.00429246, 0.00837097, -0.000359365, -0.000425913
01110, 23.06, 1.32283, 3.04158, 2.24905, 0.5, 0.013, 4, 4.07059, 5, -0.0234167, -0.00771395, 0.0165547, -9.40778e-05, -0.000544058
01000, 20.9408, 1.05458, -1.43158, 2.12022, 0.5, 0.013, 4, 3.9231, 5, -0.0136028, 0.0199367, -0.080714, 1.06368e-13, -0.00298066
11100, 23.9431, 5.95783, 2.24156, 2.14161, 0.5, 0.013, 4, 3.97038, 5, -0.00987347, 0.00485958, -0.0121122, -0.00112955, -0.000763409
00011, 22.2486, 6.47131, 2.3675, 2.12883, 0.5, 0.013, 4, 4.07245, 5, -0.0305037, 0.00528714, 0.0288587, -0.00382197, 0.00463971
00101, 23.9518, 4.50316, 2.68958, 2.18168, 0.5, 0.013, 4, 3.90433, 5, 0.0160237, 0.0140189, 0.00634819, -0.0019205, -0.00193379
01100, 21.5796, 4.13906, 2.40134, 2.24539, 0.5, 0.013, 4, 4.08991, 5, -0.0372245, 0.0057141, 0.00438071, 0.00089885, 0.00161462
00100, 21.9308, 5.30022, 2.77124, 2.18451, 0.5, 0.013, 4, 4.04163, 5, -0.0173831, 0.0058726, 0.00866286, 0.00103809, 0.00250814
00001, 22.6871, 8.47046, 2.59116, 2.13648, 0.5, 0.013, 4, 4.06284, 5, -0.0265244, 0.0215375, -0.00349414, 0.0048903, 0.00167532
00010, 21.0101, 8.03714, 1.65617, 2.15062, 0.5, 0.013, 4, 4.0259, 5, -0.0347672, -0.0505499, -0.133638, 0.0288212, 0.0099411
11001, 23.8927, 8.85076, 2.52961, 2.24478, 0.5, 0.013, 4, 3.96139, 5, -0.0131508, 0.0134034, 0.00094425, 0.00289991, 0.00346287
10000, 23.4856, 11.09, 3.89916, 2.19479, 0.5, 0.013, 4, 4.00442, 5, 0.0394526, -0.032883, 0.0530875, -0.0114682, -0.00388119
00000, 20.9749, 9.62107, 2.84962, 2.06616, 0.5, 0.013, 4, 4.07224, 5, -0.0843579, -0.0199308, 0.105451, -0.0139711, 0.00129772
11000, 22.1419, 10.1819, 2.44014, 2.17288, 0.5, 0.013, 4, 4.08382, 5, -0.0424497, 0.0213318, -0.0225464, -0.00146933, -0.00317834
00111, 26.1713, 1.60677, 2.5117, 2.07859, 0.5, 0.013, 4, 4.0424, 5, 0.0151848, -0.0224181, 0.0120606, 0.000672585, -0.000367085
01111, 25.2169, 0.705793, 2.97494, 2.31241, 0.5, 0.013, 4, 3.92006, 5, -0.00422484, -0.0194308, 0.0111535, -0.000850377, -0.000332132
00110, 24.5282, 2.91661, 2.35414, 2.13553, 0.5, 0.013, 4, 3.90166, 5, 0.00488522, 0.00659639, -0.0155518, 8.00631e-05, 0.00110946
11110, 26.5292, 2.70215, 2.35595, 2.25471, 0.5, 0.013, 4, 4.01949, 5, 0.00736474, -0.0113311, 0.00161567, 9.91241e-05, 9.77728e-05
11011, 25.8716, 5.68285, 2.45756, 2.05767, 0.5, 0.013, 4, 4.04161, 5, 0.0168066, -0.0183927, 0.00620126, 0.0362481, 0.0456392
10111, 27.1767, 6.00897, 2.4403, 2.1998, 0.5, 0.013, 4, 4.08566, 5, 0.0298372, -0.0198693, 0.00531388, -0.000803748, 0.000499071
11101, 25.5528, 4.56384, 2.33432, 2.17548, 0.5, 0.013, 4, 3.92381, 5, 0.0256148, 0.0147963, 0.00410659, -0.0306347, -0.0366964
11010, 24.3154, 7.09712, 2.47139, 2.15548, 0.5, 0.013, 4, 3.92084, 5, 0.00123985, 0.00898502, -0.000173901, -0.00309483, 0.00210758
10110, 25.541, 7.43025, 2.52231, 2.15091, 0.5, 0.013, 4, 4.00385, 5, 0.0185337, 0.00676179, 0.014444, 0.000201668, 0.000874804
10100, 24.3236, 9.78135, 2.49706, 2.12588, 0.5, 0.013, 4, 3.90518, 5, 0.0764789, -0.0457987, -0.000659525, 0.0057238, 0.00517549
10101, 25.9112, 8.48103, 2.65605, 2.04846, 0.5, 0.013, 4, 3.94784, 5, 0.0720613, -0.0821831, 0.0174052, -0.00358964, -0.00120011
10001, 25.696, 11.3348, 3.30896, 2.17494, 0.5, 0.013, 4, 3.95696, 5, 0.00919389, -0.00325308, -0.000978622, -1.13323e-27, 9.66767e-29
10011, 27.982, 9.177, 2.78286, 2.28888, 0.5, 0.013, 4, 4.01977, 5, 0.0272356, -0.000398168, 0.00638332, -0.0021813, 0.00177622
10010, 26.0168, 10.1529, 3.03322, 2.27216, 0.5, 0.013, 4, 3.9985, 5, 0.0258817, 0.0214048, 0.0244593, -0.00281075, -0.00227163
11111, 28.0468, 1.03128, 2.30429, 2.26466, 0.5, 0.013, 4, 3.99033, 5, 0.0358676, -0.0252518, 0.00475807, -2.74839e-05, 5.17512e-05

01001, 19.5605, 2.98981, -1.05695, 2.33328, 0.5, 0.013, 4, 4.06155, 5, -0.00836524, 0.0500284, -0.00735897, 0.000615794, -0.000380174
01011, 17.5754, 2.04351, -0.746404, 2.33553, 0.5, 0.013, 4, 4.07954, 5, -0.0284339, 0.0183672, -0.00941329, 2.29397e-21, 1.1682e-22
01010, 19.2671, 1.17479, -1.28967, 2.40501, 0.5, 0.013, 4, 3.92, 5, -0.0454631, 0.0248877, -0.0506067, -0.000584327, -0.000923319
01101, 23.2843, 2.67968, 2.44767, 2.45973, 0.5, 0.013, 4, 4.06759, 5, -0.00807449, -0.00209886, 0.00606913, -0.000890602, -0.000523675
01110, 22.9375, 1.26366, 3.11793, 2.40009, 0.5, 0.013, 4, 4.07059, 5, -0.0253544, -0.0148758, 0.014277, 3.73352e-05, -0.000395108
01000, 20.8728, 1.10811, -1.8563, 2.26261, 0.5, 0.013, 4, 3.9231, 5, -0.0136028, -0.00326656, -0.0844448, 1.47365e-14, -0.630816
11100, 23.8593, 5.98916, 2.23454, 2.28544, 0.5, 0.013, 4, 3.97038, 5, -0.0225774, 0.00984188, 0.0078348, -0.00228069, -0.00436297
00011, 22.0012, 6.5556, 2.51548, 2.2718, 0.5, 0.013, 4, 4.07245, 5, -0.0616789, 0.0233172, 0.0311361, -0.0034401, -0.000826817
01100, 21.3993, 4.19168, 2.42048, 2.39618, 0.5, 0.013, 4, 4.08991, 5, -0.0353695, 0.0148654, 0.00360344, -0.000382146, 0.000699081
00100, 21.8431, 5.36668, 2.81682, 2.33122, 0.5, 0.013, 4, 4.04163, 5, -0.0148396, 0.0187958, 0.0104322, 6.9115e-05, 0.000191123
00010, 20.8662, 8.03195, 0.990875, 2.29506, 0.5, 0.013, 4, 4.0259, 5, -0.0777906, 0.0268842, -0.119204, -0.0351354, -0.0113788
00001, 22.6748, 8.56378, 2.5731, 2.27997, 0.5, 0.013, 4, 4.06284, 5, -0.00845404, -0.0102991, -0.0231714, -0.0498781, -0.0279458
11001, 23.8643, 8.93205, 2.54226, 2.39553, 0.5, 0.013, 4, 3.96139, 5, 0.0272034, -0.0361113, 0.0242357, 0.0203305, -0.0122481
10000, 23.53, 10.893, 4.27366, 2.34219, 0.5, 0.013, 4, 4.00442, 5, -0.018007, -0.0309542, 0.0613899, -0.00212526, 0.00794639
00000, 20.6302, 9.43467, 3.44395, 2.20492, 0.5, 0.013, 4, 4.07224, 5, -0.0259897, -0.0489316, 0.124891, -0.00287341, -0.0071052
11000, 21.8811, 10.3414, 2.35935, 2.31881, 0.5, 0.013, 4, 4.08382, 5, -0.0496573, 0.0413768, -0.000407777, 0.0369435, -0.0392515
00111, 26.2622, 1.48707, 2.57199, 2.21819, 0.5, 0.013, 4, 4.0424, 5, 0.0212154, -0.0252202, 0.0121143, -6.36276e-05, -0.00202754
01111, 25.1879, 0.605107, 3.03133, 2.46771, 0.5, 0.013, 4, 3.92006, 5, -0.00741608, -0.0207446, 0.0113179, -0.000695672, 0.000135532
00110, 24.5445, 2.91479, 2.3035, 2.27896, 0.5, 0.013, 4, 3.90166, 5, 0.00300854, -0.00457372, -0.00638355, -0.000603449, -0.00287928
11110, 26.5289, 2.67355, 2.36556, 2.40613, 0.5, 0.013, 4, 4.01949, 5, -0.000234149, -0.00698109, 0.00176962, 0.00575894, 0.00124686
00101, 24.0008, 4.51489, 2.73314, 2.3282, 0.5, 0.013, 4, 3.90433, 5, 0.00776843, -0.00398084, 0.0115407, -0.00334761, -0.00409776
11011, 26.0777, 5.6369, 2.47828, 2.19586, 0.5, 0.013, 4, 4.04161, 5, 0.0539835, -0.0277827, 0.00145792, 0.0125224, -0.0129292
10111, 27.3168, 5.92096, 2.46617, 2.34754, 0.5, 0.013, 4, 4.08566, 5, 0.0438952, -0.0225145, 0.00395147, 0.0870093, -0.0807674
11101, 25.6455, 4.62315, 2.36666, 2.32158, 0.5, 0.013, 4, 3.92381, 5, 0.0129547, 0.0111579, 0.00824252, -0.00259064, -0.00915867
11010, 24.3457, 7.05399, 2.46276, 2.30023, 0.5, 0.013, 4, 3.92084, 5, 0.0195764, -0.0280741, -0.00112683, 0.00530322, 0.000579473
10110, 25.5954, 7.4302, 2.60172, 2.29536, 0.5, 0.013, 4, 4.00385, 5, 0.0403607, -0.0253428, 0.019829, 0.00667309, 0.0101176
10100, 24.6966, 9.6226, 2.45616, 2.26865, 0.5, 0.013, 4, 3.90518, 5, 0.0470039, -0.0151684, -0.0156197, -0.0300576, 0.0168301
10101, 26.3516, 8.20623, 2.70716, 2.18603, 0.5, 0.013, 4, 3.94784, 5, 0.0694903, -0.0401287, 0.00933809, -0.0365526, 0.0145296
10001, 25.7409, 11.3246, 3.30296, 2.321, 0.5, 0.013, 4, 3.95696, 5, 0.00803872, 0.00385387, -0.00202067, 0.00141339, -0.00859411
10010, 26.1775, 10.2738, 3.14698, 2.42476, 0.5, 0.013, 4, 3.9985, 5, 0.0368322, 0.0206719, 0.0232449, -0.00867101, -0.00213645
11111, 28.2622, 1.00431, 2.35151, 2.41676, 0.5, 0.013, 4, 3.99033, 5, 0.0429462, 0.0447511, 0.0275631, -0.00464842, -0.727926
10011, 28.1072, 9.18498, 2.81359, 2.4426, 0.5, 0.013, 4, 4.01977, 5, 0.0244914, 0.00213353, 0.00607942, -3.0567e-15, 3.50993e-15

01001, 19.5249, 3.23636, -1.09074, 2.48998, 0.5, 0.013, 4, 4.06155, 5, -0.00628677, 0.0488735, -0.00622276, 0.000126882, -4.89508e-05
01011, 17.4332, 2.13535, -0.79347, 2.49238, 0.5, 0.013, 4, 4.07954, 5, -0.0284339, 0.0183672, -0.00941329, 4.42449e-43, 2.25317e-44
01010, 19.0339, 1.28306, -1.55429, 2.56653, 0.5, 0.013, 4, 3.92, 5, -0.0474372, 0.0174088, -0.0553522, -0.000120676, -0.00213671
01101, 23.2329, 2.66861, 2.47791, 2.62492, 0.5, 0.013, 4, 4.06759, 5, -0.0121768, -0.00184836, 0.00620519, 0.0011735, 0.000227185
01110, 22.8281, 1.17012, 3.20341, 2.56128, 0.5, 0.013, 4, 4.07059, 5, -0.00256343, -0.0295826, 0.0242344, -0.0215778, 0.0258467
01000, 20.7295, 1.06942, -2.2816, 2.41456, 0.5, 0.013, 4, 3.9231, 5, -0.066477, -0.031325, -0.0714082, 0.0182654, -0.0103644
00010, 20.5942, 7.99577, 0.346493, 2.44919, 0.5, 0.013, 4, 4.0259, 5, 0.0274849, -0.0387866, -0.136251, 0.0369956, 0.0115064
11100, 23.7495, 6.04057, 2.26714, 2.43893, 0.5, 0.013, 4, 3.97038, 5, -0.0212192, 0.013784, 0.00467368, -0.00351457, -0.00274232
00011, 21.6845, 6.66739, 2.67279, 2.42437, 0.5, 0.013, 4, 4.07245, 5, -0.0616248, 0.0208184, 0.031966, 0.000601171, -0.000916104
01100, 21.2157, 4.27851, 2.44138, 2.55711, 0.5, 0.013, 4, 4.08991, 5, -0.0385604, 0.0212104, 0.00458968, 0.00214403, -0.000201608
00100, 21.7766, 5.46824, 2.87519, 2.48778, 0.5, 0.013, 4, 4.04163, 5, -0.009999, 0.0222147, 0.0133235, 0.00131141, 0.000642135
00001, 22.4796, 8.4586, 2.38204, 2.43309, 0.5, 0.013, 4, 4.06284, 5, -0.0540682, -0.0155627, -0.0282037, -0.0015494, 0.00279662
11001, 23.9958, 8.72317, 2.72196, 2.55642, 0.5, 0.013, 4, 3.96139, 5, 0.0107035, -0.0316185, 0.0343066, -0.00978699, 0.0148322
10000, 23.41, 10.7525, 4.64012, 2.49949, 0.5, 0.013, 4, 4.00442, 5, -0.0265448, -0.0220544, 0.104381, -0.00689032, 0.00720224
00000, 20.4818, 9.37418, 4.03765, 2.35301, 0.5, 0.013, 4, 4.07224, 5, -0.0387461, 0.0411415, 0.109183, 0.0012221, 0.0132554
11000, 21.7697, 10.4581, 2.38107, 2.47454, 0.5, 0.013, 4, 4.08382, 5, -0.0133095, 0.0221528, 0.00674056, 0.00357356, 0.0037567
00111, 26.4058, 1.38881, 2.63223, 2.36716, 0.5, 0.013, 4, 4.0424, 5, 0.0325196, -0.0176786, 0.0118292, 0.0344839, 0.0675373
01111, 25.1511, 0.525702, 3.11053, 2.63344, 0.5, 0.013, 4, 3.92006, 5, 0.00109598, -0.019498, 0.0166348, -0.00559166, -0.41231
00110, 24.5609, 2.88143, 2.28406, 2.43201, 0.5, 0.013, 4, 3.90166, 5, 0.00569907, -0.00628508, -0.00227791, -0.00415425, -0.00716537
11110, 26.5318, 2.68197, 2.38076, 2.56773, 0.5, 0.013, 4, 4.01949, 5, 0.00371983, 0.00527844, 0.00332936, -0.0190996, -0.0326643
00101, 24.0349, 4.4958, 2.78206, 2.48456, 0.5, 0.013, 4, 3.90433, 5, 0.00798511, -0.000830964, 0.00878077, -0.000830831, -0.00221455
11011, 26.3086, 5.51812, 2.46156, 2.34333, 0.5, 0.013, 4, 4.04161, 5, 0.0295067, -0.00975565, -0.00522569, -0.00217952, 0.00153256
10111, 27.674, 5.71084, 2.48275, 2.50519, 0.5, 0.013, 4, 4.08566, 5, 0.0603051, -0.0326772, 0.00321469, -0.000127333, -0.000575176
11101, 25.7148, 4.67826, 2.41178, 2.47749, 0.5, 0.013, 4, 3.92381, 5, 0.0152196, 0.01402, 0.00912382, 0.000257562, 0.00105507
11010, 24.3923, 6.95447, 2.43468, 2.45472, 0.5, 0.013, 4, 3.92084, 5, -0.0096162, -0.00454485, -0.00689295, -0.0165286, -0.00503572
10110, 25.8719, 7.2805, 2.74473, 2.44951, 0.5, 0.013, 4, 4.00385, 5, 0.0368322, -0.0239859, 0.0215462, -0.0216688, 0.0166019
10100, 24.8696, 9.61396, 2.39064, 2.42101, 0.5, 0.013, 4, 3.90518, 5, 0.0389187, 0.00238179, -0.0153495, -0.00462601, 0.0104624
10101, 26.5687, 8.05888, 2.75681, 2.33285, 0.5, 0.013, 4, 3.94784, 5, 0.0418826, -0.0186444, 0.0156475, 0.0226799, 0.0148209
10001, 25.7829, 11.3338, 3.29427, 2.47688, 0.5, 0.013, 4, 3.95696, 5, 0.0082099, 0.00313609, -0.00182664, -4.4452e-05, 0.00036013
10010, 26.3722, 10.3892, 3.26062, 2.5876, 0.5, 0.013, 4, 3.9985, 5, 0.0454546, 0.0268794, 0.0220761, 0.00318607, 0.00199067
11111, 28.4906, 1.02788, 2.40935, 2.57906, 0.5, 0.013, 4, 3.99033, 5, 0.0449884, -0.000842606, 0.00820705, 0.000489579, -0.243822
10011, 28.2296, 9.19565, 2.84399, 2.60665, 0.5, 0.013, 4, 4.01977, 5, 0.0244914, 0.00213353, 0.00607942, -5.8956e-37, 6.76977e-37

01001, 19.5363, 3.50358, -1.10916, 2.65721, 0.5, 0.013, 4, 4.06155, 5, -0.0149288, 0.0423767, -0.00815791, -0.0229744, -0.0106199
01011, 17.25, 2.23742, -0.845991, 2.65977, 0.5, 0.013, 4, 4.07954, 5, -0.0331821, 0.0195663, -0.00966336, 0.0388804, -0.00984782
01010, 18.7951, 1.45866, -1.84201, 2.7389, 0.5, 0.013, 4, 3.92, 5, -0.0346686, -0.0434917, -0.0585595, -0.0152145, 0.00736409
01101, 23.1657, 2.68921, 2.51605, 2.80121, 0.5, 0.013, 4, 4.06759, 5, -0.0162892, 0.00633445, 0.00814269, -0.000920281, 0.000130461
01110, 22.7633, 1.04381, 3.34865, 2.7333, 0.5, 0.013, 4, 4.07059, 5, -0.0191029, -0.0255643, 0.0316255, -0.000166696, -0.000787027
01000, 20.3569, 0.930075, -2.62699, 2.57672, 0.5, 0.013, 4, 3.9231, 5, -0.077888, -0.027457, -0.0689485, 0.000685415, -0.00120299
00010, 20.7706, 7.87067, -0.24095, 2.61367, 0.5, 0.013, 4, 4.0259, 5, 0.0190826, -0.0246493, -0.112194, -0.00865531, 0.00493121
11100, 23.6504, 6.11542, 2.28794, 2.60272, 0.5, 0.013, 4, 3.97038, 5, -0.0196198, 0.016764, 0.00356767, 0.000105316, 0.000126992
00011, 21.3805, 6.67849, 2.87944, 2.58719, 0.5, 0.013, 4, 4.07245, 5, -0.0650262, 0.0096385, 0.0367071, 0.000442684, 0.00786798
01100, 20.9997, 4.38963, 2.47088, 2.72884, 0.5, 0.013, 4, 4.08991, 5, -0.0435228, 0.02901, 0.00548946, 0.00204599, 0.00408907
00100, 21.732, 5.54738, 2.94088, 2.65486, 0.5, 0.013, 4, 4.04163, 5, -0.00523082, 0.0200847, 0.0160719, 0.00258411, 0.00428134
11001, 23.9922, 8.72266, 2.80705, 2.7281, 0.5, 0.013, 4, 3.96139, 5, -0.00358209, 0.008424, 0.00896677, -5.18487e-05, -0.000180113
00001, 22.3039, 8.48998, 2.30543, 2.59649, 0.5, 0.013, 4, 4.06284, 5, -0.0278774, 0.0165089, -0.0124558, -0.000568784, -0.000711765
10000, 23.2156, 10.7115, 5.17091, 2.66735, 0.5, 0.013, 4, 4.00442, 5, -0.0444143, -0.0077522, 0.10288, 0.00047662, -0.00128873
00000, 20.343, 9.75216, 4.61016, 2.51103, 0.5, 0.013, 4, 4.07224, 5, 0.005628, 0.0727828, 0.12703, 0.0162212, -0.0128924
11000, 21.7569, 10.6264, 2.40034, 2.64072, 0.5, 0.013, 4, 4.08382, 5, -0.00752639, 0.0277368, 0.00490093, -0.00914108, -0.00947744
00111, 26.5989, 1.34129, 2.67411, 2.52614, 0.5, 0.013, 4, 4.0424, 5, 0.0411684, -0.00796932, 0.0049174, 0.00109662, -0.000515926
01111, 25.1805, 0.499921, 3.14159, 2.8103, 0.5, 0.013, 4, 3.92006, 5, 0.00607136, 2.57971e-06, -4.50423e-05, -0.00100164, -0.00227311
00110, 24.5899, 2.86363, 2.279, 2.59534, 0.5, 0.013, 4, 3.90166, 5, 0.0058271, -0.0024845, 0.000667209, 0.000527218, -0.000300939
11110, 26.5704, 2.72319, 2.40808, 2.74017, 0.5, 0.013, 4, 4.01949, 5, 0.0113019, 0.00775442, 0.00611186, -0.000375437, -0.00016277
10101, 26.7908, 7.99445, 2.83694, 2.48952, 0.5, 0.013, 4, 3.94784, 5, 0.0413062, -0.00843117, 0.0150789, -0.00072295, 0.00137753
00101, 24.0907, 4.49595, 2.82524, 2.65142, 0.5, 0.013, 4, 3.90433, 5, 0.0100995, 0.00224993, 0.00744968, -0.00197841, 0.00124393
11011, 26.4665, 5.47919, 2.45083, 2.5007, 0.5, 0.013, 4, 4.04161, 5, 0.0342874, -0.00355986, 0.00370069, 0.223198, 0.260927
10111, 27.9033, 5.62631, 2.49397, 2.67344, 0.5, 0.013, 4, 4.08566, 5, 0.0429428, -0.00801648, 0.000954516, 0.000735924, -0.000152904
11101, 25.7901, 4.75976, 2.44527, 2.64388, 0.5, 0.013, 4, 3.92381, 5, 0.0140679, 0.0150196, 0.000934379, -0.203506, -0.237933
11010, 24.3481, 6.94717, 2.40086, 2.61957, 0.5, 0.013, 4, 3.92084, 5, -0.00728866, -0.00158242, -0.00593703, -0.000675268, -0.000130509
10110, 25.9523, 7.24922, 2.80211, 2.61402, 0.5, 0.013, 4, 4.00385, 5, 0.0081711, -0.000461934, 0.00807752, -0.000381539, 2.561e-05
10100, 25.0475, 9.66683, 2.29551, 2.58361, 0.5, 0.013, 4, 3.90518, 5, 0.032019, 0.0145142, -0.0203362, -3.17175e-07, 0.00212041
10001, 25.8115, 11.3752, 3.29416, 2.64322, 0.5, 0.013, 4, 3.95696, 5, 0.000984568, -0.00198779, -0.000768463, -0.000247973, -4.55239e-05
10010, 26.6553, 10.4949, 3.36218, 2.76138, 0.5, 0.013, 4, 3.9985, 5, 0.069207, 0.00739376, 0.0182136, 0.00118855, 0.000942064
11111, 28.739, 1.05474, 2.45593, 2.75227, 0.5, 0.013, 4, 3.99033, 5, 0.0543462, 0.00710094, 0.00623335, -0.000277614, -6.52459e-06
10011, 28.3521, 9.20632, 2.87438, 2.78171, 0.5, 0.013, 4, 4.01977, 5, 0.0244914, 0.00213353, 0.00607942, -1.13711e-58, 1.30572e-58

01001, 19.4099, 3.6911, -1.15979, 2.83566, 0.5, 0.013, 4, 4.06155, 5, -0.0298103, 0.0346833, -0.0112161, -4.5855e-10, -3.98719e-10
01011, 17.0239, 2.37144, -0.902563, 2.83839, 0.5, 0.013, 4, 4.07954, 5, -0.0551299, 0.0352743, -0.0119938, 0.000459165, 0.00190674
01010, 18.5561, 1.31297, -2.15669, 2.92284, 0.5, 0.013, 4, 3.92, 5, -0.0540102, -0.0171753, -0.0635897, 0.00107676, 0.00183527
01101, 23.0792, 2.72258, 2.55933, 2.98933, 0.5, 0.013, 4, 4.06759, 5, -0.0194148, 0.00580732, 0.00870666, -0.000413196, -0.000765394
01110, 22.7102, 0.884468, 3.53169, 2.91686, 0.5, 0.013, 4, 4.07059, 5, -0.00674639, -0.0383836, 0.0403785, -0.000440007, -0.00100681
01000, 20.0725, 0.722779, -2.92728, 2.74977, 0.5, 0.013, 4, 3.9231, 5, -0.0464571, -0.0581935, -0.0549905, -0.000189076, -0.00667291
11100, 23.556, 6.19338, 2.30019, 2.77752, 0.5, 0.013, 4, 3.97038, 5, -0.0108635, -0.00821777, 0.00475108, 0.0809193, -0.307165
00011, 21.024, 6.59441, 3.02723, 2.76095, 0.5, 0.013, 4, 4.07245, 5, -0.0705067, -0.0144724, 0.0264618, -0.0188411, -0.259146
01100, 20.7215, 4.47126, 2.51272, 2.91211, 0.5, 0.013, 4, 4.08991, 5, -0.0628643, 0.0107858, 0.00829423, 0.00066388, 0.00130573
00100, 21.7076, 5.55726, 3.05977, 2.83315, 0.5, 0.013, 4, 4.04163, 5, -0.00239568, -0.000541702, 0.0276865, 0.0215521, 0.254836
00010, 20.8051, 8.09995, -0.699851, 2.78921, 0.5, 0.013, 4, 4.0259, 5, -0.0204392, 0.0641901, -0.0849646, -0.0106614, -0.0109019
11001, 23.9514, 8.73552, 2.82449, 2.91132, 0.5, 0.013, 4, 3.96139, 5, -0.0171652, -0.00984603, -0.0112799, 0.835577, 0.686059
00001, 22.21, 8.52575, 2.20209, 2.77087, 0.5, 0.013, 4, 4.06284, 5, -0.0816475, -0.0902421, -0.0282937, 0.0518134, 0.200388
10000, 22.9574, 10.7808, 5.6231, 2.84648, 0.5, 0.013, 4, 4.00442, 5, -0.0526948, 0.136618, 0.0594646, 0.812306, -0.106785
00000, 20.3036, 10.1425, 5.26086, 2.67967, 0.5, 0.013, 4, 4.07224, 5, -0.0950835, 0.101154, 0.11967, -0.172579, 0.0691751
11000, 21.5798, 10.6342, 2.41692, 2.81807, 0.5, 0.013, 4, 4.08382, 5, -0.0935344, -0.0555387, 0.0232767, 0.17898, 0.199793
00111, 26.8268, 1.29946, 2.69217, 2.69579, 0.5, 0.013, 4, 4.0424, 5, 0.0515964, -0.00929933, 0.00235288, 0.00148215, -0.000664015
01111, 25.2257, 0.499896, 3.14159, 2.99903, 0.5, 0.013, 4, 3.92006, 5, 0.0109392, 3.52722e-06, -2.7888e-05, -0.00116218, 0.00089325
00110, 24.63, 2.83987, 2.29085, 2.76964, 0.5, 0.013, 4, 3.90166, 5, 0.0104003, -0.00885495, 0.00492574, 0.000323609, -0.002568
11110, 26.6235, 2.7653, 2.43973, 2.9242, 0.5, 0.013, 4, 4.01949, 5, 0.0101795, 0.00945049, 0.00662849, -0.000709537, 0.000112731
10101, 27.1386, 7.9136, 2.90417, 2.65671, 0.5, 0.013, 4, 3.94784, 5, 0.246028, -0.0661019, 0.0182067, -1.79422, -0.0468052
00101, 24.1563, 4.49123, 2.85621, 2.82949, 0.5, 0.013, 4, 3.90433, 5, 0.00940869, -0.00441423, 0.00231762, -0.0129012, -0.0184116
11011, 26.6356, 5.45727, 2.47092, 2.66865, 0.5, 0.013, 4, 4.04161, 5, 0.0286043, -0.0105849, 0.00567664, -0.0489246, -0.0604151
11101, 25.9081, 4.78513, 2.45789, 2.82144, 0.5, 0.013, 4, 3.92381, 5, 0.0536385, -0.0321183, 0.00820341, 0.0680384, -0.0771451
11010, 24.3224, 6.93293, 2.37121, 2.7955, 0.5, 0.013, 4, 3.92084, 5, -0.0575791, -0.0522185, -0.00920557, -0.0923728, 0.0901318
10110, 25.9938, 7.20918, 2.83295, 2.78958, 0.5, 0.013, 4, 4.00385, 5, 0.020487, 0.00598331, -0.00695787, 0.50618, 1.80174
10100, 25.2085, 9.59133, 2.243, 2.75712, 0.5, 0.013, 4, 3.90518, 5, -0.00543444, 0.124775, -0.0365139, -0.0241038, -1.21449
10001, 25.7659, 11.3122, 3.10713, 2.82074, 0.5, 0.013, 4, 3.95696, 5, -0.0217121, 0.125972, -0.0090429, 0.286043, -1.28316
10010, 27.1386, 10.1965, 3.47115, 2.94683, 0.5, 0.013, 4, 3.9985, 5, 0.109088, 0.216509, 0.0164109, 0.0353957, -1.52112
11111, 29.0084, 1.09035, 2.48611, 2.93711, 0.5, 0.013, 4, 3.99033, 5, 0.0534487, 0.0071852, 0.00580065, -0.000668492, -0.000257814
10111, 28.1308, 5.56951, 2.49956, 2.85299, 0.5, 0.013, 4, 4.08566, 5, 0.0800623, -0.0584905, 0.00509883, 0.0896997, -0.0743577
10011, 28.5268, 9.06102, 2.94041, 2.96852, 0.5, 0.013, 4, 4.01977, 5, 0.119955, -0.281398, 0.00825805, -0.942556, 2.79928

