1, 23.5, 4.75, 0, 2, 0.5, 0.0013, 6, 5.83833, 5, 0, 0, 0, 0, 0
0, 23.5, 5.5, 0, 2, 0.5, 0.026, 4, 3.84485, 5, 0, 0, 0, 0, 0

1, 23.5, 4.62498, 0, 2.01304, 0.5, 0.0013, 6, 5.83833, 5, 0, 0, 0, 0, 0
0, 23.5, 5.62498, 0, 2.27766, 0.5, 0.026, 4, 3.84485, 5, 0, 0, 0, 0, 0

1, 23.5, 4.62498, 0, 2.02617, 0.5, 0.0013, 6, 5.83833, 5, 0, 0, 0, 0, 0
0, 23.5, 5.62498, 0, 2.59386, 0.5, 0.026, 4, 3.84485, 5, 0, 0, 0, 0, 0

1, 23.5, 4.62498, 0, 2.03938, 0.5, 0.0013, 6, 5.83833, 5, 0, 0, 0, 0, 0
0, 23.5, 5.62498, 0, 2.95396, 0.5, 0.026, 4, 3.84485, 5, 0, 0, 0, 0, 0

1, 23.5, 4.62498, 0, 2.05268, 0.5, 0.0013, 6, 5.83833, 5, 0, 0, 0, 0, 0
0, 23.5, 5.62498, 0, 3.36406, 0.5, 0.026, 4, 3.84485, 5, 0, 0, 0, 0, 0

1, 23.5, 4.62498, 0, 2.06607, 0.5, 0.0013, 6, 5.83833, 5, 0, 0, 0, 0, 0
0, 23.5, 5.62498, 0, 3.83108, 0.5, 0.026, 4, 3.84485, 5, 0, 0, 0, 0, 0

01, 22.3377, 5.62504, 0.0106111, 2.22626, 0.5, 0.026, 4, 4.15547, 5, 0, 0, 0, 0, 0
1, 23.5, 4.62498, 0, 2.07954, 0.5, 0.0013, 6, 5.83833, 5, 0, 0, 0, 0, 0
00, 24.5158, 5.62492, -0.0104931, 2.13669, 0.5, 0.026, 4, 3.84485, 5, 0, 0, 0, 0, 0

01, 22.1897, 5.62519, 0.0134132, 2.53533, 0.5, 0.026, 4, 4.15547, 5, 0, 0, 0, 0, 0
1, 23.5, 4.62498, 0, 2.0931, 0.5, 0.0013, 6, 5.83833, 5, 0, 0, 0, 0, 0
00, 24.67, 5.62476, -0.0129178, 2.43332, 0.5, 0.026, 4, 3.84485, 5, 0, 0, 0, 0, 0

01, 22.0212, 5.62561, 0.0176088, 2.8873, 0.5, 0.026, 4, 4.15547, 5, 0, 0, 0, 0, 0
1, 23.5, 4.62498, 0, 2.10675, 0.5, 0.0013, 6, 5.83833, 5, 0, 0, 0, 0, 0
00, 24.8456, 5.62433, -0.0158924, 2.77113, 0.5, 0.026, 4, 3.84485, 5, 0, 0, 0, 0, 0

01, 21.8294, 5.62699, 0.0246618, 3.28814, 0.5, 0.026, 4, 4.15547, 5, 0, 0, 0, 0, 0
1, 23.5, 4.62498, 0, 2.12049, 0.5, 0.0013, 6, 5.83833, 5, 0, 0, 0, 0, 0
00, 25.0454, 5.62288, -0.0186257, 3.15584, 0.5, 0.026, 4, 3.84485, 5, 0, 0, 0, 0, 0

01, 21.6118, 5.63282, 0.0400043, 3.74463, 0.5, 0.026, 4, 4.15547, 5, 0, 0, 0, 0, 0
1, 23.5, 4.62498, 0, 2.13432, 0.5, 0.0013, 6, 5.83833, 5, 0, 0, 0, 0, 0
00, 25.2721, 5.61681, -0.0163071, 3.59396, 0.5, 0.026, 4, 3.84485, 5, 0, 0, 0, 0, 0

011, 20.2626, 5.56407, 0.0784868, 2.14958, 0.5, 0.026, 4, 3.88619, 5, 0, 0, 0, 0, 0
010, 22.3799, 5.75969, 0.116059, 2.11491, 0.5, 0.026, 4, 4.15547, 5, 0, 0, 0, 0, 0
1, 23.4999, 4.59781, -0.0363151, 2.14824, 0.5, 0.0013, 6, 5.83833, 5, 0, 0, 0, 0, 0
001, 24.4415, 5.59906, 0.0311737, 2.08976, 0.5, 0.026, 4, 4.19781, 5, 0, 0, 0, 0, 0
000, 26.4819, 5.59912, 0.00132822, 2.00315, 0.5, 0.026, 4, 3.84485, 5, 0, 0, 0, 0, 0

011, 20.0247, 5.54987, 0.0852489, 2.44801, 0.5, 0.026, 4, 3.88619, 5, 0, 0, 0, 0, 0
010, 22.3855, 5.88496, 0.419017, 2.40851, 0.5, 0.026, 4, 4.15547, 5, 0, 0, 0, 0, 0
1, 23.4935, 4.50816, -0.0990238, 2.16225, 0.5, 0.0013, 6, 5.83833, 5, 0, 0, 0, 0, 0
001, 24.4341, 5.58695, 0.148243, 2.37988, 0.5, 0.026, 4, 4.19781, 5, 0, 0, 0, 0, 0
000, 26.7454, 5.58497, 0.0262425, 2.28124, 0.5, 0.026, 4, 3.84485, 5, 0, 0, 0, 0, 0

011, 19.9027, 5.56395, 0.122195, 2.78786, 0.5, 0.026, 4, 3.88619, 5, 0, 0, 0, 0, 0
010, 22.4682, 5.92511, 0.612756, 2.74289, 0.5, 0.026, 4, 4.15547, 5, 0, 0, 0, 0, 0
1, 23.4853, 4.43186, -0.105898, 2.17635, 0.5, 0.0013, 6, 5.83833, 5, 0, 0, 0, 0, 0
001, 24.3357, 5.62968, 0.231747, 2.71027, 0.5, 0.026, 4, 4.19781, 5, 0, 0, 0, 0, 0
000, 26.899, 5.551, 0.0867082, 2.59794, 0.5, 0.026, 4, 3.84485, 5, 0, 0, 0, 0, 0

011, 19.8276, 5.59606, 0.179369, 3.17489, 0.5, 0.026, 4, 3.88619, 5, 0, 0, 0, 0, 0
010, 22.4978, 5.94914, 0.7493, 3.12368, 0.5, 0.026, 4, 4.15547, 5, 0, 0, 0, 0, 0
1, 23.4772, 4.34089, -0.0674944, 2.19054, 0.5, 0.0013, 6, 5.83833, 5, 0, 0, 0, 0, 0
001, 24.307, 5.68779, 0.328317, 3.08654, 0.5, 0.026, 4, 4.19781, 5, 0, 0, 0, 0, 0
000, 26.9846, 5.50218, 0.168117, 2.95861, 0.5, 0.026, 4, 3.84485, 5, 0, 0, 0, 0, 0

011, 19.7918, 5.62814, 0.227547, 3.61566, 0.5, 0.026, 4, 3.88619, 5, 0, 0, 0, 0, 0
010, 22.4822, 5.96851, 0.813112, 3.55733, 0.5, 0.026, 4, 4.15547, 5, 0, 0, 0, 0, 0
1, 23.4737, 4.25166, -0.00826521, 2.20482, 0.5, 0.0013, 6, 5.83833, 5, 0, 0, 0, 0, 0
001, 24.3445, 5.71763, 0.379573, 3.51504, 0.5, 0.026, 4, 4.19781, 5, 0, 0, 0, 0, 0
000, 27.0029, 5.47833, 0.203228, 3.36935, 0.5, 0.026, 4, 3.84485, 5, 0, 0, 0, 0, 0

0111, 18.7487, 5.37988, 0.272851, 2.07378, 0.5, 0.026, 4, 3.88701, 5, 0, 0, 0, 0, 0
0110, 20.736, 5.9056, 0.244418, 2.04384, 0.5, 0.026, 4, 3.88619, 5, 0, 0, 0, 0, 0
010, 22.4526, 5.99558, 0.830839, 4.05119, 0.5, 0.026, 4, 4.15547, 5, 0, 0, 0, 0, 0
1, 23.4761, 4.16325, 0.0659925, 2.2192, 0.5, 0.0013, 6, 5.83833, 5, 0, 0, 0, 0, 0
001, 24.3937, 5.72819, 0.407745, 4.00302, 0.5, 0.026, 4, 4.19781, 5, 0, 0, 0, 0, 0
000, 27.0063, 5.47022, 0.21358, 3.83711, 0.5, 0.026, 4, 3.84485, 5, 0, 0, 0, 0, 0

0111, 18.582, 5.33607, 0.277313, 2.36168, 0.5, 0.026, 4, 3.88701, 5, 0, 0, 0, 0, 0
0011, 23.4521, 5.27644, 0.45366, 2.25515, 0.5, 0.026, 4, 3.83405, 5, 0, 0, 0, 0, 0
0101, 21.7047, 5.15455, 0.860387, 2.28854, 0.5, 0.026, 4, 4.02959, 5, 0, 0, 0, 0, 0
0110, 20.8038, 6.04226, 0.448742, 2.32758, 0.5, 0.026, 4, 3.88619, 5, 0, 0, 0, 0, 0
0100, 23.2378, 6.8731, 0.816021, 2.32507, 0.5, 0.026, 4, 4.15547, 5, 0, 0, 0, 0, 0
1, 23.4848, 4.08203, 0.148606, 2.23367, 0.5, 0.0013, 6, 5.83833, 5, 0, 0, 0, 0, 0
0001, 26.0296, 5.25095, 0.230675, 2.13033, 0.5, 0.026, 4, 3.9268, 5, 0, 0, 0, 0, 0
0010, 25.5191, 6.22668, 0.406214, 2.30361, 0.5, 0.026, 4, 4.19781, 5, 0, 0, 0, 0, 0
0000, 28.16, 5.72059, 0.207425, 2.23948, 0.5, 0.026, 4, 3.84485, 5, 0, 0, 0, 0, 0

0111, 18.4363, 5.31057, 0.301131, 2.68954, 0.5, 0.026, 4, 3.88701, 5, 0, 0, 0, 0, 0
0011, 23.3432, 5.20235, 0.494863, 2.56823, 0.5, 0.026, 4, 3.83405, 5, 0, 0, 0, 0, 0
0101, 21.564, 5.05829, 0.904681, 2.60625, 0.5, 0.026, 4, 4.02959, 5, 0, 0, 0, 0, 0
0110, 20.9154, 6.1128, 0.603721, 2.65072, 0.5, 0.026, 4, 3.88619, 5, 0, 0, 0, 0, 0
0100, 23.3409, 6.9822, 0.816197, 2.64785, 0.5, 0.026, 4, 4.15547, 5, 0, 0, 0, 0, 0
1, 23.4988, 4.01023, 0.241247, 2.24824, 0.5, 0.0013, 6, 5.83833, 5, 0, 0, 0, 0, 0
0001, 25.8802, 5.2117, 0.246876, 2.42608, 0.5, 0.026, 4, 3.9268, 5, 0, 0, 0, 0, 0
0010, 25.6827, 6.31114, 0.385792, 2.62341, 0.5, 0.026, 4, 4.19781, 5, 0, 0, 0, 0, 0
0000, 28.3047, 5.75193, 0.205974, 2.55039, 0.5, 0.026, 4, 3.84485, 5, 0, 0, 0, 0, 0

0111, 18.3218, 5.3158, 0.357467, 3.06293, 0.5, 0.026, 4, 3.88701, 5, 0, 0, 0, 0, 0
1, 23.5207, 3.95636, 0.327074, 2.2629, 0.5, 0.0013, 6, 5.83833, 5, 0, 0, 0, 0, 0
0011, 23.2117, 5.11067, 0.557834, 2.92477, 0.5, 0.026, 4, 3.83405, 5, 0, 0, 0, 0, 0
0101, 21.4096, 4.95147, 0.923397, 2.96808, 0.5, 0.026, 4, 4.02959, 5, 0, 0, 0, 0, 0
0110, 20.9936, 6.1538, 0.758804, 3.01871, 0.5, 0.026, 4, 3.88619, 5, 0, 0, 0, 0, 0
0100, 23.4666, 7.09027, 0.842495, 3.01545, 0.5, 0.026, 4, 4.15547, 5, 0, 0, 0, 0, 0
0001, 25.7075, 5.17649, 0.259743, 2.76288, 0.5, 0.026, 4, 3.9268, 5, 0, 0, 0, 0, 0
0010, 25.8588, 6.39479, 0.367922, 2.98762, 0.5, 0.026, 4, 4.19781, 5, 0, 0, 0, 0, 0
0000, 28.469, 5.78543, 0.207122, 2.90445, 0.5, 0.026, 4, 3.84485, 5, 0, 0, 0, 0, 0

0111, 18.2643, 5.33947, 0.412877, 3.48815, 0.5, 0.026, 4, 3.88701, 5, 0, 0, 0, 0, 0
1, 23.4883, 3.83258, 0.278025, 2.27766, 0.5, 0.0013, 6, 5.83833, 5, 0, 0, 0, 0, 0
0011, 23.0411, 5.04563, 0.670438, 3.33081, 0.5, 0.026, 4, 3.83405, 5, 0, 0, 0, 0, 0
0101, 21.2661, 4.83642, 0.928849, 3.38013, 0.5, 0.026, 4, 4.02959, 5, 0, 0, 0, 0, 0
0110, 21.0001, 6.17837, 0.865673, 3.43779, 0.5, 0.026, 4, 3.88619, 5, 0, 0, 0, 0, 0
0100, 23.6186, 7.18597, 0.912675, 3.43408, 0.5, 0.026, 4, 4.15547, 5, 0, 0, 0, 0, 0
0001, 25.5365, 5.18456, 0.245072, 3.14645, 0.5, 0.026, 4, 3.9268, 5, 0, 0, 0, 0, 0
0010, 26.0336, 6.47252, 0.353962, 3.40238, 0.5, 0.026, 4, 4.19781, 5, 0, 0, 0, 0, 0
0000, 28.6897, 5.82075, 0.222889, 3.30767, 0.5, 0.026, 4, 3.84485, 5, 0, 0, 0, 0, 0

01111, 17.4236, 4.96866, 0.450684, 1.93622, 0.5, 0.026, 4, 3.84231, 5, 0, 0, 0, 0, 0
01110, 19.1999, 5.84997, 0.485415, 2.03619, 0.5, 0.026, 4, 3.88701, 5, 0, 0, 0, 0, 0
1, 23.4652, 3.70251, 0.114897, 2.29251, 0.5, 0.0013, 6, 5.83833, 5, 0, 0, 0, 0, 0
01101, 20.4327, 5.45968, 0.932715, 1.92642, 0.5, 0.026, 4, 4.11076, 5, 0, 0, 0, 0, 0
0011, 22.8785, 4.9476, 0.755642, 3.79323, 0.5, 0.026, 4, 3.83405, 5, 0, 0, 0, 0, 0
0101, 21.1102, 4.68232, 0.968693, 3.84939, 0.5, 0.026, 4, 4.02959, 5, 0, 0, 0, 0, 0
01100, 21.5836, 7.03914, 0.910608, 1.98864, 0.5, 0.026, 4, 3.88619, 5, 0, 0, 0, 0, 0
0100, 23.7469, 7.38863, 0.883686, 3.91083, 0.5, 0.026, 4, 4.15547, 5, 0, 0, 0, 0, 0
0001, 25.3761, 5.17439, 0.315955, 3.58327, 0.5, 0.026, 4, 3.9268, 5, 0, 0, 0, 0, 0
0010, 26.228, 6.54954, 0.347181, 3.87473, 0.5, 0.026, 4, 4.19781, 5, 0, 0, 0, 0, 0
0000, 28.9169, 5.82618, 0.283497, 3.76687, 0.5, 0.026, 4, 3.84485, 5, 0, 0, 0, 0, 0

01111, 17.281, 4.90048, 0.451777, 2.20502, 0.5, 0.026, 4, 3.84231, 5, 0, 0, 0, 0, 0
01110, 19.2624, 5.96559, 0.629928, 2.31887, 0.5, 0.026, 4, 3.88701, 5, 0, 0, 0, 0, 0
01011, 20.4362, 3.72195, 1.01755, 2.14594, 0.5, 0.026, 4, 4.16587, 5, 0, 0, 0, 0, 0
1, 23.4956, 3.55555, 0.00413331, 2.30746, 0.5, 0.0013, 6, 5.83833, 5, 0, 0, 0, 0, 0
01001, 23.1497, 6.82304, 0.865602, 2.17484, 0.5, 0.026, 4, 3.98772, 5, 0, 0, 0, 0, 0
00111, 21.9559, 4.06238, 0.831951, 2.18869, 0.5, 0.026, 4, 3.91355, 5, 0, 0, 0, 0, 0
01101, 20.3426, 5.38507, 0.974408, 2.19386, 0.5, 0.026, 4, 4.11076, 5, 0, 0, 0, 0, 0
00110, 23.4392, 5.62062, 0.89402, 2.13115, 0.5, 0.026, 4, 3.83405, 5, 0, 0, 0, 0, 0
01010, 21.6106, 5.52826, 1.24098, 2.23785, 0.5, 0.026, 4, 4.02959, 5, 0, 0, 0, 0, 0
01100, 21.5531, 7.20809, 0.712464, 2.26472, 0.5, 0.026, 4, 3.88619, 5, 0, 0, 0, 0, 0
00011, 24.3639, 4.73709, 0.348487, 2.06958, 0.5, 0.026, 4, 3.8497, 5, 0, 0, 0, 0, 0
00001, 27.9733, 5.41499, 0.488871, 2.17098, 0.5, 0.026, 4, 4.14699, 5, 0, 0, 0, 0, 0
00101, 25.3233, 6.21205, 0.500526, 2.2466, 0.5, 0.026, 4, 3.98679, 5, 0, 0, 0, 0, 0
00010, 26.2216, 5.56677, 0.41734, 2.01115, 0.5, 0.026, 4, 3.9268, 5, 0, 0, 0, 0, 0
00100, 27.382, 6.95978, 0.332797, 2.16605, 0.5, 0.026, 4, 4.19781, 5, 0, 0, 0, 0, 0
01000, 24.6426, 8.46293, 0.89836, 2.27893, 0.5, 0.026, 4, 4.15547, 5, 0, 0, 0, 0, 0
00000, 29.9796, 6.14037, 0.295192, 2.11884, 0.5, 0.026, 4, 3.84485, 5, 0, 0, 0, 0, 0

01111, 17.1344, 4.84418, 0.472918, 2.51114, 0.5, 0.026, 4, 3.84231, 5, 0, 0, 0, 0, 0
01110, 19.3134, 6.06392, 0.842019, 2.64079, 0.5, 0.026, 4, 3.88701, 5, 0, 0, 0, 0, 0
00111, 21.9185, 3.86246, 0.75552, 2.49254, 0.5, 0.026, 4, 3.91355, 5, 0, 0, 0, 0, 0
01011, 20.3065, 3.554, 1.05496, 2.44386, 0.5, 0.026, 4, 4.16587, 5, 0, 0, 0, 0, 0
1, 23.5432, 3.41066, 0.0173332, 2.32251, 0.5, 0.0013, 6, 5.83833, 5, 0, 0, 0, 0, 0
01001, 23.0876, 6.88511, 0.929522, 2.47677, 0.5, 0.026, 4, 3.98772, 5, 0, 0, 0, 0, 0
01101, 20.2119, 5.3588, 1.02214, 2.49843, 0.5, 0.026, 4, 4.11076, 5, 0, 0, 0, 0, 0
00110, 23.482, 5.74601, 0.900646, 2.42701, 0.5, 0.026, 4, 3.83405, 5, 0, 0, 0, 0, 0
01010, 21.5513, 5.558, 1.44061, 2.54853, 0.5, 0.026, 4, 4.02959, 5, 0, 0, 0, 0, 0
01100, 21.4856, 7.38434, 0.536396, 2.57913, 0.5, 0.026, 4, 3.88619, 5, 0, 0, 0, 0, 0
00011, 24.3231, 4.5697, 0.236998, 2.35689, 0.5, 0.026, 4, 3.8497, 5, 0, 0, 0, 0, 0
00001, 27.8757, 5.33216, 0.633974, 2.47237, 0.5, 0.026, 4, 4.14699, 5, 0, 0, 0, 0, 0
00101, 25.2928, 6.20927, 0.727963, 2.55849, 0.5, 0.026, 4, 3.98679, 5, 0, 0, 0, 0, 0
00010, 26.3672, 5.60019, 0.460244, 2.29036, 0.5, 0.026, 4, 3.9268, 5, 0, 0, 0, 0, 0
00100, 27.5679, 7.06957, 0.260161, 2.46676, 0.5, 0.026, 4, 4.19781, 5, 0, 0, 0, 0, 0
01000, 24.8403, 8.61609, 0.997716, 2.59531, 0.5, 0.026, 4, 4.15547, 5, 0, 0, 0, 0, 0
00000, 30.1198, 6.17661, 0.30478, 2.413, 0.5, 0.026, 4, 3.84485, 5, 0, 0, 0, 0, 0

01111, 17.0188, 4.83335, 0.537039, 2.85975, 0.5, 0.026, 4, 3.84231, 5, 0, 0, 0, 0, 0
01110, 19.2599, 6.02558, 1.09337, 3.00741, 0.5, 0.026, 4, 3.88701, 5, 0, 0, 0, 0, 0
00111, 21.8598, 3.66114, 0.740485, 2.83857, 0.5, 0.026, 4, 3.91355, 5, 0, 0, 0, 0, 0
01011, 20.1892, 3.4277, 1.1188, 2.78314, 0.5, 0.026, 4, 4.16587, 5, 0, 0, 0, 0, 0
1, 23.5741, 3.2998, 0.0538309, 2.33765, 0.5, 0.0013, 6, 5.83833, 5, 0, 0, 0, 0, 0
01001, 23.0419, 6.95378, 1.02909, 2.82061, 0.5, 0.026, 4, 3.98772, 5, 0, 0, 0, 0, 0
01101, 20.1064, 5.38895, 1.03723, 2.84528, 0.5, 0.026, 4, 4.11076, 5, 0, 0, 0, 0, 0
00110, 23.5828, 5.83442, 0.881948, 2.76395, 0.5, 0.026, 4, 3.83405, 5, 0, 0, 0, 0, 0
01010, 21.5383, 5.60699, 1.50557, 2.90233, 0.5, 0.026, 4, 4.02959, 5, 0, 0, 0, 0, 0
01100, 21.5477, 7.62903, 0.436374, 2.93718, 0.5, 0.026, 4, 3.88619, 5, 0, 0, 0, 0, 0
00011, 24.3673, 4.40885, 0.133366, 2.6841, 0.5, 0.026, 4, 3.8497, 5, 0, 0, 0, 0, 0
00001, 27.7943, 5.24342, 0.764224, 2.81561, 0.5, 0.026, 4, 4.14699, 5, 0, 0, 0, 0, 0
00101, 25.1831, 6.20315, 0.878828, 2.91368, 0.5, 0.026, 4, 3.98679, 5, 0, 0, 0, 0, 0
00010, 26.4848, 5.69996, 0.461713, 2.60832, 0.5, 0.026, 4, 3.9268, 5, 0, 0, 0, 0, 0
00100, 27.6785, 7.15897, 0.181989, 2.80922, 0.5, 0.026, 4, 4.19781, 5, 0, 0, 0, 0, 0
01000, 24.9488, 8.65112, 1.10303, 2.95561, 0.5, 0.026, 4, 4.15547, 5, 0, 0, 0, 0, 0
00000, 30.2669, 6.19364, 0.348025, 2.74799, 0.5, 0.026, 4, 3.84485, 5, 0, 0, 0, 0, 0

01111, 16.9278, 4.86511, 0.638373, 3.25677, 0.5, 0.026, 4, 3.84231, 5, 0, 0, 0, 0, 0
01110, 19.096, 6.00555, 1.18887, 3.42493, 0.5, 0.026, 4, 3.88701, 5, 0, 0, 0, 0, 0
00111, 21.7305, 3.36906, 0.730655, 3.23265, 0.5, 0.026, 4, 3.91355, 5, 0, 0, 0, 0, 0
01011, 20.0972, 3.26969, 1.14499, 3.16952, 0.5, 0.026, 4, 4.16587, 5, 0, 0, 0, 0, 0
1, 23.5965, 3.21762, 0.0798155, 2.3529, 0.5, 0.0013, 6, 5.83833, 5, 0, 0, 0, 0, 0
01001, 23.0795, 7.05656, 1.05732, 3.21219, 0.5, 0.026, 4, 3.98772, 5, 0, 0, 0, 0, 0
01101, 20.0353, 5.39874, 1.09185, 3.24029, 0.5, 0.026, 4, 4.11076, 5, 0, 0, 0, 0, 0
00110, 23.6192, 5.87304, 0.917589, 3.14766, 0.5, 0.026, 4, 3.83405, 5, 0, 0, 0, 0, 0
01010, 21.5331, 5.6605, 1.54939, 3.30526, 0.5, 0.026, 4, 4.02959, 5, 0, 0, 0, 0, 0
01100, 21.5749, 7.89571, 0.389664, 3.34495, 0.5, 0.026, 4, 3.88619, 5, 0, 0, 0, 0, 0
00011, 24.5803, 4.24189, 0.0270345, 3.05672, 0.5, 0.026, 4, 3.8497, 5, 0, 0, 0, 0, 0
00001, 27.7582, 5.15456, 0.8451, 3.20649, 0.5, 0.026, 4, 4.14699, 5, 0, 0, 0, 0, 0
00101, 25.0814, 6.21137, 1.00241, 3.31819, 0.5, 0.026, 4, 3.98679, 5, 0, 0, 0, 0, 0
00010, 26.5206, 5.74777, 0.510407, 2.97043, 0.5, 0.026, 4, 3.9268, 5, 0, 0, 0, 0, 0
00100, 27.7917, 7.27854, 0.11343, 3.19922, 0.5, 0.026, 4, 4.19781, 5, 0, 0, 0, 0, 0
01000, 25.0382, 8.75596, 1.15312, 3.36593, 0.5, 0.026, 4, 4.15547, 5, 0, 0, 0, 0, 0
00000, 30.4152, 6.17867, 0.442228, 3.12949, 0.5, 0.026, 4, 3.84485, 5, 0, 0, 0, 0, 0

011101, 18.602, 5.0529, 1.24074, 1.95308, 0.5, 0.026, 4, 4.09501, 5, 0, 0, 0, 0, 0
01101, 19.9116, 5.39682, 1.13914, 3.69013, 0.5, 0.026, 4, 4.11076, 5, 0, 0, 0, 0, 0
01111, 16.8253, 4.90211, 0.754019, 3.7089, 0.5, 0.026, 4, 3.84231, 5, 0, 0, 0, 0, 0
011100, 19.2086, 6.90254, 1.26246, 1.94733, 0.5, 0.026, 4, 3.88701, 5, 0, 0, 0, 0, 0
00111, 21.5666, 2.92402, 0.726032, 3.68143, 0.5, 0.026, 4, 3.91355, 5, 0, 0, 0, 0, 0
01011, 20.0061, 3.21538, 1.14441, 3.60953, 0.5, 0.026, 4, 4.16587, 5, 0, 0, 0, 0, 0
1, 23.6455, 3.06672, 0.237483, 2.36824, 0.5, 0.0013, 6, 5.83833, 5, 0, 0, 0, 0, 0
01001, 23.1699, 7.18454, 1.02623, 3.65814, 0.5, 0.026, 4, 3.98772, 5, 0, 0, 0, 0, 0
00110, 23.5408, 5.84938, 0.985263, 3.58465, 0.5, 0.026, 4, 3.83405, 5, 0, 0, 0, 0, 0
01010, 21.5024, 5.61843, 1.60255, 3.76412, 0.5, 0.026, 4, 4.02959, 5, 0, 0, 0, 0, 0
01100, 21.6138, 8.14198, 0.39332, 3.80932, 0.5, 0.026, 4, 3.88619, 5, 0, 0, 0, 0, 0
00011, 24.7696, 4.07378, 0.00611519, 3.48108, 0.5, 0.026, 4, 3.8497, 5, 0, 0, 0, 0, 0
00001, 27.8209, 5.11, 0.906379, 3.65165, 0.5, 0.026, 4, 4.14699, 5, 0, 0, 0, 0, 0
00101, 25.021, 6.28272, 1.06451, 3.77885, 0.5, 0.026, 4, 3.98679, 5, 0, 0, 0, 0, 0
00010, 26.503, 5.70509, 0.556659, 3.38281, 0.5, 0.026, 4, 3.9268, 5, 0, 0, 0, 0, 0
00100, 27.9725, 7.37938, 0.0969356, 3.64336, 0.5, 0.026, 4, 4.19781, 5, 0, 0, 0, 0, 0
01000, 25.2356, 9.12022, 1.20138, 3.83322, 0.5, 0.026, 4, 4.15547, 5, 0, 0, 0, 0, 0
00000, 30.4953, 6.14187, 0.530155, 3.56395, 0.5, 0.026, 4, 3.84485, 5, 0, 0, 0, 0, 0

01011, 19.9027, 3.19412, 1.14806, 4.11064, 0.5, 0.026, 4, 4.16587, 5, 0, 0, 0, 0, 0
011011, 19.3756, 4.44333, 1.14161, 2.06928, 0.5, 0.026, 4, 3.80138, 5, 0, 0, 0, 0, 0
011111, 16.0839, 4.2043, 0.754799, 2.08719, 0.5, 0.026, 4, 3.85402, 5, 0, 0, 0, 0, 0
011101, 18.4938, 4.91837, 1.13317, 2.22422, 0.5, 0.026, 4, 4.09501, 5, 0, 0, 0, 0, 0
011110, 17.5875, 5.68177, 0.819721, 2.13662, 0.5, 0.026, 4, 3.84231, 5, 0, 0, 0, 0, 0
011100, 19.0909, 7.0298, 1.51483, 2.21767, 0.5, 0.026, 4, 3.88701, 5, 0, 0, 0, 0, 0
001111, 20.6061, 1.87863, 0.778491, 2.07509, 0.5, 0.026, 4, 3.87752, 5, 0, 0, 0, 0, 0
001110, 22.1514, 3.27693, 0.621449, 2.11743, 0.5, 0.026, 4, 3.91355, 5, 0, 0, 0, 0, 0
1, 23.7087, 2.88142, 0.279222, 2.38368, 0.5, 0.0013, 6, 5.83833, 5, 0, 0, 0, 0, 0
011010, 20.2491, 6.35, 1.16511, 2.13314, 0.5, 0.026, 4, 4.11076, 5, 0, 0, 0, 0, 0
000111, 23.9256, 4.09201, -0.0482723, 1.93923, 0.5, 0.026, 4, 4.08419, 5, 0, 0, 0, 0, 0
010011, 22.6255, 6.3754, 1.07388, 2.10316, 0.5, 0.026, 4, 3.91585, 5, 0, 0, 0, 0, 0
010101, 21.5332, 4.61843, 1.58822, 2.09733, 0.5, 0.026, 4, 4.11477, 5, 0, 0, 0, 0, 0
001101, 22.8802, 4.97864, 0.828538, 2.04982, 0.5, 0.026, 4, 3.91843, 5, 0, 0, 0, 0, 0
010100, 21.4624, 6.74781, 1.46723, 2.18936, 0.5, 0.026, 4, 4.02959, 5, 0, 0, 0, 0, 0
011001, 20.6235, 8.03787, 0.434822, 2.1355, 0.5, 0.026, 4, 4.0745, 5, 0, 0, 0, 0, 0
010010, 23.6919, 8.15883, 1.06737, 2.06283, 0.5, 0.026, 4, 3.98772, 5, 0, 0, 0, 0, 0
011000, 22.5971, 8.69353, 0.692258, 2.20267, 0.5, 0.026, 4, 3.88619, 5, 0, 0, 0, 0, 0
000110, 25.889, 3.92929, 0.02715, 2.02513, 0.5, 0.026, 4, 3.8497, 5, 0, 0, 0, 0, 0
000011, 27.5909, 4.07828, 1.08433, 2.10377, 0.5, 0.026, 4, 4.14267, 5, 0, 0, 0, 0, 0
001100, 24.0382, 6.62496, 0.826889, 2.03248, 0.5, 0.026, 4, 3.83405, 5, 0, 0, 0, 0, 0
001011, 24.4969, 5.53208, 0.973072, 2.10609, 0.5, 0.026, 4, 3.99507, 5, 0, 0, 0, 0, 0
001010, 25.5883, 7.36874, 1.1888, 2.19737, 0.5, 0.026, 4, 3.98679, 5, 0, 0, 0, 0, 0
00010, 26.4883, 5.65414, 0.551924, 3.85244, 0.5, 0.026, 4, 3.9268, 5, 0, 0, 0, 0, 0
010001, 24.961, 8.46332, 1.16948, 2.15472, 0.5, 0.026, 4, 3.83648, 5, 0, 0, 0, 0, 0
010000, 25.7713, 10.4812, 1.17185, 2.21066, 0.5, 0.026, 4, 4.15547, 5, 0, 0, 0, 0, 0
000010, 28.5634, 5.91098, 1.01797, 2.05483, 0.5, 0.026, 4, 4.14699, 5, 0, 0, 0, 0, 0
000001, 29.6925, 5.50741, 0.67009, 2.05057, 0.5, 0.026, 4, 4.10494, 5, 0, 0, 0, 0, 0
00100, 28.1663, 7.46683, 0.139915, 4.14916, 0.5, 0.026, 4, 4.19781, 5, 0, 0, 0, 0, 0
000000, 31.3582, 6.65536, 0.570032, 2.00816, 0.5, 0.026, 4, 3.84485, 5, 0, 0, 0, 0, 0

011111, 15.9768, 4.10161, 0.752504, 2.37695, 0.5, 0.026, 4, 3.85402, 5, 0, 0, 0, 0, 0
010111, 19.3591, 2.1582, 1.12035, 2.29541, 0.5, 0.026, 4, 3.95872, 5, 0, 0, 0, 0, 0
011011, 19.2308, 4.29306, 1.25761, 2.35656, 0.5, 0.026, 4, 3.80138, 5, 0, 0, 0, 0, 0
011101, 18.3295, 4.81945, 1.21217, 2.533, 0.5, 0.026, 4, 4.09501, 5, 0, 0, 0, 0, 0
011110, 17.6049, 5.85055, 0.974255, 2.43324, 0.5, 0.026, 4, 3.84231, 5, 0, 0, 0, 0, 0
011100, 19.0134, 7.14387, 1.7056, 2.52555, 0.5, 0.026, 4, 3.88701, 5, 0, 0, 0, 0, 0
001111, 20.3813, 1.54575, 0.830785, 2.36317, 0.5, 0.026, 4, 3.87752, 5, 0, 0, 0, 0, 0
001110, 22.1358, 3.08868, 0.423593, 2.41139, 0.5, 0.026, 4, 3.91355, 5, 0, 0, 0, 0, 0
1, 23.7561, 2.63932, 0.310206, 2.39923, 0.5, 0.0013, 6, 5.83833, 5, 0, 0, 0, 0, 0
001100, 23.9909, 6.61366, 0.467348, 2.31465, 0.5, 0.026, 4, 3.83405, 5, 0, 0, 0, 0, 0
010110, 20.312, 4.26506, 1.35086, 2.3859, 0.5, 0.026, 4, 4.16587, 5, 0, 0, 0, 0, 0
011010, 20.2124, 6.45848, 1.19774, 2.42929, 0.5, 0.026, 4, 4.11076, 5, 0, 0, 0, 0, 0
010011, 22.4187, 6.49052, 1.29015, 2.39514, 0.5, 0.026, 4, 3.91585, 5, 0, 0, 0, 0, 0
010101, 21.3678, 4.44217, 1.35162, 2.3885, 0.5, 0.026, 4, 4.11477, 5, 0, 0, 0, 0, 0
001101, 22.7371, 4.82166, 0.949834, 2.33439, 0.5, 0.026, 4, 3.91843, 5, 0, 0, 0, 0, 0
010100, 21.422, 6.80858, 1.3533, 2.49331, 0.5, 0.026, 4, 4.02959, 5, 0, 0, 0, 0, 0
011001, 20.5774, 8.22664, 0.359926, 2.43197, 0.5, 0.026, 4, 4.0745, 5, 0, 0, 0, 0, 0
010010, 23.7357, 8.31519, 1.1281, 2.34921, 0.5, 0.026, 4, 3.98772, 5, 0, 0, 0, 0, 0
011000, 22.7064, 8.87708, 0.885624, 2.50846, 0.5, 0.026, 4, 3.88619, 5, 0, 0, 0, 0, 0
000111, 24.0374, 3.96962, -0.236422, 2.20845, 0.5, 0.026, 4, 4.08419, 5, 0, 0, 0, 0, 0
000011, 27.6782, 3.88422, 1.2399, 2.39584, 0.5, 0.026, 4, 4.14267, 5, 0, 0, 0, 0, 0
000110, 26.1533, 3.86808, 0.501122, 2.30628, 0.5, 0.026, 4, 3.8497, 5, 0, 0, 0, 0, 0
000101, 25.6147, 5.05063, 0.643641, 2.21546, 0.5, 0.026, 4, 4.1214, 5, 0, 0, 0, 0, 0
001001, 27.194, 7.31589, 0.560499, 2.37271, 0.5, 0.026, 4, 4.17872, 5, 0, 0, 0, 0, 0
001011, 24.5267, 5.50078, 0.81805, 2.39847, 0.5, 0.026, 4, 3.99507, 5, 0, 0, 0, 0, 0
001010, 25.7267, 7.56619, 1.36014, 2.50243, 0.5, 0.026, 4, 3.98679, 5, 0, 0, 0, 0, 0
000100, 27.4365, 6.25801, 0.614321, 2.17181, 0.5, 0.026, 4, 3.9268, 5, 0, 0, 0, 0, 0
010001, 24.9156, 8.57084, 1.1824, 2.45386, 0.5, 0.026, 4, 3.83648, 5, 0, 0, 0, 0, 0
010000, 25.9472, 10.8192, 1.11353, 2.51756, 0.5, 0.026, 4, 4.15547, 5, 0, 0, 0, 0, 0
000010, 28.7109, 5.99311, 0.940091, 2.3401, 0.5, 0.026, 4, 4.14699, 5, 0, 0, 0, 0, 0
000001, 29.6247, 5.39254, 0.800416, 2.33525, 0.5, 0.026, 4, 4.10494, 5, 0, 0, 0, 0, 0
001000, 29.4187, 7.63487, 0.197604, 2.35247, 0.5, 0.026, 4, 4.19781, 5, 0, 0, 0, 0, 0
000000, 31.4833, 6.73595, 0.56925, 2.28695, 0.5, 0.026, 4, 3.84485, 5, 0, 0, 0, 0, 0

011111, 15.8407, 3.98741, 0.766981, 2.70693, 0.5, 0.026, 4, 3.85402, 5, 0, 0, 0, 0, 0
010111, 19.1962, 1.88925, 1.07892, 2.61408, 0.5, 0.026, 4, 3.95872, 5, 0, 0, 0, 0, 0
011011, 19.1396, 4.12727, 1.26815, 2.68371, 0.5, 0.026, 4, 3.80138, 5, 0, 0, 0, 0, 0
011101, 18.2473, 4.6748, 1.24187, 2.88466, 0.5, 0.026, 4, 4.09501, 5, 0, 0, 0, 0, 0
011110, 17.5988, 5.9523, 1.21534, 2.77104, 0.5, 0.026, 4, 3.84231, 5, 0, 0, 0, 0, 0
011100, 18.8104, 7.39145, 1.74686, 2.87617, 0.5, 0.026, 4, 3.88701, 5, 0, 0, 0, 0, 0
001111, 20.1473, 1.29773, 0.932409, 2.69125, 0.5, 0.026, 4, 3.87752, 5, 0, 0, 0, 0, 0
001110, 22.2939, 2.8596, 0.437139, 2.74615, 0.5, 0.026, 4, 3.91355, 5, 0, 0, 0, 0, 0
1, 23.7585, 2.39444, 0.300545, 2.41487, 0.5, 0.0013, 6, 5.83833, 5, 0, 0, 0, 0, 0
010110, 20.2497, 4.32202, 1.27337, 2.71713, 0.5, 0.026, 4, 4.16587, 5, 0, 0, 0, 0, 0
011010, 20.1215, 6.66044, 1.19131, 2.76654, 0.5, 0.026, 4, 4.11076, 5, 0, 0, 0, 0, 0
010011, 22.2855, 6.62019, 1.33802, 2.72765, 0.5, 0.026, 4, 3.91585, 5, 0, 0, 0, 0, 0
010101, 21.2393, 4.16464, 1.27361, 2.72009, 0.5, 0.026, 4, 4.11477, 5, 0, 0, 0, 0, 0
001101, 22.6024, 4.64726, 1.07122, 2.65847, 0.5, 0.026, 4, 3.91843, 5, 0, 0, 0, 0, 0
010100, 21.3164, 6.83028, 1.33919, 2.83945, 0.5, 0.026, 4, 4.02959, 5, 0, 0, 0, 0, 0
011001, 20.5029, 8.55203, 0.333334, 2.76959, 0.5, 0.026, 4, 4.0745, 5, 0, 0, 0, 0, 0
010010, 23.7723, 8.45313, 1.1828, 2.67535, 0.5, 0.026, 4, 3.98772, 5, 0, 0, 0, 0, 0
011000, 22.7973, 9.16664, 0.929162, 2.8567, 0.5, 0.026, 4, 3.88619, 5, 0, 0, 0, 0, 0
000111, 24.151, 3.8319, -0.432296, 2.51504, 0.5, 0.026, 4, 4.08419, 5, 0, 0, 0, 0, 0
000011, 27.6623, 3.68976, 1.23446, 2.72845, 0.5, 0.026, 4, 4.14267, 5, 0, 0, 0, 0, 0
000110, 26.3236, 3.81606, 0.848094, 2.62646, 0.5, 0.026, 4, 3.8497, 5, 0, 0, 0, 0, 0
001100, 24.0303, 6.54161, 0.24892, 2.63599, 0.5, 0.026, 4, 3.83405, 5, 0, 0, 0, 0, 0
000101, 25.6073, 4.91739, 0.479161, 2.52303, 0.5, 0.026, 4, 4.1214, 5, 0, 0, 0, 0, 0
001001, 27.3321, 7.41799, 0.891238, 2.70211, 0.5, 0.026, 4, 4.17872, 5, 0, 0, 0, 0, 0
001011, 24.6707, 5.48201, 0.551248, 2.73145, 0.5, 0.026, 4, 3.99507, 5, 0, 0, 0, 0, 0
001010, 25.8894, 7.76811, 1.48385, 2.84984, 0.5, 0.026, 4, 3.98679, 5, 0, 0, 0, 0, 0
000100, 27.6754, 6.24262, 0.830348, 2.47332, 0.5, 0.026, 4, 3.9268, 5, 0, 0, 0, 0, 0
010001, 24.8486, 8.53585, 1.21579, 2.79452, 0.5, 0.026, 4, 3.83648, 5, 0, 0, 0, 0, 0
010000, 26.1268, 10.9217, 0.668108, 2.86707, 0.5, 0.026, 4, 4.15547, 5, 0, 0, 0, 0, 0
000010, 28.8381, 6.06546, 0.851277, 2.66497, 0.5, 0.026, 4, 4.14699, 5, 0, 0, 0, 0, 0
000001, 29.5047, 5.31132, 0.852226, 2.65944, 0.5, 0.026, 4, 4.10494, 5, 0, 0, 0, 0, 0
001000, 29.5722, 7.72829, 0.150439, 2.67906, 0.5, 0.026, 4, 4.19781, 5, 0, 0, 0, 0, 0
000000, 31.6179, 6.80804, 0.587828, 2.60444, 0.5, 0.026, 4, 3.84485, 5, 0, 0, 0, 0, 0

011111, 15.6641, 3.91109, 0.868263, 3.08273, 0.5, 0.026, 4, 3.85402, 5, 0, 0, 0, 0, 0
001111, 19.8524, 1.30543, 0.894907, 3.06487, 0.5, 0.026, 4, 3.87752, 5, 0, 0, 0, 0, 0
011011, 18.9888, 3.92235, 1.24849, 3.05629, 0.5, 0.026, 4, 3.80138, 5, 0, 0, 0, 0, 0
010111, 18.8201, 1.58342, 0.875388, 2.97699, 0.5, 0.026, 4, 3.95872, 5, 0, 0, 0, 0, 0
011101, 18.1722, 4.50901, 1.21761, 3.28513, 0.5, 0.026, 4, 4.09501, 5, 0, 0, 0, 0, 0
011110, 17.4887, 6.0493, 1.38556, 3.15574, 0.5, 0.026, 4, 3.84231, 5, 0, 0, 0, 0, 0
011100, 18.5896, 7.65564, 1.77814, 3.27546, 0.5, 0.026, 4, 3.88701, 5, 0, 0, 0, 0, 0
001110, 22.4359, 2.5624, 0.472601, 3.1274, 0.5, 0.026, 4, 3.91355, 5, 0, 0, 0, 0, 0
1, 23.7561, 2.11778, 0.273268, 2.43062, 0.5, 0.0013, 6, 5.83833, 5, 0, 0, 0, 0, 0
010101, 21.1595, 4.01415, 1.36688, 3.09772, 0.5, 0.026, 4, 4.11477, 5, 0, 0, 0, 0, 0
010110, 20.1879, 4.2117, 1.36687, 3.09435, 0.5, 0.026, 4, 4.16587, 5, 0, 0, 0, 0, 0
011010, 20.0144, 6.84254, 1.18966, 3.15061, 0.5, 0.026, 4, 4.11076, 5, 0, 0, 0, 0, 0
010011, 22.232, 6.80857, 1.37893, 3.10632, 0.5, 0.026, 4, 3.91585, 5, 0, 0, 0, 0, 0
001101, 22.4919, 4.41051, 1.1358, 3.02754, 0.5, 0.026, 4, 3.91843, 5, 0, 0, 0, 0, 0
010100, 21.2747, 7.07744, 1.37425, 3.23364, 0.5, 0.026, 4, 4.02959, 5, 0, 0, 0, 0, 0
011001, 20.419, 8.92339, 0.404333, 3.15409, 0.5, 0.026, 4, 4.0745, 5, 0, 0, 0, 0, 0
010010, 23.7782, 8.52745, 1.18711, 3.04676, 0.5, 0.026, 4, 3.98772, 5, 0, 0, 0, 0, 0
011000, 22.9944, 9.66113, 0.848826, 3.25329, 0.5, 0.026, 4, 3.88619, 5, 0, 0, 0, 0, 0
000111, 24.2487, 3.65356, -0.599148, 2.8642, 0.5, 0.026, 4, 4.08419, 5, 0, 0, 0, 0, 0
000011, 27.6581, 3.3687, 1.2096, 3.10723, 0.5, 0.026, 4, 4.14267, 5, 0, 0, 0, 0, 0
000110, 26.4587, 3.56958, 1.00982, 2.99108, 0.5, 0.026, 4, 3.8497, 5, 0, 0, 0, 0, 0
001100, 24.1111, 6.54787, 0.253202, 3.00194, 0.5, 0.026, 4, 3.83405, 5, 0, 0, 0, 0, 0
000101, 25.6102, 4.88371, 0.412379, 2.8733, 0.5, 0.026, 4, 4.1214, 5, 0, 0, 0, 0, 0
001001, 27.3919, 7.5245, 1.14112, 3.07724, 0.5, 0.026, 4, 4.17872, 5, 0, 0, 0, 0, 0
001011, 24.8273, 5.56206, 0.465252, 3.11065, 0.5, 0.026, 4, 3.99507, 5, 0, 0, 0, 0, 0
000100, 27.9283, 6.24681, 0.995443, 2.81669, 0.5, 0.026, 4, 3.9268, 5, 0, 0, 0, 0, 0
001010, 26.1067, 8.11038, 1.52372, 3.24548, 0.5, 0.026, 4, 3.98679, 5, 0, 0, 0, 0, 0
010001, 24.8906, 8.69368, 1.20932, 3.18248, 0.5, 0.026, 4, 3.83648, 5, 0, 0, 0, 0, 0
010000, 26.137, 11.0949, 0.365768, 3.2651, 0.5, 0.026, 4, 4.15547, 5, 0, 0, 0, 0, 0
000010, 29.0048, 6.10959, 1.00983, 3.03494, 0.5, 0.026, 4, 4.14699, 5, 0, 0, 0, 0, 0
000001, 29.5637, 5.13206, 1.01148, 3.02865, 0.5, 0.026, 4, 4.10494, 5, 0, 0, 0, 0, 0
001000, 29.7173, 7.96538, -0.00305057, 3.05099, 0.5, 0.026, 4, 4.19781, 5, 0, 0, 0, 0, 0
000000, 31.8273, 6.89185, 0.661081, 2.96601, 0.5, 0.026, 4, 3.84485, 5, 0, 0, 0, 0, 0

011111, 15.4827, 3.89129, 1.03904, 3.5107, 0.5, 0.026, 4, 3.85402, 5, 0, 0, 0, 0, 0
001111, 19.581, 1.10862, 0.510702, 3.49036, 0.5, 0.026, 4, 3.87752, 5, 0, 0, 0, 0, 0
011011, 18.7709, 3.76476, 1.17487, 3.48059, 0.5, 0.026, 4, 3.80138, 5, 0, 0, 0, 0, 0
010111, 18.3705, 1.54795, 0.474053, 3.39028, 0.5, 0.026, 4, 3.95872, 5, 0, 0, 0, 0, 0
011010, 19.9353, 7.08183, 1.19808, 3.58801, 0.5, 0.026, 4, 4.11076, 5, 0, 0, 0, 0, 0
011101, 17.9592, 4.32695, 1.15473, 3.7412, 0.5, 0.026, 4, 4.09501, 5, 0, 0, 0, 0, 0
011110, 17.2776, 6.14126, 1.43924, 3.59385, 0.5, 0.026, 4, 3.84231, 5, 0, 0, 0, 0, 0
011100, 18.3624, 7.89429, 1.79439, 3.73019, 0.5, 0.026, 4, 3.88701, 5, 0, 0, 0, 0, 0
010101, 21.1976, 3.83756, 1.54178, 3.52777, 0.5, 0.026, 4, 4.11477, 5, 0, 0, 0, 0, 0
001110, 22.5659, 2.05958, 0.66295, 3.56157, 0.5, 0.026, 4, 3.91355, 5, 0, 0, 0, 0, 0
1, 23.8128, 1.88111, 0.275381, 2.44647, 0.5, 0.0013, 6, 5.83833, 5, 0, 0, 0, 0, 0
010110, 20.2146, 4.00992, 1.542, 3.52393, 0.5, 0.026, 4, 4.16587, 5, 0, 0, 0, 0, 0
010011, 22.157, 7.09731, 1.3357, 3.53757, 0.5, 0.026, 4, 3.91585, 5, 0, 0, 0, 0, 0
001101, 22.4479, 4.19153, 1.33561, 3.44785, 0.5, 0.026, 4, 3.91843, 5, 0, 0, 0, 0, 0
010100, 21.1975, 7.3364, 1.33521, 3.68256, 0.5, 0.026, 4, 4.02959, 5, 0, 0, 0, 0, 0
011001, 20.3373, 9.36311, 0.469028, 3.59197, 0.5, 0.026, 4, 4.0745, 5, 0, 0, 0, 0, 0
010010, 23.6997, 8.58158, 1.20567, 3.46974, 0.5, 0.026, 4, 3.98772, 5, 0, 0, 0, 0, 0
011000, 23.1305, 10.3263, 0.861111, 3.70494, 0.5, 0.026, 4, 3.88619, 5, 0, 0, 0, 0, 0
000111, 24.3615, 3.49373, -0.658819, 3.26183, 0.5, 0.026, 4, 4.08419, 5, 0, 0, 0, 0, 0
000011, 27.6025, 3.02839, 1.14321, 3.5386, 0.5, 0.026, 4, 4.14267, 5, 0, 0, 0, 0, 0
000110, 26.6134, 3.32479, 1.1209, 3.40633, 0.5, 0.026, 4, 3.8497, 5, 0, 0, 0, 0, 0
001100, 24.1644, 6.62072, 0.237739, 3.4187, 0.5, 0.026, 4, 3.83405, 5, 0, 0, 0, 0, 0
000101, 25.6634, 4.94349, 0.335586, 3.27219, 0.5, 0.026, 4, 4.1214, 5, 0, 0, 0, 0, 0
001001, 27.4386, 7.5806, 1.33352, 3.50445, 0.5, 0.026, 4, 4.17872, 5, 0, 0, 0, 0, 0
001011, 24.8803, 5.64206, 0.39354, 3.5425, 0.5, 0.026, 4, 3.99507, 5, 0, 0, 0, 0, 0
001010, 26.3629, 8.44156, 1.52881, 3.69604, 0.5, 0.026, 4, 3.98679, 5, 0, 0, 0, 0, 0
010001, 24.9508, 8.90322, 1.15883, 3.6243, 0.5, 0.026, 4, 3.83648, 5, 0, 0, 0, 0, 0
010000, 26.2846, 11.2592, 0.178114, 3.71838, 0.5, 0.026, 4, 4.15547, 5, 0, 0, 0, 0, 0
000100, 28.2135, 6.29772, 1.11675, 3.20773, 0.5, 0.026, 4, 3.9268, 5, 0, 0, 0, 0, 0
000010, 29.1912, 6.12382, 1.14547, 3.45628, 0.5, 0.026, 4, 4.14699, 5, 0, 0, 0, 0, 0
000001, 29.7218, 4.89605, 1.14813, 3.44911, 0.5, 0.026, 4, 4.10494, 5, 0, 0, 0, 0, 0
001000, 29.8695, 8.22793, -0.0529465, 3.47456, 0.5, 0.026, 4, 4.19781, 5, 0, 0, 0, 0, 0
000000, 32.0423, 6.93561, 0.802304, 3.37778, 0.5, 0.026, 4, 3.84485, 5, 0, 0, 0, 0, 0

0111111, 15.0008, 3.04831, 1.12857, 1.96711, 0.5, 0.026, 4, 4.17419, 5, 0, 0, 0, 0, 0
0111110, 15.8159, 4.86994, 1.1819, 2.03098, 0.5, 0.026, 4, 3.85402, 5, 0, 0, 0, 0, 0
0011111, 18.5781, 0.623992, 0.261101, 1.96065, 0.5, 0.026, 4, 3.96647, 5, 0, 0, 0, 0, 0
0111011, 17.0989, 3.29013, 0.974045, 2.17303, 0.5, 0.026, 4, 4.12616, 5, 0, 0, 0, 0, 0
0110111, 17.9439, 2.76778, 0.964755, 1.96496, 0.5, 0.026, 4, 3.80386, 5, 0, 0, 0, 0, 0
010111, 17.9549, 1.41425, 0.197634, 3.86095, 0.5, 0.026, 4, 3.95872, 5, 0, 0, 0, 0, 0
0110110, 18.9462, 4.45835, 1.19337, 1.99884, 0.5, 0.026, 4, 3.80138, 5, 0, 0, 0, 0, 0
0111101, 16.9882, 5.13818, 1.37828, 2.07083, 0.5, 0.026, 4, 4.17391, 5, 0, 0, 0, 0, 0
0111001, 18.5698, 7.1067, 1.82892, 2.11894, 0.5, 0.026, 4, 4.08579, 5, 0, 0, 0, 0, 0
011010, 19.8813, 7.34379, 1.2696, 4.08613, 0.5, 0.026, 4, 4.11076, 5, 0, 0, 0, 0, 0
0111010, 18.1345, 5.14111, 1.14554, 2.08755, 0.5, 0.026, 4, 4.09501, 5, 0, 0, 0, 0, 0
0111100, 17.3323, 7.15083, 1.39317, 2.02195, 0.5, 0.026, 4, 3.84231, 5, 0, 0, 0, 0, 0
0110011, 19.3178, 9.37958, 0.513643, 2.03821, 0.5, 0.026, 4, 3.8389, 5, 0, 0, 0, 0, 0
0111000, 17.8537, 9.0693, 1.71092, 2.12911, 0.5, 0.026, 4, 3.88701, 5, 0, 0, 0, 0, 0
0011011, 22.2255, 2.92003, 1.48672, 2.0088, 0.5, 0.026, 4, 3.94247, 5, 0, 0, 0, 0, 0
0011110, 20.5117, 1.05672, 0.218242, 2.01428, 0.5, 0.026, 4, 3.87752, 5, 0, 0, 0, 0, 0
0011101, 22.023, 0.929135, 1.03373, 1.97965, 0.5, 0.026, 4, 3.92114, 5, 0, 0, 0, 0, 0
010110, 20.1732, 3.63794, 1.61889, 4.01315, 0.5, 0.026, 4, 4.16587, 5, 0, 0, 0, 0, 0
010101, 21.1632, 3.63901, 1.61883, 4.01753, 0.5, 0.026, 4, 4.11477, 5, 0, 0, 0, 0, 0
0011100, 23.4967, 2.27317, 0.624934, 2.07637, 0.5, 0.026, 4, 3.91355, 5, 0, 0, 0, 0, 0
0011010, 22.3835, 4.86986, 1.4783, 1.91771, 0.5, 0.026, 4, 3.91843, 5, 0, 0, 0, 0, 0
0010111, 23.8937, 5.55478, 0.378066, 2.00663, 0.5, 0.026, 4, 3.94289, 5, 0, 0, 0, 0, 0
0011001, 23.2695, 6.44692, 0.236929, 1.93846, 0.5, 0.026, 4, 4.09526, 5, 0, 0, 0, 0, 0
0100111, 21.7746, 6.44726, 1.23937, 1.97416, 0.5, 0.026, 4, 3.89689, 5, 0, 0, 0, 0, 0
0101001, 20.7261, 6.55087, 1.32351, 2.12444, 0.5, 0.026, 4, 4.02252, 5, 0, 0, 0, 0, 0
0100110, 22.3974, 8.35284, 1.19656, 2.05453, 0.5, 0.026, 4, 3.91585, 5, 0, 0, 0, 0, 0
0101000, 21.3045, 8.54851, 1.41557, 2.06937, 0.5, 0.026, 4, 4.02959, 5, 0, 0, 0, 0, 0
0110001, 22.632, 9.86563, 0.195146, 2.06843, 0.5, 0.026, 4, 4.04339, 5, 0, 0, 0, 0, 0
0110010, 21.1126, 10.3542, 0.494881, 2.05243, 0.5, 0.026, 4, 4.0745, 5, 0, 0, 0, 0, 0
010010, 23.6574, 8.79407, 1.1838, 3.95143, 0.5, 0.026, 4, 3.98772, 5, 0, 0, 0, 0, 0
0110000, 23.6855, 11.2329, 0.482724, 2.15087, 0.5, 0.026, 4, 3.88619, 5, 0, 0, 0, 0, 0
0001101, 26.3919, 2.13503, 1.18911, 1.94302, 0.5, 0.026, 4, 4.0797, 5, 0, 0, 0, 0, 0
1, 24.0151, 1.44413, 0.607476, 2.46243, 0.5, 0.0013, 6, 5.83833, 5, 0, 0, 0, 0, 0
000111, 24.4268, 3.45127, -0.619626, 3.71467, 0.5, 0.026, 4, 4.08419, 5, 0, 0, 0, 0, 0
000011, 27.6243, 2.65048, 1.21593, 4.02986, 0.5, 0.026, 4, 4.14267, 5, 0, 0, 0, 0, 0
0001100, 27.0391, 3.95798, 1.20403, 1.9362, 0.5, 0.026, 4, 3.8497, 5, 0, 0, 0, 0, 0
0100011, 24.4238, 7.98464, 1.00178, 2.05057, 0.5, 0.026, 4, 4.15324, 5, 0, 0, 0, 0, 0
0010101, 26.5606, 7.68483, 1.64945, 2.07226, 0.5, 0.026, 4, 4.18499, 5, 0, 0, 0, 0, 0
0011000, 25.1604, 6.87731, 0.333143, 1.95485, 0.5, 0.026, 4, 3.83405, 5, 0, 0, 0, 0, 0
000101, 25.7159, 5.03117, 0.255211, 3.72646, 0.5, 0.026, 4, 4.1214, 5, 0, 0, 0, 0, 0
001001, 27.5059, 7.80324, 1.46209, 3.99097, 0.5, 0.026, 4, 4.17872, 5, 0, 0, 0, 0, 0
0010110, 25.8382, 6.03823, 0.303942, 2.02766, 0.5, 0.026, 4, 3.99507, 5, 0, 0, 0, 0, 0
0100001, 25.5876, 11.1311, 0.298302, 2.16443, 0.5, 0.026, 4, 4.01702, 5, 0, 0, 0, 0, 0
0010100, 26.7552, 9.76372, 1.34913, 2.13689, 0.5, 0.026, 4, 3.98679, 5, 0, 0, 0, 0, 0
0100010, 25.4984, 9.73506, 0.919019, 2.07688, 0.5, 0.026, 4, 3.83648, 5, 0, 0, 0, 0, 0
0100000, 27.6666, 11.4013, 0.182322, 2.07017, 0.5, 0.026, 4, 4.15547, 5, 0, 0, 0, 0, 0
0000001, 31.6663, 6.19583, 0.959121, 1.88819, 0.5, 0.026, 4, 4.16577, 5, 0, 0, 0, 0, 0
000100, 28.4004, 6.30269, 1.24033, 3.65305, 0.5, 0.026, 4, 3.9268, 5, 0, 0, 0, 0, 0
000010, 29.3779, 6.10527, 1.24384, 3.93611, 0.5, 0.026, 4, 4.14699, 5, 0, 0, 0, 0, 0
000001, 29.9678, 4.75646, 1.2469, 3.92795, 0.5, 0.026, 4, 4.10494, 5, 0, 0, 0, 0, 0
001000, 30.0646, 8.47755, -0.0640516, 3.95692, 0.5, 0.026, 4, 4.19781, 5, 0, 0, 0, 0, 0
0000000, 32.7887, 7.75669, 0.935657, 1.95852, 0.5, 0.026, 4, 3.84485, 5, 0, 0, 0, 0, 0

0111111, 14.9416, 2.91922, 1.12564, 2.2402, 0.5, 0.026, 4, 4.17419, 5, 0, 0, 0, 0, 0
0111110, 15.8213, 5.00975, 1.27724, 2.31294, 0.5, 0.026, 4, 3.85402, 5, 0, 0, 0, 0, 0
0101111, 16.4425, 1.14529, 0.418432, 2.24176, 0.5, 0.026, 4, 3.97554, 5, 0, 0, 0, 0, 0
0011111, 18.052, 0.545817, 0.0743991, 2.23284, 0.5, 0.026, 4, 3.96647, 5, 0, 0, 0, 0, 0
0111011, 16.7916, 3.02319, 0.78697, 2.47471, 0.5, 0.026, 4, 4.12616, 5, 0, 0, 0, 0, 0
0110111, 17.861, 2.70946, 0.679455, 2.23775, 0.5, 0.026, 4, 3.80386, 5, 0, 0, 0, 0, 0
0101110, 18.568, 1.62276, 0.144283, 2.1552, 0.5, 0.026, 4, 3.95872, 5, 0, 0, 0, 0, 0
0101100, 19.9809, 4.60043, 1.79137, 2.28462, 0.5, 0.026, 4, 4.16587, 5, 0, 0, 0, 0, 0
0110101, 19.3586, 6.48874, 1.15342, 2.35854, 0.5, 0.026, 4, 4.02145, 5, 0, 0, 0, 0, 0
0110110, 19.0433, 4.25494, 1.7905, 2.27633, 0.5, 0.026, 4, 3.80138, 5, 0, 0, 0, 0, 0
0111101, 16.8388, 4.93927, 1.28485, 2.35832, 0.5, 0.026, 4, 4.17391, 5, 0, 0, 0, 0, 0
0111001, 18.4682, 7.40957, 1.43047, 2.4131, 0.5, 0.026, 4, 4.08579, 5, 0, 0, 0, 0, 0
0111010, 17.9352, 5.09008, 1.34144, 2.37736, 0.5, 0.026, 4, 4.09501, 5, 0, 0, 0, 0, 0
0111100, 17.2481, 7.21552, 1.54389, 2.30265, 0.5, 0.026, 4, 3.84231, 5, 0, 0, 0, 0, 0
0110011, 19.1465, 9.60593, 0.914437, 2.32117, 0.5, 0.026, 4, 3.8389, 5, 0, 0, 0, 0, 0
0111000, 17.7166, 9.42955, 1.65409, 2.42469, 0.5, 0.026, 4, 3.88701, 5, 0, 0, 0, 0, 0
0001111, 23.4865, 3.87335, -0.61021, 2.11854, 0.5, 0.026, 4, 3.85459, 5, 0, 0, 0, 0, 0
0101101, 20.0571, 2.36366, 1.69717, 2.28567, 0.5, 0.026, 4, 4.10498, 5, 0, 0, 0, 0, 0
0101011, 21.2095, 2.39336, 1.88288, 2.2891, 0.5, 0.026, 4, 4.1415, 5, 0, 0, 0, 0, 0
0011011, 22.3435, 2.81293, 1.54326, 2.28768, 0.5, 0.026, 4, 3.94247, 5, 0, 0, 0, 0, 0
0011110, 20.2604, 0.722553, 0.351182, 2.29392, 0.5, 0.026, 4, 3.87752, 5, 0, 0, 0, 0, 0
0011101, 22.2431, 0.884311, 0.659498, 2.25448, 0.5, 0.026, 4, 3.92114, 5, 0, 0, 0, 0, 0
0011100, 23.9712, 2.27257, 0.29508, 2.36463, 0.5, 0.026, 4, 3.91355, 5, 0, 0, 0, 0, 0
0101010, 20.9903, 4.62002, 1.79111, 2.28618, 0.5, 0.026, 4, 4.11477, 5, 0, 0, 0, 0, 0
0100101, 23.1739, 7.97095, 0.908724, 2.24803, 0.5, 0.026, 4, 3.8661, 5, 0, 0, 0, 0, 0
0011010, 22.1115, 4.98576, 1.47316, 2.18394, 0.5, 0.026, 4, 3.91843, 5, 0, 0, 0, 0, 0
0010111, 23.7178, 5.42827, 0.393498, 2.28521, 0.5, 0.026, 4, 3.94289, 5, 0, 0, 0, 0, 0
0011001, 23.1757, 6.5045, 0.0432069, 2.20757, 0.5, 0.026, 4, 4.09526, 5, 0, 0, 0, 0, 0
0100111, 21.5799, 6.68692, 1.17314, 2.24823, 0.5, 0.026, 4, 3.89689, 5, 0, 0, 0, 0, 0
0101001, 20.563, 6.75424, 1.21433, 2.41937, 0.5, 0.026, 4, 4.02252, 5, 0, 0, 0, 0, 0
0110100, 20.1143, 8.66706, 1.42751, 2.29486, 0.5, 0.026, 4, 4.11076, 5, 0, 0, 0, 0, 0
0100110, 22.5216, 8.73819, 0.894588, 2.33975, 0.5, 0.026, 4, 3.91585, 5, 0, 0, 0, 0, 0
0101000, 21.1826, 9.03, 1.47558, 2.35665, 0.5, 0.026, 4, 4.02959, 5, 0, 0, 0, 0, 0
0110001, 22.7317, 10.2618, -0.0248641, 2.35558, 0.5, 0.026, 4, 4.04339, 5, 0, 0, 0, 0, 0
0110010, 21.0403, 10.7878, 0.641627, 2.33737, 0.5, 0.026, 4, 4.0745, 5, 0, 0, 0, 0, 0
0110000, 23.2778, 11.3802, 0.16611, 2.44947, 0.5, 0.026, 4, 3.88619, 5, 0, 0, 0, 0, 0
0000111, 27.2479, 1.24052, 0.951447, 2.29922, 0.5, 0.026, 4, 4.14405, 5, 0, 0, 0, 0, 0
0001101, 26.3945, 1.82657, 1.00843, 2.21277, 0.5, 0.026, 4, 4.0797, 5, 0, 0, 0, 0, 0
1, 24.2715, 1.16696, 0.495884, 2.47848, 0.5, 0.0013, 6, 5.83833, 5, 0, 0, 0, 0, 0
0001110, 25.3972, 3.15274, -0.587867, 2.11183, 0.5, 0.026, 4, 4.08419, 5, 0, 0, 0, 0, 0
0000110, 27.9334, 3.32429, 1.0559, 2.2901, 0.5, 0.026, 4, 4.14267, 5, 0, 0, 0, 0, 0
0001100, 27.0473, 3.84611, 1.00568, 2.205, 0.5, 0.026, 4, 3.8497, 5, 0, 0, 0, 0, 0
0001011, 24.8001, 4.63909, 0.130092, 2.13519, 0.5, 0.026, 4, 4.0696, 5, 0, 0, 0, 0, 0
0010011, 27.7667, 7.01378, 1.36059, 2.23266, 0.5, 0.026, 4, 3.88159, 5, 0, 0, 0, 0, 0
0100011, 24.5764, 7.9066, 0.682414, 2.33525, 0.5, 0.026, 4, 4.15324, 5, 0, 0, 0, 0, 0
0010101, 26.5455, 7.74837, 1.91898, 2.35995, 0.5, 0.026, 4, 4.18499, 5, 0, 0, 0, 0, 0
0011000, 25.1855, 7.00605, 0.829121, 2.22624, 0.5, 0.026, 4, 3.83405, 5, 0, 0, 0, 0, 0
0001010, 26.8289, 5.20013, 0.428274, 2.10861, 0.5, 0.026, 4, 4.1214, 5, 0, 0, 0, 0, 0
0010110, 25.9159, 5.93011, 0.346912, 2.30916, 0.5, 0.026, 4, 3.99507, 5, 0, 0, 0, 0, 0
0010010, 27.6278, 9.06516, 1.14603, 2.31237, 0.5, 0.026, 4, 4.17872, 5, 0, 0, 0, 0, 0
0100100, 24.3328, 9.82795, 1.35438, 2.25197, 0.5, 0.026, 4, 3.98772, 5, 0, 0, 0, 0, 0
0100001, 25.6865, 11.4009, 0.135748, 2.46492, 0.5, 0.026, 4, 4.01702, 5, 0, 0, 0, 0, 0
0010100, 26.8771, 9.94114, 0.943812, 2.43355, 0.5, 0.026, 4, 3.98679, 5, 0, 0, 0, 0, 0
0100010, 25.6128, 9.87707, 0.97988, 2.36522, 0.5, 0.026, 4, 3.83648, 5, 0, 0, 0, 0, 0
0000011, 29.8781, 3.66401, 1.089, 2.21179, 0.5, 0.026, 4, 3.94274, 5, 0, 0, 0, 0, 0
0001001, 28.3485, 5.37939, 1.31683, 2.04006, 0.5, 0.026, 4, 3.97351, 5, 0, 0, 0, 0, 0
0000101, 29.2785, 4.9895, 1.32359, 2.28927, 0.5, 0.026, 4, 4.14883, 5, 0, 0, 0, 0, 0
0000001, 31.6968, 6.04073, 1.15457, 2.15033, 0.5, 0.026, 4, 4.16577, 5, 0, 0, 0, 0, 0
0001000, 28.8643, 7.38449, 1.2998, 2.12014, 0.5, 0.026, 4, 3.9268, 5, 0, 0, 0, 0, 0
0000100, 29.8318, 7.15532, 1.30216, 2.19328, 0.5, 0.026, 4, 4.14699, 5, 0, 0, 0, 0, 0
0000010, 30.506, 5.79108, 1.32633, 2.26146, 0.5, 0.026, 4, 4.10494, 5, 0, 0, 0, 0, 0
0100000, 28.0823, 11.5, -1.27101e-05, 2.35757, 0.5, 0.026, 4, 4.15547, 5, 0, 0, 0, 0, 0
0010001, 29.2795, 8.89877, -0.0780033, 2.24126, 0.5, 0.026, 4, 3.99227, 5, 0, 0, 0, 0, 0
0010000, 31.4314, 8.41714, -0.0250325, 2.265, 0.5, 0.026, 4, 4.19781, 5, 0, 0, 0, 0, 0
0000000, 32.898, 7.85499, 0.937746, 2.23042, 0.5, 0.026, 4, 3.84485, 5, 0, 0, 0, 0, 0

0101111, 15.7891, 0.976545, 0.585881, 2.55298, 0.5, 0.026, 4, 3.97554, 5, 0, 0, 0, 0, 0
0111111, 14.7255, 2.81799, 1.08692, 2.5512, 0.5, 0.026, 4, 4.17419, 5, 0, 0, 0, 0, 0
0111110, 15.4964, 5.25703, 1.46717, 2.63404, 0.5, 0.026, 4, 3.85402, 5, 0, 0, 0, 0, 0
0011111, 17.637, 0.49996, -3.94126e-06, 2.54282, 0.5, 0.026, 4, 3.96647, 5, 0, 0, 0, 0, 0
0111011, 16.3073, 2.8037, 0.612944, 2.81827, 0.5, 0.026, 4, 4.12616, 5, 0, 0, 0, 0, 0
0110111, 17.712, 2.5361, 0.426173, 2.54841, 0.5, 0.026, 4, 3.80386, 5, 0, 0, 0, 0, 0
0101110, 18.4756, 1.57556, 0.132032, 2.4544, 0.5, 0.026, 4, 3.95872, 5, 0, 0, 0, 0, 0
0101100, 19.6745, 4.74897, 1.9817, 2.60179, 0.5, 0.026, 4, 4.16587, 5, 0, 0, 0, 0, 0
0110101, 18.9283, 6.76436, 1.07594, 2.68597, 0.5, 0.026, 4, 4.02145, 5, 0, 0, 0, 0, 0
0110110, 18.7929, 4.29798, 1.97287, 2.59235, 0.5, 0.026, 4, 3.80138, 5, 0, 0, 0, 0, 0
0111101, 16.4463, 4.88275, 1.45866, 2.68572, 0.5, 0.026, 4, 4.17391, 5, 0, 0, 0, 0, 0
0111001, 18.2855, 7.62596, 1.05948, 2.74811, 0.5, 0.026, 4, 4.08579, 5, 0, 0, 0, 0, 0
0111010, 17.5015, 5.0745, 1.52756, 2.7074, 0.5, 0.026, 4, 4.09501, 5, 0, 0, 0, 0, 0
0111100, 16.8732, 7.46945, 1.5588, 2.62233, 0.5, 0.026, 4, 3.84231, 5, 0, 0, 0, 0, 0
0110100, 19.8815, 9.21396, 1.34824, 2.61345, 0.5, 0.026, 4, 4.11076, 5, 0, 0, 0, 0, 0
0110011, 18.8037, 10.1962, 1.48014, 2.64341, 0.5, 0.026, 4, 3.8389, 5, 0, 0, 0, 0, 0
0111000, 17.6591, 9.6026, 1.69656, 2.7613, 0.5, 0.026, 4, 3.88701, 5, 0, 0, 0, 0, 0
0001111, 23.5275, 3.71487, -0.783793, 2.41266, 0.5, 0.026, 4, 3.85459, 5, 0, 0, 0, 0, 0
0101101, 20.0885, 2.25443, 1.76283, 2.60299, 0.5, 0.026, 4, 4.10498, 5, 0, 0, 0, 0, 0
0101011, 21.0884, 2.23386, 1.7623, 2.60689, 0.5, 0.026, 4, 4.1415, 5, 0, 0, 0, 0, 0
0011011, 22.3487, 2.54242, 1.35066, 2.60527, 0.5, 0.026, 4, 3.94247, 5, 0, 0, 0, 0, 0
0011110, 20.2034, 0.499626, -6.0568e-05, 2.61238, 0.5, 0.026, 4, 3.87752, 5, 0, 0, 0, 0, 0
0011101, 22.6675, 0.916529, 0.560365, 2.56747, 0.5, 0.026, 4, 3.92114, 5, 0, 0, 0, 0, 0
0101010, 20.751, 4.72353, 1.9812, 2.60356, 0.5, 0.026, 4, 4.11477, 5, 0, 0, 0, 0, 0
0100101, 23.046, 7.92739, 0.752969, 2.56012, 0.5, 0.026, 4, 3.8661, 5, 0, 0, 0, 0, 0
0011010, 21.8114, 4.88248, 1.88306, 2.48713, 0.5, 0.026, 4, 3.91843, 5, 0, 0, 0, 0, 0
0010111, 23.5502, 5.26058, 0.103207, 2.60246, 0.5, 0.026, 4, 3.94289, 5, 0, 0, 0, 0, 0
0011001, 22.8087, 6.35016, -0.138185, 2.51404, 0.5, 0.026, 4, 4.09526, 5, 0, 0, 0, 0, 0
0100111, 21.2303, 7.01971, 1.15188, 2.56035, 0.5, 0.026, 4, 3.89689, 5, 0, 0, 0, 0, 0
0101001, 20.229, 7.11249, 1.1892, 2.75525, 0.5, 0.026, 4, 4.02252, 5, 0, 0, 0, 0, 0
0100110, 22.8076, 9.02295, 0.715895, 2.66458, 0.5, 0.026, 4, 3.91585, 5, 0, 0, 0, 0, 0
0101000, 21.1174, 9.49588, 1.68104, 2.68383, 0.5, 0.026, 4, 4.02959, 5, 0, 0, 0, 0, 0
0110001, 22.8429, 10.5253, 0.0325456, 2.6826, 0.5, 0.026, 4, 4.04339, 5, 0, 0, 0, 0, 0
0110010, 20.6608, 11.2454, 0.311489, 2.66186, 0.5, 0.026, 4, 4.0745, 5, 0, 0, 0, 0, 0
0110000, 23.3388, 11.5001, 2.12552e-05, 2.78953, 0.5, 0.026, 4, 3.88619, 5, 0, 0, 0, 0, 0
0011100, 24.1464, 2.20833, -0.143933, 2.69291, 0.5, 0.026, 4, 3.91355, 5, 0, 0, 0, 0, 0
0000111, 27.7221, 1.02759, 0.71021, 2.61842, 0.5, 0.026, 4, 4.14405, 5, 0, 0, 0, 0, 0
0001101, 26.3552, 1.1792, 1.06591, 2.51997, 0.5, 0.026, 4, 4.0797, 5, 0, 0, 0, 0, 0
1, 24.5208, 0.813056, 0.432313, 2.49465, 0.5, 0.0013, 6, 5.83833, 5, 0, 0, 0, 0, 0
0001110, 25.478, 2.98777, -0.789026, 2.40501, 0.5, 0.026, 4, 4.08419, 5, 0, 0, 0, 0, 0
0001100, 27.2655, 3.54667, 1.01888, 2.51112, 0.5, 0.026, 4, 3.8497, 5, 0, 0, 0, 0, 0
0001011, 24.9902, 4.50157, 0.244854, 2.43162, 0.5, 0.026, 4, 4.0696, 5, 0, 0, 0, 0, 0
0100011, 24.3313, 7.78159, 0.754231, 2.65945, 0.5, 0.026, 4, 4.15324, 5, 0, 0, 0, 0, 0
0010101, 26.5274, 7.77227, 2.25385, 2.68758, 0.5, 0.026, 4, 4.18499, 5, 0, 0, 0, 0, 0
0011000, 25.0136, 6.90643, 0.908306, 2.53531, 0.5, 0.026, 4, 3.83405, 5, 0, 0, 0, 0, 0
0001010, 27.1837, 5.08864, 0.7381, 2.40135, 0.5, 0.026, 4, 4.1214, 5, 0, 0, 0, 0, 0
0010110, 26.0788, 5.87465, 0.333085, 2.62973, 0.5, 0.026, 4, 3.99507, 5, 0, 0, 0, 0, 0
0010010, 27.7599, 9.08698, 0.928953, 2.63339, 0.5, 0.026, 4, 4.17872, 5, 0, 0, 0, 0, 0
0100100, 24.5358, 9.89111, 1.3099, 2.56461, 0.5, 0.026, 4, 3.98772, 5, 0, 0, 0, 0, 0
0100001, 26.1349, 11.5001, 9.87426e-06, 2.80712, 0.5, 0.026, 4, 4.01702, 5, 0, 0, 0, 0, 0
0010100, 27.1587, 9.88153, 0.906548, 2.7714, 0.5, 0.026, 4, 3.98679, 5, 0, 0, 0, 0, 0
0100010, 25.9194, 9.87801, 0.869855, 2.69357, 0.5, 0.026, 4, 3.83648, 5, 0, 0, 0, 0, 0
0000110, 28.0509, 2.93699, 1.01235, 2.60803, 0.5, 0.026, 4, 4.14267, 5, 0, 0, 0, 0, 0
0000011, 30.1587, 3.41085, 0.948564, 2.51885, 0.5, 0.026, 4, 3.94274, 5, 0, 0, 0, 0, 0
0010011, 28.0842, 7.2723, 1.42426, 2.54262, 0.5, 0.026, 4, 3.88159, 5, 0, 0, 0, 0, 0
0001001, 28.6627, 5.26086, 1.4109, 2.32327, 0.5, 0.026, 4, 3.97351, 5, 0, 0, 0, 0, 0
0000101, 29.5527, 4.81217, 1.35544, 2.60708, 0.5, 0.026, 4, 4.14883, 5, 0, 0, 0, 0, 0
0000001, 31.7911, 5.88432, 1.35785, 2.44885, 0.5, 0.026, 4, 4.16577, 5, 0, 0, 0, 0, 0
0001000, 29.1089, 7.57435, 1.38201, 2.41448, 0.5, 0.026, 4, 3.9268, 5, 0, 0, 0, 0, 0
0000100, 30.0555, 7.30373, 1.37701, 2.49777, 0.5, 0.026, 4, 4.14699, 5, 0, 0, 0, 0, 0
0000010, 30.7761, 5.80075, 1.38216, 2.57542, 0.5, 0.026, 4, 4.10494, 5, 0, 0, 0, 0, 0
0100000, 28.8771, 11.5, -3.80507e-05, 2.68487, 0.5, 0.026, 4, 4.15547, 5, 0, 0, 0, 0, 0
0010001, 29.8738, 9.35927, 0.141896, 2.55241, 0.5, 0.026, 4, 3.99227, 5, 0, 0, 0, 0, 0
0010000, 31.8262, 8.63547, 0.0995898, 2.57944, 0.5, 0.026, 4, 4.19781, 5, 0, 0, 0, 0, 0
0000000, 33.1861, 7.83024, 0.91319, 2.54006, 0.5, 0.026, 4, 3.84485, 5, 0, 0, 0, 0, 0

0111011, 15.4243, 2.54178, 0.703288, 3.20953, 0.5, 0.026, 4, 4.12616, 5, 0, 0, 0, 0, 0
0101111, 15.2679, 1.11291, 0.697975, 2.9074, 0.5, 0.026, 4, 3.97554, 5, 0, 0, 0, 0, 0
0111111, 14.1549, 2.81327, 0.806135, 2.90538, 0.5, 0.026, 4, 4.17419, 5, 0, 0, 0, 0, 0
0111101, 15.5602, 5.06141, 1.65698, 3.05857, 0.5, 0.026, 4, 4.17391, 5, 0, 0, 0, 0, 0
0111110, 14.5422, 5.47686, 1.6721, 2.99972, 0.5, 0.026, 4, 3.85402, 5, 0, 0, 0, 0, 0
0111100, 15.9927, 8.00466, 1.32576, 2.98638, 0.5, 0.026, 4, 3.84231, 5, 0, 0, 0, 0, 0
0011110, 19.9344, 0.499447, -1.73282e-05, 2.97505, 0.5, 0.026, 4, 3.87752, 5, 0, 0, 0, 0, 0
0011111, 17.0174, 0.499921, -1.14902e-05, 2.89584, 0.5, 0.026, 4, 3.96647, 5, 0, 0, 0, 0, 0
0110111, 17.6988, 2.4118, 0.0415567, 2.9022, 0.5, 0.026, 4, 3.80386, 5, 0, 0, 0, 0, 0
0101110, 18.3479, 1.47906, 0.00326, 2.79514, 0.5, 0.026, 4, 3.95872, 5, 0, 0, 0, 0, 0
0101001, 19.3852, 7.06305, 0.826284, 3.13776, 0.5, 0.026, 4, 4.02252, 5, 0, 0, 0, 0, 0
0101100, 18.7119, 4.90965, 2.40612, 2.96299, 0.5, 0.026, 4, 4.16587, 5, 0, 0, 0, 0, 0
0110101, 18.1331, 7.12242, 0.793751, 3.05886, 0.5, 0.026, 4, 4.02145, 5, 0, 0, 0, 0, 0
0110110, 18.2787, 4.00968, 2.40452, 2.95224, 0.5, 0.026, 4, 3.80138, 5, 0, 0, 0, 0, 0
0111001, 17.5526, 7.92161, 0.788204, 3.12963, 0.5, 0.026, 4, 4.08579, 5, 0, 0, 0, 0, 0
0111010, 16.5269, 5.21419, 1.65784, 3.08327, 0.5, 0.026, 4, 4.09501, 5, 0, 0, 0, 0, 0
0110100, 19.7046, 9.56573, 1.35418, 2.97627, 0.5, 0.026, 4, 4.11076, 5, 0, 0, 0, 0, 0
0110011, 18.4258, 10.5337, 1.8496, 3.01039, 0.5, 0.026, 4, 3.8389, 5, 0, 0, 0, 0, 0
0111000, 17.2252, 10.0672, 1.57304, 3.14465, 0.5, 0.026, 4, 3.88701, 5, 0, 0, 0, 0, 0
0001111, 23.952, 3.66477, -0.710479, 2.7476, 0.5, 0.026, 4, 3.85459, 5, 0, 0, 0, 0, 0
0101101, 20.1257, 2.46202, 1.69638, 2.96436, 0.5, 0.026, 4, 4.10498, 5, 0, 0, 0, 0, 0
0101011, 21.1384, 2.37122, 1.69589, 2.9688, 0.5, 0.026, 4, 4.1415, 5, 0, 0, 0, 0, 0
0011011, 22.3367, 2.71695, 1.42725, 2.96696, 0.5, 0.026, 4, 3.94247, 5, 0, 0, 0, 0, 0
0011101, 22.7683, 0.957852, 0.496156, 2.9239, 0.5, 0.026, 4, 3.92114, 5, 0, 0, 0, 0, 0
0101010, 20.0997, 4.95326, 2.4007, 2.96501, 0.5, 0.026, 4, 4.11477, 5, 0, 0, 0, 0, 0
0100101, 22.9646, 7.85578, 0.716175, 2.91554, 0.5, 0.026, 4, 3.8661, 5, 0, 0, 0, 0, 0
0011010, 21.3195, 5.12765, 2.46173, 2.83242, 0.5, 0.026, 4, 3.91843, 5, 0, 0, 0, 0, 0
0010111, 23.7545, 5.26725, 0.0966451, 2.96376, 0.5, 0.026, 4, 3.94289, 5, 0, 0, 0, 0, 0
0011001, 22.2946, 6.25917, -0.0809536, 2.86306, 0.5, 0.026, 4, 4.09526, 5, 0, 0, 0, 0, 0
0100111, 20.6684, 7.04555, 0.716848, 2.9158, 0.5, 0.026, 4, 3.89689, 5, 0, 0, 0, 0, 0
0100110, 22.7674, 9.13388, 0.434296, 3.0345, 0.5, 0.026, 4, 3.91585, 5, 0, 0, 0, 0, 0
0101000, 20.8749, 9.50977, 1.54584, 3.05642, 0.5, 0.026, 4, 4.02959, 5, 0, 0, 0, 0, 0
0110001, 22.9108, 10.5228, 0.0228524, 3.05503, 0.5, 0.026, 4, 4.04339, 5, 0, 0, 0, 0, 0
0110010, 20.1969, 11.5006, -1.84556e-05, 3.0314, 0.5, 0.026, 4, 4.0745, 5, 0, 0, 0, 0, 0
0110000, 23.2862, 11.5001, 1.86113e-05, 3.17679, 0.5, 0.026, 4, 3.88619, 5, 0, 0, 0, 0, 0
0011100, 24.2314, 2.18958, -0.516197, 3.06676, 0.5, 0.026, 4, 3.91355, 5, 0, 0, 0, 0, 0
0001101, 26.8923, 1.29077, 1.00814, 2.86981, 0.5, 0.026, 4, 4.0797, 5, 0, 0, 0, 0, 0
1, 24.6854, 0.611801, 0.148662, 2.51091, 0.5, 0.0013, 6, 5.83833, 5, 0, 0, 0, 0, 0
0001110, 25.8017, 2.72447, -1.22048, 2.73889, 0.5, 0.026, 4, 4.08419, 5, 0, 0, 0, 0, 0
0001100, 27.5656, 3.39129, 0.597927, 2.85973, 0.5, 0.026, 4, 3.8497, 5, 0, 0, 0, 0, 0
0001011, 25.5305, 4.59993, 0.328903, 2.76919, 0.5, 0.026, 4, 4.0696, 5, 0, 0, 0, 0, 0
0100011, 24.4383, 7.63633, 0.565123, 3.02866, 0.5, 0.026, 4, 4.15324, 5, 0, 0, 0, 0, 0
0010101, 26.8595, 7.54648, 2.20046, 3.06069, 0.5, 0.026, 4, 4.18499, 5, 0, 0, 0, 0, 0
0011000, 24.9956, 6.83127, 0.562088, 2.88728, 0.5, 0.026, 4, 3.83405, 5, 0, 0, 0, 0, 0
0001010, 27.6005, 4.59617, 0.651134, 2.73472, 0.5, 0.026, 4, 4.1214, 5, 0, 0, 0, 0, 0
0010110, 26.4765, 5.85767, -0.13079, 2.99482, 0.5, 0.026, 4, 3.99507, 5, 0, 0, 0, 0, 0
0100100, 24.7812, 9.81121, 1.34372, 2.92065, 0.5, 0.026, 4, 3.98772, 5, 0, 0, 0, 0, 0
0100001, 26.7083, 11.5002, -2.7589e-05, 3.19683, 0.5, 0.026, 4, 4.01702, 5, 0, 0, 0, 0, 0
0010100, 27.7386, 9.79968, 0.789871, 3.15615, 0.5, 0.026, 4, 3.98679, 5, 0, 0, 0, 0, 0
0100010, 26.3742, 9.82321, 0.747989, 3.06752, 0.5, 0.026, 4, 3.83648, 5, 0, 0, 0, 0, 0
0000111, 28.5519, 0.580218, 0.0810518, 2.98193, 0.5, 0.026, 4, 4.14405, 5, 0, 0, 0, 0, 0
0000110, 28.6608, 2.419, 1.10383, 2.9701, 0.5, 0.026, 4, 4.14267, 5, 0, 0, 0, 0, 0
0000011, 30.7752, 2.93874, 0.888225, 2.86854, 0.5, 0.026, 4, 3.94274, 5, 0, 0, 0, 0, 0
0010011, 28.5439, 7.08956, 1.36945, 2.8956, 0.5, 0.026, 4, 3.88159, 5, 0, 0, 0, 0, 0
0001001, 29.2817, 5.10116, 1.53709, 2.64581, 0.5, 0.026, 4, 3.97351, 5, 0, 0, 0, 0, 0
0000101, 30.1616, 4.57982, 1.44929, 2.96902, 0.5, 0.026, 4, 4.14883, 5, 0, 0, 0, 0, 0
0001000, 29.6826, 7.74471, 1.29315, 2.74967, 0.5, 0.026, 4, 3.9268, 5, 0, 0, 0, 0, 0
0000100, 30.6165, 7.42496, 1.29047, 2.84453, 0.5, 0.026, 4, 4.14699, 5, 0, 0, 0, 0, 0
0000010, 31.2921, 5.67613, 1.43351, 2.93296, 0.5, 0.026, 4, 4.10494, 5, 0, 0, 0, 0, 0
0010010, 28.2685, 8.95646, 0.808225, 2.99898, 0.5, 0.026, 4, 4.17872, 5, 0, 0, 0, 0, 0
0100000, 29.8227, 11.5, -6.26723e-05, 3.0576, 0.5, 0.026, 4, 4.15547, 5, 0, 0, 0, 0, 0
0010001, 30.8114, 9.96177, 0.414852, 2.90676, 0.5, 0.026, 4, 3.99227, 5, 0, 0, 0, 0, 0
0000001, 32.268, 5.51881, 1.43533, 2.78883, 0.5, 0.026, 4, 4.16577, 5, 0, 0, 0, 0, 0
0000000, 33.5713, 7.90714, 0.72722, 2.8927, 0.5, 0.026, 4, 3.84485, 5, 0, 0, 0, 0, 0
0010000, 32.3758, 9.08864, -0.0540404, 2.93754, 0.5, 0.026, 4, 4.19781, 5, 0, 0, 0, 0, 0

0111011, 14.1558, 2.22356, 0.567168, 3.6551, 0.5, 0.026, 4, 4.12616, 5, 0, 0, 0, 0, 0
0101111, 14.4174, 1.28114, 0.612952, 3.31103, 0.5, 0.026, 4, 3.97554, 5, 0, 0, 0, 0, 0
0111111, 13.2105, 2.71404, 0.478135, 3.30873, 0.5, 0.026, 4, 4.17419, 5, 0, 0, 0, 0, 0
0111010, 15.6214, 4.90818, 1.80227, 3.51131, 0.5, 0.026, 4, 4.09501, 5, 0, 0, 0, 0, 0
0111101, 14.5511, 5.22439, 1.80874, 3.48319, 0.5, 0.026, 4, 4.17391, 5, 0, 0, 0, 0, 0
0111110, 13.5216, 5.31697, 1.81817, 3.41616, 0.5, 0.026, 4, 3.85402, 5, 0, 0, 0, 0, 0
0111100, 15.3664, 8.27795, 1.20474, 3.40098, 0.5, 0.026, 4, 3.84231, 5, 0, 0, 0, 0, 0
0110110, 17.997, 3.56597, 2.86583, 3.3621, 0.5, 0.026, 4, 3.80138, 5, 0, 0, 0, 0, 0
0011110, 19.445, 0.498813, -1.24556e-05, 3.38807, 0.5, 0.026, 4, 3.87752, 5, 0, 0, 0, 0, 0
0011111, 16.134, 0.501933, 0.00177824, 3.29786, 0.5, 0.026, 4, 3.96647, 5, 0, 0, 0, 0, 0
0110111, 17.3302, 2.46732, -0.038456, 3.30511, 0.5, 0.026, 4, 3.80386, 5, 0, 0, 0, 0, 0
0101110, 17.8875, 1.49595, -0.0738166, 3.18318, 0.5, 0.026, 4, 3.95872, 5, 0, 0, 0, 0, 0
0101010, 19.8322, 5.01427, 2.72289, 3.37664, 0.5, 0.026, 4, 4.11477, 5, 0, 0, 0, 0, 0
0101001, 18.4557, 6.6253, 0.819754, 3.57337, 0.5, 0.026, 4, 4.02252, 5, 0, 0, 0, 0, 0
0101100, 18.0894, 4.53606, 2.86679, 3.37434, 0.5, 0.026, 4, 4.16587, 5, 0, 0, 0, 0, 0
0110101, 17.2674, 6.75971, 0.792634, 3.48351, 0.5, 0.026, 4, 4.02145, 5, 0, 0, 0, 0, 0
0111001, 16.8568, 7.79437, 0.741834, 3.56411, 0.5, 0.026, 4, 4.08579, 5, 0, 0, 0, 0, 0
0110010, 19.6142, 11.5015, 2.47759e-05, 3.45224, 0.5, 0.026, 4, 4.0745, 5, 0, 0, 0, 0, 0
0110100, 19.2798, 9.45364, 1.15036, 3.38946, 0.5, 0.026, 4, 4.11076, 5, 0, 0, 0, 0, 0
0110011, 17.5446, 10.5148, 2.19483, 3.42832, 0.5, 0.026, 4, 3.8389, 5, 0, 0, 0, 0, 0
0111000, 16.3563, 10.3894, 2.11157, 3.58121, 0.5, 0.026, 4, 3.88701, 5, 0, 0, 0, 0, 0
0101101, 20.0615, 2.63967, 1.49209, 3.37589, 0.5, 0.026, 4, 4.10498, 5, 0, 0, 0, 0, 0
0101011, 21.2262, 2.58623, 1.343, 3.38096, 0.5, 0.026, 4, 4.1415, 5, 0, 0, 0, 0, 0
0011011, 22.2922, 2.88596, 1.34251, 3.37886, 0.5, 0.026, 4, 3.94247, 5, 0, 0, 0, 0, 0
0011101, 22.684, 0.944427, 0.391523, 3.32983, 0.5, 0.026, 4, 3.92114, 5, 0, 0, 0, 0, 0
0100101, 22.9005, 7.88489, 0.599614, 3.3203, 0.5, 0.026, 4, 3.8661, 5, 0, 0, 0, 0, 0
0011010, 21.2659, 5.4245, 2.80819, 3.22564, 0.5, 0.026, 4, 3.91843, 5, 0, 0, 0, 0, 0
0011001, 22.1364, 6.14049, -0.327309, 3.26054, 0.5, 0.026, 4, 4.09526, 5, 0, 0, 0, 0, 0
0100111, 20.2298, 7.05439, 0.678938, 3.32059, 0.5, 0.026, 4, 3.89689, 5, 0, 0, 0, 0, 0
0100110, 22.5119, 9.14289, 0.312958, 3.45577, 0.5, 0.026, 4, 3.91585, 5, 0, 0, 0, 0, 0
0101000, 20.4285, 9.35905, 1.28692, 3.48073, 0.5, 0.026, 4, 4.02959, 5, 0, 0, 0, 0, 0
0110001, 22.9664, 10.4862, 0.0316796, 3.47915, 0.5, 0.026, 4, 4.04339, 5, 0, 0, 0, 0, 0
0110000, 23.1372, 11.5001, 1.29509e-05, 3.61782, 0.5, 0.026, 4, 3.88619, 5, 0, 0, 0, 0, 0
0001111, 24.3917, 3.18585, -0.652526, 3.12905, 0.5, 0.026, 4, 3.85459, 5, 0, 0, 0, 0, 0
0011100, 24.3453, 2.15158, -0.55457, 3.49251, 0.5, 0.026, 4, 3.91355, 5, 0, 0, 0, 0, 0
0001101, 27.3395, 1.39826, 0.914219, 3.26822, 0.5, 0.026, 4, 4.0797, 5, 0, 0, 0, 0, 0
1, 24.899, 0.499855, 1.67405e-05, 2.52729, 0.5, 0.0013, 6, 5.83833, 5, 0, 0, 0, 0, 0
0001110, 26.1729, 2.76934, -1.388, 3.11913, 0.5, 0.026, 4, 4.08419, 5, 0, 0, 0, 0, 0
0010111, 24.3339, 5.21674, 0.407197, 3.37522, 0.5, 0.026, 4, 3.94289, 5, 0, 0, 0, 0, 0
0001011, 25.5235, 4.69166, 0.306952, 3.15364, 0.5, 0.026, 4, 4.0696, 5, 0, 0, 0, 0, 0
0100011, 24.2801, 7.51265, 0.528516, 3.44912, 0.5, 0.026, 4, 4.15324, 5, 0, 0, 0, 0, 0
0010101, 27.3232, 7.3806, 2.28279, 3.4856, 0.5, 0.026, 4, 4.18499, 5, 0, 0, 0, 0, 0
0011000, 25.0247, 6.84985, 0.505617, 3.28812, 0.5, 0.026, 4, 3.83405, 5, 0, 0, 0, 0, 0
0001010, 27.975, 4.24561, 0.143794, 3.11438, 0.5, 0.026, 4, 4.1214, 5, 0, 0, 0, 0, 0
0010110, 27.1945, 5.80926, -0.473826, 3.41058, 0.5, 0.026, 4, 3.99507, 5, 0, 0, 0, 0, 0
0100100, 25.0619, 10.0355, 1.30304, 3.32612, 0.5, 0.026, 4, 3.98772, 5, 0, 0, 0, 0, 0
0100001, 27.5857, 11.5007, 3.18197e-05, 3.64064, 0.5, 0.026, 4, 4.01702, 5, 0, 0, 0, 0, 0
0100010, 26.7791, 9.77051, 0.653089, 3.49338, 0.5, 0.026, 4, 3.83648, 5, 0, 0, 0, 0, 0
0001100, 28.2101, 3.30729, 0.15026, 3.25674, 0.5, 0.026, 4, 3.8497, 5, 0, 0, 0, 0, 0
0000111, 29.0879, 0.499812, 2.12824e-06, 3.39591, 0.5, 0.026, 4, 4.14405, 5, 0, 0, 0, 0, 0
0000110, 29.4875, 2.28553, 0.757525, 3.38244, 0.5, 0.026, 4, 4.14267, 5, 0, 0, 0, 0, 0
0000011, 31.5542, 2.14709, 0.595379, 3.26678, 0.5, 0.026, 4, 3.94274, 5, 0, 0, 0, 0, 0
0010011, 29.163, 6.91703, 1.50419, 3.2976, 0.5, 0.026, 4, 3.88159, 5, 0, 0, 0, 0, 0
0001001, 30.0881, 5.07523, 1.59927, 3.01312, 0.5, 0.026, 4, 3.97351, 5, 0, 0, 0, 0, 0
0000101, 31.1928, 4.36199, 1.68321, 3.38121, 0.5, 0.026, 4, 4.14883, 5, 0, 0, 0, 0, 0
0000100, 31.2144, 7.62146, 1.38192, 3.23944, 0.5, 0.026, 4, 4.14699, 5, 0, 0, 0, 0, 0
0001000, 30.327, 8.11364, 1.39864, 3.13141, 0.5, 0.026, 4, 3.9268, 5, 0, 0, 0, 0, 0
0010100, 28.2706, 9.76469, 0.701892, 3.59432, 0.5, 0.026, 4, 3.98679, 5, 0, 0, 0, 0, 0
0010010, 28.8289, 8.98769, 0.707807, 3.41533, 0.5, 0.026, 4, 4.17872, 5, 0, 0, 0, 0, 0
0100000, 31.1257, 11.4982, 0.0014575, 3.48208, 0.5, 0.026, 4, 4.15547, 5, 0, 0, 0, 0, 0
0010001, 31.6302, 10.4894, 0.0363282, 3.3103, 0.5, 0.026, 4, 3.99227, 5, 0, 0, 0, 0, 0
0000010, 32.1103, 5.53685, 1.63096, 3.34014, 0.5, 0.026, 4, 4.10494, 5, 0, 0, 0, 0, 0
0000001, 33.0942, 5.36364, 1.64897, 3.17599, 0.5, 0.026, 4, 4.16577, 5, 0, 0, 0, 0, 0
0000000, 33.749, 7.9, 0.404004, 3.29429, 0.5, 0.026, 4, 3.84485, 5, 0, 0, 0, 0, 0
0010000, 33.1485, 9.37224, -0.127457, 3.34536, 0.5, 0.026, 4, 4.19781, 5, 0, 0, 0, 0, 0

