1, 23.5, 5.75, 1.5708, 2, 0.5, 0.013, 4, 4.01982, 5, 0, 0, 0, 0, 0
0, 22, 6, 0, 2, 0.5, 0.013, 4, 3.95209, 5, 0, 0, 0, 0, 0

1, 23.5328, 5.75, 1.5708, 2.13432, 0.5, 0.013, 4, 4.01982, 5, 0.00754433, -4.31405e-09, -1.03756e-07, -0.000951892, -1.79546e-10
0, 21.9672, 6, 5.27091e-13, 2.13432, 0.5, 0.013, 4, 3.95209, 5, -0.00754433, 4.31405e-09, 1.64312e-13, 0.000951892, 1.79546e-10

1, 23.5685, 5.75, 1.5708, 2.27766, 0.5, 0.013, 4, 4.01982, 5, 0.00733526, -8.08342e-09, -1.08606e-07, 0.00029305, -1.11608e-09
0, 21.9315, 6, 1.77504e-12, 2.27766, 0.5, 0.013, 4, 3.95209, 5, -0.00733526, 8.08342e-09, 3.41781e-13, -0.00029305, 1.11608e-09

1, 23.6067, 5.75, 1.57079, 2.43062, 0.5, 0.013, 4, 4.01982, 5, 0.00790252, -1.2735e-08, -9.91762e-08, 8.17982e-05, -9.07997e-10
0, 21.8933, 6, 3.85397e-12, 2.43062, 0.5, 0.013, 4, 3.95209, 5, -0.00790252, 1.2735e-08, 4.95497e-13, -8.17982e-05, 9.07997e-10

1, 23.6475, 5.75, 1.57079, 2.59386, 0.5, 0.013, 4, 4.01982, 5, 0.00841943, -1.75892e-08, -9.32465e-08, 0.000107077, -1.00329e-09
0, 21.8525, 6, 6.74973e-12, 2.59386, 0.5, 0.013, 4, 3.95209, 5, -0.00841943, 1.75892e-08, 6.62121e-13, -0.000107077, 1.00329e-09

1, 23.691, 5.75, 1.57079, 2.76806, 0.5, 0.013, 4, 4.01982, 5, 0.00898706, -2.28113e-08, -8.76128e-08, 0.000118255, -1.08276e-09
0, 21.809, 6, 1.04811e-11, 2.76806, 0.5, 0.013, 4, 3.95209, 5, -0.00898706, 2.28113e-08, 8.3019e-13, -0.000118255, 1.08276e-09

1, 23.7374, 5.75, 1.57079, 2.95396, 0.5, 0.013, 4, 4.01982, 5, 0.00959113, -2.83927e-08, -8.22303e-08, 0.000124993, -1.15479e-09
0, 21.7626, 6, 1.50499e-11, 2.95396, 0.5, 0.013, 4, 3.95209, 5, -0.00959113, 2.83927e-08, 9.975e-13, -0.000124993, 1.15479e-09

1, 23.787, 5.75, 1.57079, 3.15235, 0.5, 0.013, 4, 4.01982, 5, 0.0102354, -3.43598e-08, -7.71914e-08, 0.000133128, -1.23391e-09
0, 21.713, 6, 2.04537e-11, 3.15235, 0.5, 0.013, 4, 3.95209, 5, -0.0102354, 3.43598e-08, 1.16383e-12, -0.000133128, 1.23391e-09

1, 23.8399, 5.75, 1.57079, 3.36406, 0.5, 0.013, 4, 4.01982, 5, 0.010923, -4.07395e-08, -7.2468e-08, 0.000142045, -1.31905e-09
0, 21.6601, 6, 2.66849e-11, 3.36406, 0.5, 0.013, 4, 3.95209, 5, -0.010923, 4.07395e-08, 1.32824e-12, -0.000142045, 1.31905e-09

1, 23.8963, 5.75, 1.57079, 3.58998, 0.5, 0.013, 4, 4.01982, 5, 0.0116568, -4.75594e-08, -6.80377e-08, 0.000151585, -1.40999e-09
0, 21.6037, 6, 3.37316e-11, 3.58998, 0.5, 0.013, 4, 3.95209, 5, -0.0116568, 4.75594e-08, 1.48998e-12, -0.000151585, 1.40999e-09

1, 23.9565, 5.75, 1.57079, 3.83108, 0.5, 0.013, 4, 4.01982, 5, 0.0124398, -5.48492e-08, -6.38822e-08, 0.000161765, -1.50703e-09
0, 21.5435, 6, 4.15792e-11, 3.83108, 0.5, 0.013, 4, 3.95209, 5, -0.0124398, 5.48492e-08, 1.64846e-12, -0.000161765, 1.50703e-09

01, 20.2524, 6.00981, 0.062686, 2.01016, 0.5, 0.013, 4, 3.9119, 5, -0.0463276, 0.00107931, 0, 0.0331749, -0.00107397
00, 22.516, 5.99036, 3.89448e-07, 2.07822, 0.5, 0.013, 4, 3.95209, 5, 0.003399, -0.00117419, 0, -0.00291348, 0.00109351
11, 24.2252, 4.68139, 1.59458, 2.06737, 0.5, 0.013, 4, 4.02421, 5, 0.0691662, -0.0141031, 0, -0.00808929, 0.0132375
10, 24.2259, 6.7275, 1.57079, 2.02101, 0.5, 0.013, 4, 4.01982, 5, 0.0700208, 0.0142306, 0, -0.00796505, -0.0139728

01, 20.1537, 6.0109, 0.062686, 2.14516, 0.5, 0.013, 4, 3.9119, 5, -0.0131957, 6.73682e-06, 0, 0.000278373, -9.01171e-06
00, 22.5207, 5.98909, 3.89448e-07, 2.21779, 0.5, 0.013, 4, 3.95209, 5, 0.000300441, -1.12212e-05, 0, -3.27822e-05, 1.2304e-05
11, 24.5363, 4.61528, 1.59458, 2.20621, 0.5, 0.013, 4, 4.02421, 5, 0.0603437, -0.0148878, 2.32326e-08, -9.68193e-05, 0.000917812
10, 24.5447, 6.7937, 1.57079, 2.15674, 0.5, 0.013, 4, 4.01982, 5, 0.0622881, 0.0149194, 1.14025e-08, -6.22323e-05, -0.000992886

01, 20.089, 6.01089, 0.062686, 2.28922, 0.5, 0.013, 4, 3.9119, 5, -0.0128821, -3.41393e-06, 0, 4.04367e-06, -1.30905e-07
00, 22.5221, 5.98909, 3.89448e-07, 2.36673, 0.5, 0.013, 4, 3.95209, 5, 0.000261314, 3.464e-06, 0, -6.09096e-07, 2.2861e-07
11, 24.8373, 4.54234, 1.59458, 2.35438, 0.5, 0.013, 4, 4.02421, 5, 0.0600603, -0.0151469, 3.30193e-08, -5.3153e-05, -0.00040558
10, 24.8562, 6.86665, 1.57079, 2.30158, 0.5, 0.013, 4, 4.01982, 5, 0.0623884, 0.0151507, 1.98059e-08, 5.08401e-05, 0.000411481

01, 20.0246, 6.01088, 0.062686, 2.44297, 0.5, 0.013, 4, 3.9119, 5, -0.012877, -3.57866e-06, 0, 9.32152e-08, -3.01764e-09
00, 22.5234, 5.98911, 3.89448e-07, 2.52568, 0.5, 0.013, 4, 3.95209, 5, 0.000260506, 3.76744e-06, 0, -1.73058e-08, 6.49531e-09
11, 25.137, 4.46453, 1.59458, 2.51249, 0.5, 0.013, 4, 4.02421, 5, 0.0598096, -0.0160385, 4.23118e-08, -5.92977e-05, -0.000239909
10, 25.1687, 6.94445, 1.57079, 2.45615, 0.5, 0.013, 4, 4.01982, 5, 0.0626362, 0.0160387, 2.88778e-08, 5.94702e-05, 0.000241814

01, 19.9192, 6.01376, 0.0626863, 2.60703, 0.5, 0.013, 4, 3.9119, 5, -0.0257604, 0.000963667, 1.52691e-08, 0.00602403, -0.000446258
00, 22.5648, 5.98629, 5.39085e-07, 2.6953, 0.5, 0.013, 4, 3.95209, 5, 0.0129827, -0.000949887, 8.37243e-09, -0.00560729, 0.000414419
11, 25.4352, 4.38171, 1.59458, 2.68123, 0.5, 0.013, 4, 4.02421, 5, 0.0594804, -0.0170851, 5.4478e-08, -7.41024e-05, -0.000200111
10, 25.4827, 7.02728, 1.57079, 2.62111, 0.5, 0.013, 4, 4.01982, 5, 0.0629662, 0.0170862, 4.07003e-08, 7.42843e-05, 0.000199806

01, 19.7998, 6.0182, 0.0626866, 2.78212, 0.5, 0.013, 4, 3.9119, 5, -0.0240276, 0.000971463, 4.68702e-08, 0.00118594, -7.67677e-05
00, 22.621, 5.98187, 6.88796e-07, 2.87632, 0.5, 0.013, 4, 3.95209, 5, 0.0114291, -0.000970282, 2.75863e-08, -0.00112911, 7.1797e-05
11, 25.7316, 4.29362, 1.59458, 2.8613, 0.5, 0.013, 4, 4.02421, 5, 0.0590511, -0.0181579, 6.99099e-08, -9.82071e-05, -0.00022065
10, 25.7986, 7.11538, 1.57079, 2.79714, 0.5, 0.013, 4, 4.01982, 5, 0.0633967, 0.0181595, 5.58408e-08, 9.85116e-05, 0.000220821

01, 19.6746, 6.024, 0.0626869, 2.96896, 0.5, 0.013, 4, 3.9119, 5, -0.0255296, 0.00130975, 7.78975e-08, -0.00062265, 0.000112735
00, 22.6832, 5.97608, 8.97874e-07, 3.06949, 0.5, 0.013, 4, 3.95209, 5, 0.0129104, -0.00130536, 4.89552e-08, 0.000600707, -0.000110014
11, 26.0255, 4.20008, 1.59459, 3.05346, 0.5, 0.013, 4, 4.02421, 5, 0.058488, -0.0192599, 8.91044e-08, -0.000128605, -0.000221077
10, 26.1169, 7.20893, 1.57079, 2.98499, 0.5, 0.013, 4, 4.01982, 5, 0.0639616, 0.0192618, 7.49132e-08, 0.000129018, 0.000221091

01, 19.5431, 6.0316, 0.0626873, 3.16836, 0.5, 0.013, 4, 3.9119, 5, -0.0269146, 0.00173146, 9.11979e-08, -0.000408622, 0.000113075
00, 22.7515, 5.96851, 1.16353e-06, 3.27563, 0.5, 0.013, 4, 3.95209, 5, 0.0142873, -0.00172435, 6.08831e-08, 0.000401267, -0.000111681
11, 26.3162, 4.10102, 1.59459, 3.25853, 0.5, 0.013, 4, 4.02421, 5, 0.0577484, -0.0203608, 1.13184e-07, -0.000169008, -0.000217214
10, 26.4385, 7.308, 1.57079, 3.18546, 0.5, 0.013, 4, 4.01982, 5, 0.0647037, 0.0203626, 9.90604e-08, 0.000169583, 0.000217137

01, 19.4054, 6.04151, 0.0626878, 3.38114, 0.5, 0.013, 4, 3.9119, 5, -0.0281694, 0.00225796, 1.07251e-07, -0.000286535, 0.000125253
00, 22.8261, 5.95865, 1.49871e-06, 3.49562, 0.5, 0.013, 4, 3.95209, 5, 0.0155416, -0.00224822, 7.5671e-08, 0.00028517, -0.000124435
11, 26.6026, 3.99656, 1.59459, 3.47737, 0.5, 0.013, 4, 4.02421, 5, 0.056778, -0.0214103, 1.43273e-07, -0.000221302, -0.000199574
10, 26.7643, 7.41247, 1.57079, 3.39939, 0.5, 0.013, 4, 4.01982, 5, 0.0656775, 0.0214113, 1.2948e-07, 0.000222086, 0.000199291

01, 19.2615, 6.05443, 0.0626884, 3.60821, 0.5, 0.013, 4, 3.9119, 5, -0.0294171, 0.00294243, 1.28308e-07, -0.000257764, 0.000157773
00, 22.9068, 5.94579, 1.92238e-06, 3.73038, 0.5, 0.013, 4, 3.95209, 5, 0.0167897, -0.00292915, 9.51927e-08, 0.000257566, -0.00015688
11, 26.8835, 3.88715, 1.59459, 3.71091, 0.5, 0.013, 4, 4.02421, 5, 0.0555136, -0.0223165, 1.80417e-07, -0.000286554, -0.000157782
10, 27.0957, 7.52187, 1.57079, 3.62769, 0.5, 0.013, 4, 4.01982, 5, 0.0669464, 0.0223152, 1.67316e-07, 0.000287582, 0.000157101

01, 19.0317, 6.0902, 0.0626934, 3.85054, 0.5, 0.013, 4, 3.9119, 5, -0.182898, 0.0400123, 0, 0.058454, -0.013749
001, 22.0071, 5.87834, -0.0435156, 2.03475, 0.5, 0.013, 4, 3.93262, 5, -0.0117822, -0.0971664, 0, 0.0289163, 0.0903148
11, 27.1572, 3.77389, 1.59459, 3.96013, 0.5, 0.013, 4, 4.02421, 5, 0.0538955, -0.0229194, 2.24897e-07, -0.000361603, -7.45624e-05
000, 24.0056, 5.93485, 1.55431e-06, 1.94616, 0.5, 0.013, 4, 3.95209, 5, 0.382129, 0.016975, 0, -0.405155, -0.0176385
10, 27.4344, 7.63512, 1.57079, 3.87132, 0.5, 0.013, 4, 4.01982, 5, 0.0685701, 0.022913, 2.1299e-07, 0.000362843, 7.3158e-05

011, 17.4713, 6.14354, 0.0716845, 2.04373, 0.5, 0.013, 4, 4.0465, 5, -0.101734, 0.0175866, 9.72131e-09, -0.005784, -0.000546057
010, 19.5187, 6.27118, 0.0626934, 2.06541, 0.5, 0.013, 4, 3.9119, 5, -0.078234, 0.018734, 3.72911e-09, 0.00721066, 0.000168007
001, 22.0663, 5.76117, -0.0435156, 2.1714, 0.5, 0.013, 4, 3.93262, 5, 0.0177767, -0.00484448, 0, 0.000270943, 0.00084624
111, 27.4487, 2.57132, 1.64576, 2.14286, 0.5, 0.013, 4, 3.95065, 5, 0.0527072, -0.0389788, 1.60098e-07, -0.000631437, -0.0252506
101, 27.7764, 6.68114, 1.5495, 2.07211, 0.5, 0.013, 4, 4.02479, 5, 0.0719426, -0.00295791, 4.16339e-07, 0.00532397, 0.0275742
110, 27.4164, 4.67658, 1.59459, 2.08323, 0.5, 0.013, 4, 4.02421, 5, 0.0547255, -0.00186484, 5.69097e-07, -0.0047985, 0.0129058
000, 24.3721, 5.9525, 1.55431e-06, 2.07686, 0.5, 0.013, 4, 3.95209, 5, 0.0024925, 0.00044744, 0, -0.00248563, -0.000108212
100, 27.768, 8.74375, 1.57079, 2.05921, 0.5, 0.013, 4, 4.01982, 5, 0.064356, 0.039432, -1.06251e-08, 7.04721e-06, -0.015146

011, 16.9555, 6.23024, 0.0716845, 2.18098, 0.5, 0.013, 4, 4.0465, 5, -0.1032, 0.017308, 9.01656e-09, -0.000648221, -3.01382e-05
010, 19.1411, 6.36455, 0.0626934, 2.20412, 0.5, 0.013, 4, 3.9119, 5, -0.0751442, 0.0186268, 4.29864e-09, 0.00065254, 2.57244e-05
001, 22.1537, 5.74005, -0.0435159, 2.31723, 0.5, 0.013, 4, 3.93262, 5, -0.0023291, -0.00902291, -1.44719e-06, -0.0876312, -0.0223241
111, 27.7122, 2.38151, 1.64576, 2.28677, 0.5, 0.013, 4, 3.95065, 5, 0.0527161, -0.0370686, 5.40365e-08, -1.84794e-05, -0.001086
110, 27.672, 4.6314, 1.59459, 2.22314, 0.5, 0.013, 4, 4.02421, 5, 0.0508706, -0.00683331, 4.89684e-07, -0.00133861, 0.000178764
000, 24.377, 5.95502, 1.28536e-06, 2.21634, 0.5, 0.013, 4, 3.95209, 5, 0.0217919, 0.00586905, -1.24855e-06, 0.0936038, 0.0238678
101, 28.1565, 6.71766, 1.54951, 2.21127, 0.5, 0.013, 4, 4.02479, 5, 0.0769378, 0.0047701, 3.46678e-07, 0.00149281, 0.00355839
100, 28.0867, 8.91493, 1.57079, 2.1975, 0.5, 0.013, 4, 4.01982, 5, 0.0630001, 0.0333915, -6.51288e-08, -0.000120844, -0.00260138

011, 16.4361, 6.31669, 0.0716846, 2.32745, 0.5, 0.013, 4, 4.0465, 5, -0.104319, 0.0172874, 1.0917e-08, -0.000145953, 1.79013e-06
010, 18.7688, 6.45776, 0.0626935, 2.35215, 0.5, 0.013, 4, 3.9119, 5, -0.0740093, 0.0186429, 6.07653e-09, 0.000146729, -1.81651e-06
001, 22.1311, 5.68921, -0.0435173, 2.47285, 0.5, 0.013, 4, 3.93262, 5, -0.00387868, -0.0109465, -9.55682e-08, 0.0102226, 0.00316147
111, 27.976, 2.20024, 1.64576, 2.44035, 0.5, 0.013, 4, 3.95065, 5, 0.0528287, -0.0350513, 3.77359e-08, 2.08551e-05, 0.000137755
110, 27.9212, 4.60193, 1.59459, 2.37244, 0.5, 0.013, 4, 4.02421, 5, 0.0497852, -0.00388957, 4.21437e-07, 0.000396201, 0.00157815
000, 24.4911, 5.98883, 5.9193e-08, 2.36519, 0.5, 0.013, 4, 3.95209, 5, 0.0217859, 0.00745874, -8.62589e-08, -0.0110465, -0.00344273
101, 28.5499, 6.73988, 1.54951, 2.35978, 0.5, 0.013, 4, 4.02479, 5, 0.0793942, 0.00279328, 2.41174e-07, -0.000112321, -0.00116834
100, 28.3979, 9.07466, 1.57079, 2.34508, 0.5, 0.013, 4, 4.01982, 5, 0.0615124, 0.0303662, -1.26872e-07, -0.000308085, -0.000531832

011, 15.9119, 6.40312, 0.0716847, 2.48376, 0.5, 0.013, 4, 4.0465, 5, -0.105368, 0.0172881, 1.36675e-08, -0.000199531, 2.40775e-06
010, 18.4014, 6.55098, 0.0626935, 2.51011, 0.5, 0.013, 4, 3.9119, 5, -0.0729605, 0.0186421, 8.54114e-09, 0.000199709, -2.38345e-06
001, 22.1173, 5.6305, -0.0435189, 2.63893, 0.5, 0.013, 4, 3.93262, 5, -0.002841, -0.0130863, -3.62552e-07, 0.000563973, -0.000300662
000, 24.5943, 6.03008, -1.44648e-06, 2.52403, 0.5, 0.013, 4, 3.95209, 5, 0.0207368, 0.00961878, -3.38521e-07, -0.000613922, 0.000279434
111, 28.2404, 2.03031, 1.64576, 2.60424, 0.5, 0.013, 4, 3.95065, 5, 0.0529252, -0.0328451, 2.70189e-08, 1.06298e-05, 0.000450004
110, 28.1731, 4.5938, 1.5946, 2.53177, 0.5, 0.013, 4, 4.02421, 5, 0.0514098, 0.000547947, 3.31604e-07, 0.000575781, 0.000834372
101, 28.9469, 6.74566, 1.54951, 2.51826, 0.5, 0.013, 4, 4.02479, 5, 0.0789342, -0.000522929, 1.30567e-07, -0.000352202, -0.000714373
100, 28.7022, 9.21803, 1.57079, 2.50258, 0.5, 0.013, 4, 4.01982, 5, 0.0602476, 0.0270423, -1.66437e-07, -0.000235091, -0.000568898

011, 15.3824, 6.4896, 0.0716847, 2.65057, 0.5, 0.013, 4, 4.0465, 5, -0.106453, 0.0173066, 1.70202e-08, -0.000228106, 5.56098e-06
010, 18.0393, 6.64415, 0.0626935, 2.67869, 0.5, 0.013, 4, 3.9119, 5, -0.0718761, 0.0186237, 1.16369e-08, 0.000227974, -5.54151e-06
001, 22.1111, 5.56145, -0.0435208, 2.81616, 0.5, 0.013, 4, 3.93262, 5, 0.000152652, -0.0146892, -4.16911e-07, 0.000350968, -0.000517554
000, 24.6896, 6.08169, -3.25304e-06, 2.69354, 0.5, 0.013, 4, 3.95209, 5, 0.017667, 0.0111944, -3.99729e-07, -0.000335635, 0.000530149
111, 28.5051, 1.87071, 1.64576, 2.77914, 0.5, 0.013, 4, 3.95065, 5, 0.0529132, -0.0311346, 2.46658e-08, -1.62153e-05, 0.000250763
110, 28.4388, 4.60645, 1.5946, 2.7018, 0.5, 0.013, 4, 4.02421, 5, 0.0552042, 0.00437613, 1.67273e-07, 0.000978391, 0.000679249
101, 29.3356, 6.73521, 1.54951, 2.68738, 0.5, 0.013, 4, 4.02479, 5, 0.0762215, -0.00362192, -5.76625e-08, -0.00073926, -0.000599299
100, 29.0008, 9.34658, 1.57079, 2.67065, 0.5, 0.013, 4, 4.01982, 5, 0.0591748, 0.0246201, -1.99657e-07, -0.00022373, -0.000325938

011, 14.8472, 6.57622, 0.0716848, 2.82858, 0.5, 0.013, 4, 4.0465, 5, -0.107615, 0.0173478, 2.11885e-08, -0.000239202, 1.11234e-05
010, 17.6828, 6.73718, 0.0626936, 2.85859, 0.5, 0.013, 4, 3.9119, 5, -0.0707143, 0.0185826, 1.55618e-08, 0.000239128, -1.10904e-05
001, 22.1206, 5.48445, -0.0435229, 3.00529, 0.5, 0.013, 4, 3.93262, 5, 0.00399823, -0.0158403, -4.0456e-07, 0.000991419, -1.74389e-05
000, 24.7691, 6.14118, -5.25722e-06, 2.87444, 0.5, 0.013, 4, 3.95209, 5, 0.0137883, 0.0123247, -3.96283e-07, -0.00100289, 6.14273e-06
111, 28.7693, 1.71734, 1.64576, 2.96578, 0.5, 0.013, 4, 3.95065, 5, 0.0527428, -0.0304231, 3.18264e-08, -5.8913e-05, -4.43896e-05
110, 28.7282, 4.63557, 1.5946, 2.88325, 0.5, 0.013, 4, 4.02421, 5, 0.060466, 0.00695768, 1.95989e-08, 0.000651726, 0.000324121
101, 29.7067, 6.71027, 1.54951, 2.86786, 0.5, 0.013, 4, 4.02479, 5, 0.0724369, -0.00610518, -2.52342e-07, -0.000302553, -0.000224778
100, 29.2935, 9.46704, 1.57079, 2.85001, 0.5, 0.013, 4, 4.01982, 5, 0.0578679, 0.0238396, -2.42428e-07, -0.000286644, -4.56764e-05

011, 14.3061, 6.66313, 0.0716849, 3.01855, 0.5, 0.013, 4, 4.0465, 5, -0.108853, 0.0174213, 2.64635e-08, -0.000255722, 1.86977e-05
010, 17.3322, 6.82992, 0.0626937, 3.05057, 0.5, 0.013, 4, 3.9119, 5, -0.0694764, 0.0185094, 2.0595e-08, 0.000255624, -1.86494e-05
001, 22.1538, 5.4068, -0.0435248, 3.20712, 0.5, 0.013, 4, 3.93262, 5, 0.00944947, -0.0147463, -3.09532e-07, 0.00118759, 0.000556345
000, 24.8247, 6.20111, -7.07672e-06, 3.06749, 0.5, 0.013, 4, 3.95209, 5, 0.00830016, 0.0111679, -3.08715e-07, -0.00119314, -0.000574243
111, 29.0319, 1.58581, 1.64576, 3.16496, 0.5, 0.013, 4, 3.95065, 5, 0.0504498, 0.0438037, 2.01773e-06, -0.0165821, -0.188592
110, 29.0352, 4.67489, 1.5946, 3.07689, 0.5, 0.013, 4, 4.02421, 5, 0.0638736, 0.0258071, 1.49124e-06, 0.017288, 0.152584
101, 30.0688, 6.6789, 1.54951, 3.06047, 0.5, 0.013, 4, 4.02479, 5, 0.0728108, -0.00618845, -2.89268e-07, 0.00023052, 0.000109065
100, 29.5794, 9.58544, 1.57079, 3.04141, 0.5, 0.013, 4, 4.01982, 5, 0.0564721, 0.0234528, -2.80278e-07, -0.000273321, -0.000129093

011, 13.7586, 6.75051, 0.0716851, 3.22127, 0.5, 0.013, 4, 4.0465, 5, -0.110172, 0.01754, 3.31933e-08, -0.00027206, 2.9403e-05
010, 16.9881, 6.92219, 0.0626938, 3.25544, 0.5, 0.013, 4, 3.9119, 5, -0.0681579, 0.0183909, 2.70843e-08, 0.000271953, -2.93313e-05
001, 22.2155, 5.34314, -0.0435258, 3.42251, 0.5, 0.013, 4, 3.93262, 5, 0.0150545, -0.010019, -8.83167e-08, 0.000964593, 0.00136684
000, 24.8518, 6.24663, -8.13081e-06, 3.27349, 0.5, 0.013, 4, 3.95209, 5, 0.00269848, 0.00633789, -8.95074e-08, -0.000956755, -0.00139002
111, 29.2505, 1.77005, 1.64577, 3.37751, 0.5, 0.013, 4, 3.95065, 5, -0.0124463, 0.0742871, 1.45824e-05, -0.13248, -0.608913
110, 29.3891, 5.00469, 1.5946, 3.28353, 0.5, 0.013, 4, 4.02421, 5, 0.129017, 0.273067, 1.27147e-05, 0.136931, 0.474047
101, 30.436, 6.64999, 1.5495, 3.26601, 0.5, 0.013, 4, 4.02479, 5, 0.0740542, -0.00523275, -3.18791e-07, 0.00024247, 0.000277857
100, 29.8584, 9.70054, 1.57079, 3.24567, 0.5, 0.013, 4, 4.01982, 5, 0.0551487, 0.0224579, -3.11222e-07, -0.000246302, -0.00028028

011, 13.2042, 6.83863, 0.0716853, 3.43761, 0.5, 0.013, 4, 4.0465, 5, -0.111574, 0.0177226, 4.18682e-08, -0.000288731, 4.44926e-05
010, 16.6508, 7.01372, 0.062694, 3.47407, 0.5, 0.013, 4, 3.9119, 5, -0.0667566, 0.0182088, 3.55158e-08, 0.000288616, -4.43863e-05
001, 22.2995, 5.3088, -0.0435259, 3.65236, 0.5, 0.013, 4, 3.93262, 5, 0.0178057, -0.00479432, 0, 0.000191866, 0.000403129
000, 24.8568, 6.26248, -8.20473e-06, 3.49334, 0.5, 0.013, 4, 3.95209, 5, 3.69387e-05, 0.00113932, 0, -0.000172494, -0.000374408
111, 29.3419, 1.81937, 1.64577, 3.60435, 0.5, 0.013, 4, 3.95065, 5, 0.0418378, 0.0277344, 0, 0.00427269, -0.019185
110, 29.7643, 5.68788, 1.59461, 3.50405, 0.5, 0.013, 4, 4.02421, 5, 0.061525, 0.0415453, 0, -0.000119247, -0.0165449
101, 30.8921, 6.6576, 1.54951, 3.48535, 0.5, 0.013, 4, 4.02479, 5, 0.0766181, 0.0065727, 0, -0.00483959, 0.000896155
100, 30.1546, 9.78144, 1.57079, 3.46364, 0.5, 0.013, 4, 4.01982, 5, 0.0629952, 0.0108638, 0, 0.000701426, -0.000987574

011, 12.6427, 6.92788, 0.0716855, 3.66847, 0.5, 0.013, 4, 4.0465, 5, -0.113059, 0.0179952, 5.3159e-08, -0.000305119, 6.58061e-05
010, 16.3207, 7.10413, 0.0626942, 3.70739, 0.5, 0.013, 4, 3.9119, 5, -0.0652722, 0.0179368, 4.65562e-08, 0.000305, -6.56482e-05
001, 22.3899, 5.28776, -0.0435259, 3.89765, 0.5, 0.013, 4, 3.93262, 5, 0.0182363, -0.00388951, 0, 3.00204e-05, 6.30756e-05
000, 24.8558, 6.26554, -8.20473e-06, 3.72795, 0.5, 0.013, 4, 3.95209, 5, -0.000334372, 0.000333367, 0, -2.40131e-05, -5.21219e-05
111, 29.5819, 1.92322, 1.64577, 3.84641, 0.5, 0.013, 4, 3.95065, 5, 0.0513116, 0.022466, 0, 0.000646315, -0.0157351
110, 30.0711, 5.77866, 1.59461, 3.73938, 0.5, 0.013, 4, 4.02421, 5, 0.0612675, 0.00582543, 0, -1.67393e-05, -0.00232251
101, 31.279, 6.66757, 1.54951, 3.71942, 0.5, 0.013, 4, 4.02479, 5, 0.0778156, 0.00105592, -5.8284e-07, 0.00253364, -0.00128377
100, 30.4365, 9.85814, 1.57079, 3.69626, 0.5, 0.013, 4, 4.01982, 5, 0.0528599, 0.0162166, -5.7845e-07, -0.00311926, 0.00127762

011, 11.952, 7.02465, 0.0716875, 3.91484, 0.5, 0.013, 4, 4.0465, 5, -0.246033, 0.0248119, 0, 0.0526618, -0.00226157
0101, 15.0134, 7.10132, 0.0941352, 2.02345, 0.5, 0.013, 4, 4.05578, 5, -0.0881617, -0.00861518, 0, 0.0239533, 0.0256047
0100, 17.0965, 7.26106, 0.0626945, 1.93293, 0.5, 0.013, 4, 3.9119, 5, 0.192211, 0.0333617, 0, -0.302715, -0.0164898
0001, 23.8052, 6.26677, -0.0453745, 2.01878, 0.5, 0.013, 4, 4.07124, 5, -0.0156703, -0.000139705, -1.51886e-07, -0.0444664, -0.00104864
0011, 21.5366, 5.30928, -0.0617442, 2.02949, 0.5, 0.013, 4, 4.00363, 5, 0.00308196, -0.00329646, -1.71244e-08, -0.00112082, 3.13027e-05
0010, 23.6113, 5.21993, -0.0435259, 2.12992, 0.5, 0.013, 4, 3.93262, 5, 0.0332884, -0.00430601, -6.20794e-09, 0.00120152, -3.27615e-05
0000, 25.7865, 6.26688, -8.22001e-06, 1.95954, 0.5, 0.013, 4, 3.95209, 5, 0.0156881, 0.000588057, -5.16878e-08, 0.0463622, 0.00108139
1111, 29.917, 1.02088, 1.67478, 2.03686, 0.5, 0.013, 4, 4.07625, 5, 0.0536824, -0.0086143, 5.13534e-08, 0.00101127, -0.0155966
1110, 29.7603, 3.06212, 1.64578, 2.06787, 0.5, 0.013, 4, 3.95065, 5, 0.0278925, 0.00473793, 3.73803e-06, -0.0681041, -0.0538794
110, 30.3789, 5.79233, 1.59461, 3.99051, 0.5, 0.013, 4, 4.02421, 5, 0.070489, 0.0100504, 2.67143e-06, 0.0288243, 0.0287467
101, 31.6468, 6.68721, 1.54951, 3.96921, 0.5, 0.013, 4, 4.02479, 5, 0.0708965, 0.0057938, 0, -0.00216617, 0.00101389
100, 30.7181, 9.92468, 1.57078, 3.9445, 0.5, 0.013, 4, 4.01982, 5, 0.0585236, 0.0114239, 0, 0.00208478, -0.00101939

0111, 10.068, 7.05888, 0.13011, 2.08725, 0.5, 0.013, 4, 3.93707, 5, -0.149991, 0.0196164, 1.16468e-07, -0.0179659, -0.000826836
0110, 12.1453, 7.20622, 0.0716875, 2.09051, 0.5, 0.013, 4, 4.0465, 5, -0.123925, 0.0206383, 4.26826e-08, 0.0219152, 0.000652994
0101, 14.6696, 7.1619, 0.0941352, 2.15934, 0.5, 0.013, 4, 4.05578, 5, -0.0639346, 0.0172821, 0, 0.000213479, 0.000228196
0100, 16.9165, 7.3657, 0.0626945, 2.06274, 0.5, 0.013, 4, 3.9119, 5, -0.0875525, 0.0181222, 0, -0.0017317, -9.43309e-05
0001, 23.7348, 6.26609, -0.0453747, 2.15436, 0.5, 0.013, 4, 4.07124, 5, -0.013431, -0.000160485, -4.53925e-08, -0.00309181, -0.000110103
0011, 21.5581, 5.29251, -0.0617443, 2.16579, 0.5, 0.013, 4, 4.00363, 5, 0.00372177, -0.00335541, -1.7388e-08, -0.000544747, 8.20324e-06
0010, 23.7725, 5.19867, -0.0435259, 2.27297, 0.5, 0.013, 4, 3.93262, 5, 0.0328164, -0.00425155, -7.26041e-09, 0.000526404, -7.68497e-06
0000, 25.8536, 6.26968, -8.28392e-06, 2.09114, 0.5, 0.013, 4, 3.95209, 5, 0.0126238, 0.000578922, -1.80959e-08, 0.00328346, 0.000115821
1111, 30.2014, 1.08363, 1.67478, 2.17365, 0.5, 0.013, 4, 4.07625, 5, 0.0584749, 0.014053, 2.94148e-08, -0.00273845, 0.000174209
1110, 29.9131, 3.24942, 1.64578, 2.20675, 0.5, 0.013, 4, 3.95065, 5, 0.030706, 0.0392812, -5.83527e-08, 0.0158861, -0.0128692
1011, 31.9688, 5.75348, 1.58761, 2.07081, 0.5, 0.013, 4, 4.01776, 5, 0.0677105, -0.00362352, 5.74417e-08, -0.000406058, -0.00373759
1101, 30.8353, 4.75697, 1.55596, 2.08251, 0.5, 0.013, 4, 3.97939, 5, 0.0968476, -0.0307489, 0, -0.0200578, 0.0412375
1100, 30.5753, 6.86252, 1.59461, 2.176, 0.5, 0.013, 4, 4.02421, 5, 0.025631, -0.0190188, 6.60023e-08, 0.0310474, 0.0164076
1001, 31.094, 8.85594, 1.52559, 2.09202, 0.5, 0.013, 4, 4.08861, 5, 0.0879402, -0.0221513, -6.62134e-07, -0.0377833, -0.0151375
1000, 30.9632, 10.9413, 1.57078, 2.11738, 0.5, 0.013, 4, 4.01982, 5, 0.0459415, -0.0137513, -3.0752e-07, -0.000565405, -0.000288482
1010, 32.0615, 7.8644, 1.5495, 2.16497, 0.5, 0.013, 4, 4.02479, 5, 0.0686606, 0.018527, -4.48979e-07, 0.00994029, 0.00300651

0110, 11.5398, 7.30899, 0.0716876, 2.23091, 0.5, 0.013, 4, 4.0465, 5, -0.120697, 0.0204706, 2.53761e-08, 0.00186622, 2.52695e-05
0111, 9.3208, 7.15665, 0.130111, 2.22742, 0.5, 0.013, 4, 3.93707, 5, -0.148915, 0.0196, 5.98133e-08, -0.00182437, -2.74304e-05
0101, 14.2934, 7.24276, 0.0941351, 2.30436, 0.5, 0.013, 4, 4.05578, 5, -0.0788514, 0.0158026, -2.25914e-08, -0.00573668, -0.00078773
0100, 16.5311, 7.46272, 0.0626944, 2.20127, 0.5, 0.013, 4, 3.9119, 5, -0.0747031, 0.0197071, -4.87128e-08, 0.00660887, 0.000902545
0001, 23.6617, 6.26486, -0.0453749, 2.29904, 0.5, 0.013, 4, 4.07124, 5, -0.0149466, -0.00031085, -4.45943e-08, -0.00030091, -3.46592e-05
0011, 21.575, 5.27567, -0.0617444, 2.31124, 0.5, 0.013, 4, 4.00363, 5, 0.00291251, -0.00337993, -1.97578e-08, -0.000291881, -2.94644e-06
0010, 23.9383, 5.17747, -0.043526, 2.42562, 0.5, 0.013, 4, 3.93262, 5, 0.0336396, -0.00422775, -9.33458e-09, 0.000284133, 3.08212e-06
0000, 25.9228, 6.27301, -8.37319e-06, 2.23158, 0.5, 0.013, 4, 3.95209, 5, 0.0141583, 0.000730144, -2.03955e-08, 0.000312074, 3.51713e-05
1111, 30.4978, 1.15623, 1.67478, 2.31963, 0.5, 0.013, 4, 4.07625, 5, 0.0603873, 0.0149953, -4.53535e-08, 0.000632745, 0.000195262
1110, 30.123, 3.44993, 1.64578, 2.35495, 0.5, 0.013, 4, 3.95065, 5, 0.0444528, 0.0408692, -2.21166e-07, -0.00038818, 0.000680425
1101, 31.2686, 4.69374, 1.55596, 2.22237, 0.5, 0.013, 4, 3.97939, 5, 0.0839702, -0.00206555, -4.94122e-07, 0.00373495, -0.00342988
1100, 30.7101, 6.79513, 1.59462, 2.32214, 0.5, 0.013, 4, 4.02421, 5, 0.0312347, -0.0050667, 1.54372e-07, 0.00180069, 0.0110484
1001, 31.4928, 8.70333, 1.52559, 2.23252, 0.5, 0.013, 4, 4.08861, 5, 0.0792262, -0.0262959, -1.95558e-07, -0.00343171, 0.00397375
1000, 31.1486, 10.8702, 1.57078, 2.25959, 0.5, 0.013, 4, 4.01982, 5, 0.033311, -0.0146882, -6.81407e-07, 0.0012112, -0.000187535
1011, 32.3043, 5.72289, 1.58761, 2.20988, 0.5, 0.013, 4, 4.01776, 5, 0.0666886, -0.0056742, 8.91669e-08, -0.000270546, -0.00039718
1010, 32.474, 7.96631, 1.5495, 2.31037, 0.5, 0.013, 4, 4.02479, 5, 0.0825047, 0.0200364, -3.13327e-07, -0.0030807, 0.000493252

0110, 10.9405, 7.41108, 0.0716878, 2.38074, 0.5, 0.013, 4, 4.0465, 5, -0.119462, 0.0203465, 2.9854e-08, 0.000138139, -3.24575e-05
0111, 8.57225, 7.2549, 0.130111, 2.37701, 0.5, 0.013, 4, 3.93707, 5, -0.150093, 0.0197217, 6.1938e-08, -0.000137227, 3.24265e-05
0101, 13.8377, 7.31278, 0.0941349, 2.45912, 0.5, 0.013, 4, 4.05578, 5, -0.0899209, 0.0138517, -5.58982e-08, -0.00194889, -0.000443861
0100, 16.222, 7.57066, 0.062694, 2.34911, 0.5, 0.013, 4, 3.9119, 5, -0.063296, 0.0217116, -8.94997e-08, 0.0021846, 0.000480448
0001, 23.5839, 6.26286, -0.0453752, 2.45344, 0.5, 0.013, 4, 4.07124, 5, -0.016028, -0.000489334, -5.18194e-08, -0.000143044, -3.70786e-05
0011, 21.587, 5.25869, -0.0617445, 2.46646, 0.5, 0.013, 4, 4.00363, 5, 0.00187581, -0.00341599, -2.30817e-08, -0.000205306, -9.44799e-06
0010, 24.1091, 5.15641, -0.043526, 2.58852, 0.5, 0.013, 4, 3.93262, 5, 0.0346749, -0.00419209, -1.21537e-08, 0.000205439, 9.34189e-06
0000, 25.9966, 6.2771, -8.49082e-06, 2.38145, 0.5, 0.013, 4, 3.95209, 5, 0.0152459, 0.000909411, -2.67295e-08, 0.000140574, 3.70923e-05
1111, 30.8072, 1.2337, 1.67478, 2.47541, 0.5, 0.013, 4, 4.07625, 5, 0.0632655, 0.0160031, -1.46396e-07, 0.000696736, 0.000208346
1110, 30.339, 3.65892, 1.64578, 2.51311, 0.5, 0.013, 4, 3.95065, 5, 0.0418945, 0.0417156, -3.23158e-07, -0.000686862, 0.000167859
1101, 31.6579, 4.70803, 1.55596, 2.37162, 0.5, 0.013, 4, 3.97939, 5, 0.0742328, 0.00513428, -1.54651e-07, 0.00365542, -0.00517253
1100, 30.9195, 6.80958, 1.59462, 2.47809, 0.5, 0.013, 4, 4.02421, 5, 0.0481929, 0.00781243, -3.9767e-07, -0.00422502, 0.00620727
1001, 31.8673, 8.5916, 1.52559, 2.38245, 0.5, 0.013, 4, 4.08861, 5, 0.0723489, -0.0181381, -4.89114e-07, -0.00333139, 0.00237147
1000, 31.3157, 10.7944, 1.57077, 2.41134, 0.5, 0.013, 4, 4.01982, 5, 0.0331426, -0.0156736, -7.24637e-07, 0.00011467, -0.000202399
1011, 32.6608, 5.68677, 1.58761, 2.3583, 0.5, 0.013, 4, 4.01776, 5, 0.0745902, -0.00876952, 3.34075e-07, 0.00215163, -0.00231024
1010, 32.8608, 8.07568, 1.5495, 2.46553, 0.5, 0.013, 4, 4.02479, 5, 0.0742219, 0.0236051, -1.49792e-07, 0.00194242, 0.00217392

0111, 7.81892, 7.35395, 0.130111, 2.53665, 0.5, 0.013, 4, 3.93707, 5, -0.15119, 0.0199089, 7.32728e-08, -0.000174794, 4.48301e-05
0110, 10.3461, 7.51238, 0.0716879, 2.54063, 0.5, 0.013, 4, 4.0465, 5, -0.118365, 0.0201592, 3.94946e-08, 0.000174912, -4.48201e-05
0100, 15.9169, 7.68309, 0.0626934, 2.50687, 0.5, 0.013, 4, 3.9119, 5, -0.0609956, 0.0229646, -1.21069e-07, -4.24244e-05, 0.000204151
0101, 13.3773, 7.37828, 0.0941346, 2.62427, 0.5, 0.013, 4, 4.05578, 5, -0.0921277, 0.0126186, -8.80791e-08, 4.37099e-05, -0.000202394
0001, 23.5012, 6.25987, -0.0453754, 2.61821, 0.5, 0.013, 4, 4.07124, 5, -0.0170623, -0.000718036, -6.13712e-08, -0.000213399, -5.22986e-05
0011, 21.5936, 5.24147, -0.0617446, 2.6321, 0.5, 0.013, 4, 4.00363, 5, 0.000769973, -0.00347485, -2.73913e-08, -0.000227679, -1.45974e-05
0010, 24.2852, 5.13559, -0.0435261, 2.76236, 0.5, 0.013, 4, 3.93262, 5, 0.0357788, -0.00413381, -1.58636e-08, 0.000227346, 1.44569e-05
0000, 26.0754, 6.28219, -8.64512e-06, 2.54138, 0.5, 0.013, 4, 3.95209, 5, 0.0162816, 0.00113896, -3.51833e-08, 0.000213583, 5.24931e-05
1111, 31.1309, 1.31637, 1.67478, 2.64166, 0.5, 0.013, 4, 4.07625, 5, 0.066201, 0.0170779, -2.59945e-07, 0.000573719, 0.000222033
1110, 30.5412, 3.86342, 1.64577, 2.68189, 0.5, 0.013, 4, 3.95065, 5, 0.0389695, 0.0396827, -4.20512e-07, -0.000573836, -0.000664042
1100, 31.1807, 6.8599, 1.59461, 2.64452, 0.5, 0.013, 4, 4.02421, 5, 0.0546058, 0.00967423, -3.3953e-07, -0.000415352, 1.85143e-05
1000, 31.4813, 10.7134, 1.57077, 2.57328, 0.5, 0.013, 4, 4.01982, 5, 0.0339585, -0.0167264, -6.35965e-07, 0.000931909, -0.000217373
1101, 32.0304, 4.73652, 1.55596, 2.53089, 0.5, 0.013, 4, 3.97939, 5, 0.0744775, 0.00723707, -9.75913e-09, 0.000548203, 5.41598e-05
1011, 33.0374, 5.64159, 1.58761, 2.51668, 0.5, 0.013, 4, 4.01776, 5, 0.0751036, -0.00954644, 1.82744e-07, 3.86272e-05, -0.000913985
1001, 32.2152, 8.52259, 1.52558, 2.54246, 0.5, 0.013, 4, 4.08861, 5, 0.0682958, -0.00806004, -6.52868e-07, -0.000306579, 0.00270193
1010, 33.2207, 8.19586, 1.5495, 2.63112, 0.5, 0.013, 4, 4.02479, 5, 0.0703438, 0.0246271, 8.81387e-08, -0.000714251, 0.000904064

0111, 7.06037, 7.45412, 0.130112, 2.70701, 0.5, 0.013, 4, 3.93707, 5, -0.152249, 0.0201752, 8.68581e-08, -0.000227686, 6.28157e-05
0110, 9.75688, 7.61254, 0.0716882, 2.71125, 0.5, 0.013, 4, 4.0465, 5, -0.117305, 0.019893, 5.16401e-08, 0.000227657, -6.28001e-05
0100, 15.6152, 7.8015, 0.0626927, 2.67523, 0.5, 0.013, 4, 3.9119, 5, -0.0600399, 0.0244038, -1.69572e-07, -0.000148081, 0.000257922
0101, 12.9135, 7.43782, 0.094134, 2.80051, 0.5, 0.013, 4, 4.05578, 5, -0.0930639, 0.0111919, -1.35196e-07, 0.000130099, -0.000259908
0001, 23.4133, 6.25557, -0.0453758, 2.79405, 0.5, 0.013, 4, 4.07124, 5, -0.0181394, -0.00101788, -7.27154e-08, -0.000221439, -6.8689e-05
0011, 21.5946, 5.22389, -0.0617448, 2.80887, 0.5, 0.013, 4, 4.00363, 5, -0.000402709, -0.00356536, -3.27297e-08, -0.000242056, -2.1999e-05
0010, 24.467, 5.11513, -0.0435262, 2.94788, 0.5, 0.013, 4, 3.93262, 5, 0.0369497, -0.00404415, -2.06042e-08, 0.000241666, 2.1794e-05
0000, 26.1595, 6.2886, -8.84629e-06, 2.71206, 0.5, 0.013, 4, 3.95209, 5, 0.0173593, 0.00143994, -4.57366e-08, 0.000221624, 6.89634e-05
1111, 31.4682, 1.4046, 1.67477, 2.81907, 0.5, 0.013, 4, 4.07625, 5, 0.0685731, 0.0182249, -3.57014e-07, 0.000330928, 0.000236922
1110, 30.7297, 4.05093, 1.64577, 2.862, 0.5, 0.013, 4, 3.95065, 5, 0.0365916, 0.0348759, -4.90251e-07, -0.000333407, -0.00124109
1100, 31.4592, 6.90101, 1.59461, 2.82212, 0.5, 0.013, 4, 4.02421, 5, 0.0574038, 0.00648446, -1.61789e-07, 0.000932671, -0.000725095
1000, 31.6653, 10.627, 1.57077, 2.7461, 0.5, 0.013, 4, 4.01982, 5, 0.0401137, -0.0178495, -3.69863e-07, 0.00157431, -0.000232018
1101, 32.4001, 4.78065, 1.55596, 2.70087, 0.5, 0.013, 4, 3.97939, 5, 0.0731302, 0.0106351, 8.835e-08, -0.000371407, 0.000741998
1011, 33.4118, 5.59055, 1.58761, 2.6857, 0.5, 0.013, 4, 4.01776, 5, 0.074188, -0.0106976, 8.71686e-08, -0.00048545, -0.000137144
1001, 32.5468, 8.51305, 1.52558, 2.7132, 0.5, 0.013, 4, 4.08861, 5, 0.0633951, 0.00350442, -3.78365e-07, -0.0015353, 0.00186736
1010, 33.5664, 8.32252, 1.5495, 2.80782, 0.5, 0.013, 4, 4.02479, 5, 0.0684916, 0.025834, 7.94126e-08, -0.000142788, 0.000134559

0111, 6.29634, 7.55588, 0.130112, 2.88881, 0.5, 0.013, 4, 3.93707, 5, -0.153368, 0.0205465, 1.03229e-07, -0.000225504, 8.69582e-05
0110, 9.17314, 7.71113, 0.0716885, 2.89334, 0.5, 0.013, 4, 4.0465, 5, -0.116187, 0.0195218, 6.68755e-08, 0.000225502, -8.69365e-05
0100, 15.316, 7.92786, 0.0626917, 2.8549, 0.5, 0.013, 4, 3.9119, 5, -0.0596982, 0.0262256, -2.34898e-07, 4.20832e-05, 0.000420303
0101, 12.4472, 7.48947, 0.0941332, 2.98859, 0.5, 0.013, 4, 4.05578, 5, -0.0934118, 0.00938187, -1.98775e-07, -4.33962e-05, -0.00041748
0001, 23.3198, 6.24953, -0.0453762, 2.9817, 0.5, 0.013, 4, 4.07124, 5, -0.0192705, -0.00141403, -8.68633e-08, -0.000230504, -9.08445e-05
0011, 21.5895, 5.20575, -0.0617449, 2.99751, 0.5, 0.013, 4, 4.00363, 5, -0.00165233, -0.00369962, -3.94708e-08, -0.000257763, -3.227e-05
0010, 24.6548, 5.09522, -0.0435263, 3.14586, 0.5, 0.013, 4, 3.93262, 5, 0.0381972, -0.00391114, -2.67226e-08, 0.000257319, 3.19699e-05
0000, 26.2491, 6.29675, -9.10739e-06, 2.8942, 0.5, 0.013, 4, 3.95209, 5, 0.0184913, 0.00183773, -5.92542e-08, 0.00023065, 9.12303e-05
1111, 31.8136, 1.49875, 1.67477, 3.0084, 0.5, 0.013, 4, 4.07625, 5, 0.069157, 0.0194489, -3.85879e-07, -0.000139309, 0.000252833
1110, 30.9101, 4.20812, 1.64577, 3.05421, 0.5, 0.013, 4, 3.95065, 5, 0.035991, 0.0277169, -4.84501e-07, 0.000134934, -0.00157611
1100, 31.7587, 6.92588, 1.59461, 3.01165, 0.5, 0.013, 4, 4.02421, 5, 0.0625611, 0.00378432, 0, 0.00073871, -0.00026527
1000, 31.8879, 10.5348, 1.57077, 2.93053, 0.5, 0.013, 4, 4.01982, 5, 0.0493927, -0.0190482, -1.78387e-08, 0.0020494, -0.000247602
1101, 32.7599, 4.84147, 1.55596, 2.88225, 0.5, 0.013, 4, 3.97939, 5, 0.0707602, 0.0133628, 1.59681e-07, -0.00025817, 0.000259272
1011, 33.7769, 5.53448, 1.58761, 2.86607, 0.5, 0.013, 4, 4.01776, 5, 0.0717232, -0.0117308, 4.64915e-08, -0.000401603, -0.000217618
1001, 32.842, 8.54926, 1.52558, 2.89542, 0.5, 0.013, 4, 4.08861, 5, 0.0541668, 0.0100057, -1.79547e-08, -0.00204915, 0.000682207
1010, 33.9076, 8.45416, 1.5495, 2.99639, 0.5, 0.013, 4, 4.02479, 5, 0.0680411, 0.0268235, 6.60806e-08, -6.21781e-05, 0.00020931

0111, 5.52664, 7.65982, 0.130113, 3.08282, 0.5, 0.013, 4, 3.93707, 5, -0.154517, 0.0210595, 1.23697e-07, -0.000231565, 0.000119803
0101, 11.9805, 7.53083, 0.094132, 3.1893, 0.5, 0.013, 4, 4.05578, 5, -0.0931387, 0.00707236, -2.7472e-07, 0.000138695, -0.000514814
0110, 8.59507, 7.80753, 0.0716888, 3.08765, 0.5, 0.013, 4, 4.0465, 5, -0.115038, 0.0190089, 8.63684e-08, 0.000231562, -0.000119772
0100, 15.017, 8.06457, 0.0626903, 3.04663, 0.5, 0.013, 4, 3.9119, 5, -0.0599899, 0.0285481, -3.11699e-07, -0.000143188, 0.000517664
0001, 23.2205, 6.24121, -0.0453767, 3.18194, 0.5, 0.013, 4, 4.07124, 5, -0.0204377, -0.00193871, -1.04592e-07, -0.000235681, -0.000120472
0011, 21.5779, 5.18679, -0.0617452, 3.19882, 0.5, 0.013, 4, 4.00363, 5, -0.00297952, -0.00389477, -4.80748e-08, -0.000273237, -4.65843e-05
0010, 24.8491, 5.07612, -0.0435265, 3.35713, 0.5, 0.013, 4, 3.93262, 5, 0.0395221, -0.00371782, -3.4664e-08, 0.000272772, 4.61437e-05
0000, 26.3445, 6.3072, -9.44516e-06, 3.08857, 0.5, 0.013, 4, 3.95209, 5, 0.019659, 0.00236471, -7.65753e-08, 0.000235761, 0.000121016
1110, 31.0942, 4.32683, 1.64577, 3.25933, 0.5, 0.013, 4, 3.95065, 5, 0.0381025, 0.0198164, -3.80189e-07, 0.00072127, -0.00151947
1111, 32.1552, 1.59922, 1.67477, 3.21044, 0.5, 0.013, 4, 4.07625, 5, 0.0670206, 0.020755, -3.13447e-07, -0.000726709, 0.000269811
1100, 32.0762, 6.94313, 1.59461, 3.21391, 0.5, 0.013, 4, 4.02421, 5, 0.0639199, 0.00329636, 0, 6.45992e-05, -2.31976e-05
1101, 33.1116, 4.90985, 1.55596, 3.07582, 0.5, 0.013, 4, 3.97939, 5, 0.0701881, 0.0138133, 1.56103e-07, 1.66834e-05, 1.98313e-05
1011, 34.1338, 5.4728, 1.58761, 3.05855, 0.5, 0.013, 4, 4.01776, 5, 0.0712776, -0.0129692, 8.23964e-09, -2.55101e-05, -0.000251407
1000, 32.1415, 10.4364, 1.57077, 3.12734, 0.5, 0.013, 4, 4.01982, 5, 0.0507823, -0.0203274, -1.56464e-07, -0.000849255, -0.000264286
1001, 33.1064, 8.60323, 1.52558, 3.08987, 0.5, 0.013, 4, 4.08861, 5, 0.0528426, 0.0111146, -1.09349e-07, 0.000868493, 5.85355e-06
1010, 34.2472, 8.59126, 1.5495, 3.19762, 0.5, 0.013, 4, 4.02479, 5, 0.0678021, 0.0280446, 5.64073e-08, -4.44468e-05, 0.000250007

0111, 4.75117, 7.76679, 0.130113, 3.28986, 0.5, 0.013, 4, 3.93707, 5, -0.155668, 0.0217628, 1.49188e-07, -0.000227562, 0.000163595
0101, 11.5175, 7.55939, 0.0941304, 3.40349, 0.5, 0.013, 4, 4.05578, 5, -0.0917997, 0.00429246, -3.61543e-07, 0.000423123, -0.000584685
0110, 8.02277, 7.9009, 0.0716893, 3.29501, 0.5, 0.013, 4, 4.0465, 5, -0.113886, 0.0183058, 1.11161e-07, 0.000227567, -0.000163552
0100, 14.7143, 8.21414, 0.0626886, 3.25124, 0.5, 0.013, 4, 3.9119, 5, -0.0613611, 0.0313403, -3.98585e-07, -0.000431758, 0.000586423
0001, 23.1154, 6.22986, -0.0453772, 3.39564, 0.5, 0.013, 4, 4.07124, 5, -0.0216178, -0.00263542, -1.26942e-07, -0.000234764, -0.000160072
0011, 21.5595, 5.16666, -0.0617454, 3.41365, 0.5, 0.013, 4, 4.00363, 5, -0.00438455, -0.00417492, -5.91803e-08, -0.000288589, -6.65938e-05
0010, 25.0502, 5.05818, -0.0435267, 3.58259, 0.5, 0.013, 4, 3.93262, 5, 0.0409248, -0.00344036, -4.50438e-08, 0.000288104, 6.59455e-05
0000, 26.4457, 6.32069, -9.88131e-06, 3.29599, 0.5, 0.013, 4, 3.95209, 5, 0.0208393, 0.00306467, -9.88053e-08, 0.000234728, 0.000160838
1110, 31.2961, 4.40839, 1.64577, 3.47822, 0.5, 0.013, 4, 3.95065, 5, 0.0431631, 0.0131701, -1.83355e-07, 0.00129889, -0.00108191
1111, 32.4788, 1.70644, 1.67477, 3.42605, 0.5, 0.013, 4, 4.07625, 5, 0.0619322, 0.0221489, -1.36676e-07, -0.00130455, 0.000287918
1100, 32.3859, 6.95978, 1.59461, 3.42976, 0.5, 0.013, 4, 4.02421, 5, 0.0568742, 0.000532606, 2.20857e-07, 0.00104072, -0.0469513
1101, 33.4626, 4.97905, 1.55596, 3.28239, 0.5, 0.013, 4, 3.97939, 5, 0.0702213, 0.0138507, 1.49405e-07, 1.9371e-05, 2.16746e-06
1011, 34.4904, 5.40462, 1.58761, 3.26396, 0.5, 0.013, 4, 4.01776, 5, 0.0713824, -0.0143188, -2.42421e-08, 2.92463e-05, -0.000279263
1000, 32.3955, 10.3314, 1.57077, 3.33737, 0.5, 0.013, 4, 4.01982, 5, 0.0521639, -0.0215565, 1.39076e-07, 0.0027013, 2.90795e-06
1001, 33.3812, 8.65861, 1.52558, 3.29739, 0.5, 0.013, 4, 4.08861, 5, 0.0588358, 0.010929, 0, -0.00392936, 0.000182137
1010, 34.5856, 8.7348, 1.5495, 3.41237, 0.5, 0.013, 4, 4.02479, 5, 0.0675651, 0.0293887, 4.54502e-08, -5.33151e-05, 0.000278275

0111, 3.97004, 7.87787, 0.130114, 3.5108, 0.5, 0.013, 4, 3.93707, 5, -0.156766, 0.0227181, 1.80821e-07, -0.000208337, 0.000220983
0110, 7.45612, 7.99016, 0.07169, 3.5163, 0.5, 0.013, 4, 4.0465, 5, -0.112788, 0.0173508, 1.42495e-07, 0.000208359, -0.000220923
0101, 11.0656, 7.57365, 0.0941284, 3.63207, 0.5, 0.013, 4, 4.05578, 5, -0.0885997, 0.0014788, -4.37358e-07, 0.000887085, -0.000499552
0100, 14.4003, 8.37805, 0.0626864, 3.46959, 0.5, 0.013, 4, 3.9119, 5, -0.0646186, 0.0341525, -4.72182e-07, -0.000901634, 0.000496233
0001, 23.0044, 6.21448, -0.0453779, 3.62369, 0.5, 0.013, 4, 4.07124, 5, -0.022765, -0.00356039, -1.55104e-07, -0.000221434, -0.00021223
0011, 21.5339, 5.14484, -0.0617457, 3.64291, 0.5, 0.013, 4, 4.00363, 5, -0.00586296, -0.00457405, -7.36502e-08, -0.000302345, -9.46382e-05
0010, 25.2585, 5.04191, -0.0435269, 3.82319, 0.5, 0.013, 4, 3.93262, 5, 0.0424008, -0.00304518, -5.86968e-08, 0.000301883, 9.36827e-05
0000, 26.5528, 6.33823, -1.04436e-05, 3.51735, 0.5, 0.013, 4, 3.95209, 5, 0.0219857, 0.00399418, -1.27248e-07, 0.000221145, 0.000213292
1110, 31.5299, 4.46365, 1.64577, 3.71182, 0.5, 0.013, 4, 3.95065, 5, 0.0502178, 0.00959494, 0, 0.000949409, -0.000318604
1111, 32.7704, 1.82087, 1.67477, 3.65614, 0.5, 0.013, 4, 4.07625, 5, 0.0548625, 0.0236363, 4.42268e-08, -0.000941552, 0.000307277
1100, 32.6628, 6.6292, 1.59462, 3.66009, 0.5, 0.013, 4, 4.02421, 5, 0.0545306, -0.080981, 8.93064e-07, -0.0056011, -0.0723647
1101, 33.814, 5.04832, 1.55596, 3.50283, 0.5, 0.013, 4, 3.97939, 5, 0.0703405, 0.0138564, 1.3979e-07, 2.55161e-05, 6.43696e-07
1011, 34.8477, 5.32947, 1.58761, 3.48316, 0.5, 0.013, 4, 4.01776, 5, 0.0715647, -0.0157533, -5.15778e-08, 4.58329e-05, -0.00029622
1000, 32.6749, 10.2193, 1.57077, 3.5615, 0.5, 0.013, 4, 4.01982, 5, 0.0566083, -0.0231999, 1.24206e-07, 0.0006328, -0.000613512
1001, 33.6639, 8.71381, 1.52558, 3.51884, 0.5, 0.013, 4, 4.08861, 5, 0.056616, 0.0110381, 1.91471e-07, 0.00524422, -0.000236876
1010, 34.9227, 8.88529, 1.5495, 3.64154, 0.5, 0.013, 4, 4.02479, 5, 0.0672556, 0.0308185, 3.21902e-08, -7.13895e-05, 0.00029522

0111, 3.18376, 7.99451, 0.130115, 3.74659, 0.5, 0.013, 4, 3.93707, 5, -0.157706, 0.0239974, 2.19527e-07, -0.000165959, 0.000294026
0110, 6.89462, 8.07387, 0.0716908, 3.75246, 0.5, 0.013, 4, 4.0465, 5, -0.111849, 0.0160718, 1.81497e-07, 0.000166017, -0.000293946
0101, 10.6361, 7.57623, 0.0941262, 3.876, 0.5, 0.013, 4, 4.05578, 5, -0.0827032, -5.57179e-05, -4.46715e-07, 0.00147755, -2.06113e-05
0100, 14.0635, 8.55355, 0.062684, 3.7026, 0.5, 0.013, 4, 3.9119, 5, -0.0706007, 0.0356418, -4.74717e-07, -0.00149645, 4.03269e-06
0001, 22.8879, 6.19376, -0.0453788, 3.86705, 0.5, 0.013, 4, 4.07124, 5, -0.0237954, -0.00478215, -1.90274e-07, -0.00018589, -0.000278966
0011, 21.5282, 5.12214, -0.0617459, 3.88756, 0.5, 0.013, 4, 4.00363, 5, 0.00929527, -0.00417664, 0, 0.00320576, 0.000125479
00101, 24.519, 5.06906, -0.0541608, 1.99359, 0.5, 0.013, 4, 4.02616, 5, 0.0203328, -0.0017977, -6.02953e-09, 0.00936188, -0.000351428
00100, 26.5542, 4.97647, -0.0435271, 2.08637, 0.5, 0.013, 4, 3.93262, 5, 0.042485, -0.00483684, -6.78527e-10, -0.0100505, 0.000251083
0000, 26.6654, 6.36113, -1.11664e-05, 3.75357, 0.5, 0.013, 4, 3.95209, 5, 0.0230136, 0.00522214, -1.63268e-07, 0.000185108, 0.000280394
11101, 31.8591, 3.55968, 1.69447, 1.96253, 0.5, 0.013, 4, 3.99677, 5, 0.0514046, 0.00680763, -5.20296e-09, -0.000937484, -0.0271208
11100, 31.7113, 5.52967, 1.64577, 1.99856, 0.5, 0.013, 4, 3.95065, 5, 0.052282, 0.0107329, 2.39363e-08, -0.00119382, 0.0258282
1111, 33.038, 1.94297, 1.67477, 3.90168, 0.5, 0.013, 4, 4.07625, 5, 0.0531321, 0.0252265, -4.92007e-08, 0.000904494, 0.000421914
1100, 32.9374, 6.25227, 1.59462, 3.9059, 0.5, 0.013, 4, 4.02421, 5, 0.0525863, -0.064529, 1.04784e-06, -0.00886515, 0.0131294
1101, 34.1716, 5.09675, 1.55596, 3.73808, 0.5, 0.013, 4, 3.97939, 5, 0.078782, -0.0257788, 9.51079e-07, -0.0135822, 0.00434555
1011, 35.2071, 5.24695, 1.58761, 3.71709, 0.5, 0.013, 4, 4.01776, 5, 0.0758517, -0.0172324, -1.05638e-06, 0.0124746, -0.000254918
1000, 32.9484, 10.0997, 1.57077, 3.80069, 0.5, 0.013, 4, 4.01982, 5, 0.0505626, -0.0246944, -1.13139e-06, -0.0131003, -0.000295295
1001, 33.948, 8.78939, 1.52558, 3.75516, 0.5, 0.013, 4, 4.08861, 5, 0.052516, 0.05004, 6.7488e-07, 0.023852, -0.00547125
1010, 35.258, 9.04313, 1.5495, 3.88611, 0.5, 0.013, 4, 4.02479, 5, 0.0668396, 0.0323585, 1.57601e-08, -9.71565e-05, 0.000454231

01111, 1.31347, 7.97605, 0.173926, 1.96485, 0.5, 0.013, 4, 4.05601, 5, -0.278753, 0.00873702, 0, 0.125242, 0.0175009
01110, 3.39006, 8.33966, 0.130121, 2.03335, 0.5, 0.013, 4, 3.93707, 5, -0.13443, 0.0712681, 0, -0.000276002, -0.0502755
0110, 6.43514, 8.12078, 0.0716949, 4.00447, 0.5, 0.013, 4, 4.0465, 5, -0.0409367, -0.00681754, 0, -0.0306651, 0.00874305
01011, 9.20596, 7.48116, 0.0657479, 2.07246, 0.5, 0.013, 4, 4.04087, 5, -0.0857065, 0.000468017, 0, 0.00990302, 0.00121551
01010, 11.2675, 7.68598, 0.0941247, 2.06384, 0.5, 0.013, 4, 4.05578, 5, -0.059192, 0.013562, 0, -0.0073877, 0.00222047
01001, 12.7707, 8.66566, 0.000850308, 1.94114, 0.5, 0.013, 4, 3.98883, 5, -0.103195, 0.0265384, -7.77504e-08, -0.00283727, -0.00195105
01000, 14.7374, 8.78944, 0.0626824, 2.01013, 0.5, 0.013, 4, 3.9119, 5, -0.0604965, 0.0302608, -2.51859e-08, 0.000683193, -0.00184378
00011, 21.4829, 6.23502, -0.0712932, 2.03411, 0.5, 0.013, 4, 3.98551, 5, -0.309083, 0.0167101, 0, 0.275758, -0.0223507
00111, 20.4366, 5.15972, -0.0063055, 2.10374, 0.5, 0.013, 4, 4.09993, 5, -0.0328949, -0.00755269, 0, -0.00258315, -0.000214597
00010, 23.7526, 6.06887, -0.0453821, 2.09265, 0.5, 0.013, 4, 4.07124, 5, 0.0139546, 0.0187003, 0, -0.0129753, -0.0163906
00110, 22.577, 5.04697, -0.0617468, 2.04491, 0.5, 0.013, 4, 4.00363, 5, 0.00842312, -0.00294945, -9.36563e-09, 0.0756989, 0.00492346
00001, 25.8235, 6.67414, 0.0310313, 2.04458, 0.5, 0.013, 4, 4.02157, 5, 0.196541, 0.283526, 0, 0.461996, -0.0627017
00101, 24.6594, 4.95881, -0.0541523, 2.12747, 0.5, 0.013, 4, 4.02616, 5, 0.0557268, -0.126921, -7.38492e-09, -0.00467569, 0.110098
00100, 26.8367, 4.94741, -0.043527, 2.22649, 0.5, 0.013, 4, 3.93262, 5, 0.0795826, -0.00718427, 0, -0.0503904, 0.00261091
00000, 27.754, 6.16049, -8.01166e-06, 1.96108, 0.5, 0.013, 4, 3.95209, 5, -0.335387, -0.328533, 0, -0.994949, -0.091785
11101, 31.9609, 3.52724, 1.69446, 2.09434, 0.5, 0.013, 4, 3.99677, 5, -0.138923, -0.0155724, -5.03696e-06, 0.0493558, 0.00921223
11100, 31.9709, 5.63293, 1.64577, 2.13278, 0.5, 0.013, 4, 3.95065, 5, 0.0523332, 0.0131286, 0, 0.000158775, -0.00381951
11111, 33.4308, 1.07303, 1.68215, 2.03427, 0.5, 0.013, 4, 4.08463, 5, 0.120495, 0.154139, -4.13825e-06, 0.0790947, -0.582674
11110, 33.0126, 3.06954, 1.67479, 2.12945, 0.5, 0.013, 4, 4.07625, 5, -0.021483, 0.0829978, 8.26646e-06, -0.256879, 0.036401
11011, 34.581, 4.05263, 1.52173, 1.9936, 0.5, 0.013, 4, 3.91959, 5, 0.525887, -0.0319886, -1.62976e-05, 0.539898, -0.0205784
11001, 33.6003, 4.88413, 1.63871, 2.12484, 0.5, 0.013, 4, 4.03161, 5, -0.10968, -0.0741803, -2.33311e-05, -0.454197, 0.338794
11000, 32.9443, 6.82395, 1.59462, 2.04338, 0.5, 0.013, 4, 4.02421, 5, -0.081777, -0.149808, 0, 0.134075, 0.113485
11010, 34.5631, 6.0449, 1.55596, 1.99553, 0.5, 0.013, 4, 3.97939, 5, 0.106278, -0.00695013, 7.67576e-07, -0.0287214, 0.00362292
1011, 35.5859, 5.17328, 1.58761, 3.96672, 0.5, 0.013, 4, 4.01776, 5, 0.0720038, -0.0150265, -3.56669e-07, 0.00373461, -0.0231414
10001, 33.2412, 8.89782, 1.54035, 2.05755, 0.5, 0.013, 4, 4.01469, 5, 0.0631159, -0.0860711, 0, -0.0501412, 0.0436818
10101, 35.567, 8.17888, 1.60685, 2.0649, 0.5, 0.013, 4, 3.90758, 5, 0.0647976, 0.0211287, 4.9036e-07, -0.000911905, 0.0190412
10000, 33.2613, 10.9327, 1.57077, 1.99839, 0.5, 0.013, 4, 4.01982, 5, 0.134035, 0.0635468, 0, 0.0572249, -0.113675
1001, 34.2305, 8.96062, 1.52558, 4.00735, 0.5, 0.013, 4, 4.08861, 5, 0.0534276, 0.0342579, 0, -0.00123927, -0.00746359
10100, 35.6141, 10.2416, 1.5495, 2.08219, 0.5, 0.013, 4, 4.02479, 5, 0.0679924, 0.0485327, 1.05258e-07, 0.00236193, 0.039971

01111, 0.404329, 8.08745, 0.173926, 2.09681, 0.5, 0.013, 4, 4.05601, 5, -0.159134, 0.0254521, 0, 0.000845446, 0.00011814
01110, 2.71678, 8.49099, 0.130121, 2.16991, 0.5, 0.013, 4, 3.93707, 5, -0.134712, 0.0199423, 0, -2.57031e-06, -0.000468198
01101, 4.90484, 8.05647, 0.128537, 2.18271, 0.5, 0.013, 4, 3.92974, 5, -0.0991265, 0.00581069, 7.56381e-08, -0.00852573, -9.56416e-05
01100, 7.03116, 8.20415, 0.071695, 2.09069, 0.5, 0.013, 4, 4.0465, 5, -0.0725256, 0.00615587, 3.08619e-08, 0.00831122, 0.000361619
01011, 8.78701, 7.48373, 0.0657478, 2.21165, 0.5, 0.013, 4, 4.04087, 5, -0.0859388, -0.000106839, -5.31873e-08, -0.00128333, -0.000341498
01010, 10.971, 7.76128, 0.0941241, 2.20245, 0.5, 0.013, 4, 4.05578, 5, -0.0575091, 0.0126238, -4.03509e-08, 0.00238074, 0.00464827
01001, 12.2919, 8.80225, 0.000849629, 2.0715, 0.5, 0.013, 4, 3.98883, 5, -0.0974571, 0.0306158, -5.2553e-08, -0.00101251, -0.00487455
01000, 14.3921, 8.92926, 0.0626823, 2.14512, 0.5, 0.013, 4, 3.9119, 5, -0.0669946, 0.0277852, -1.65028e-08, -0.000120498, -6.91828e-05
00011, 20.6701, 6.14854, -0.0712979, 2.17072, 0.5, 0.013, 4, 3.98551, 5, -0.122759, 0.0165229, 2.05767e-06, 0.106256, 0.289995
00111, 20.0693, 5.17163, -0.00630157, 2.24502, 0.5, 0.013, 4, 4.09993, 5, -0.352624, 0.043234, -1.30628e-05, 0.233605, -0.332015
00010, 23.1012, 6.62888, -0.0453704, 2.23319, 0.5, 0.013, 4, 4.07124, 5, -0.0108889, 0.0716957, 0, 0.00884935, -0.0576061
00110, 22.2968, 4.64485, -0.0617667, 2.18225, 0.5, 0.013, 4, 4.00363, 5, -0.0225643, -0.310343, 0, 0.0991983, 0.264314
00101, 24.8095, 4.16343, -0.0541779, 2.27035, 0.5, 0.013, 4, 4.02616, 5, 0.0251788, -0.0837374, 0, 0.0143382, 0.0639514
00100, 27.1871, 4.22456, -0.0435324, 2.37602, 0.5, 0.013, 4, 3.93262, 5, 0.0437452, -0.0328699, 0, -0.0189237, 0.0211389
00000, 24.1404, 5.39263, -2.17637e-05, 2.09278, 0.5, 0.013, 4, 3.95209, 5, -0.74911, -0.157124, 0, -0.495415, -0.238029
11101, 31.8387, 3.5188, 1.69446, 2.23499, 0.5, 0.013, 4, 3.99677, 5, 0.00894795, -0.00145963, -1.24304e-07, 0.0121957, 0.00547599
00001, 28.6724, 7.88643, 0.0310332, 2.18189, 0.5, 0.013, 4, 4.02157, 5, 0.672605, 0.21969, 0, 0.00497409, -0.00134501
11011, 35.0174, 3.79369, 1.52171, 2.12749, 0.5, 0.013, 4, 3.91959, 5, 0.0751581, -0.0147535, 0, -0.00213649, 0.0104972
11111, 33.8889, 1.21674, 1.68215, 2.17089, 0.5, 0.013, 4, 4.08463, 5, 0.0868427, 0.0349165, -1.58877e-06, -0.00903336, 0.0149189
11110, 32.9019, 2.93569, 1.67479, 2.27246, 0.5, 0.013, 4, 4.07625, 5, 0.0199233, -0.0465396, -2.62221e-06, 0.00256092, -0.015469
11100, 32.1181, 5.68607, 1.64577, 2.27602, 0.5, 0.013, 4, 3.95065, 5, 0.0518698, 0.0141096, 0, 0.000536672, -0.00415495
11001, 33.8433, 4.65388, 1.63871, 2.26754, 0.5, 0.013, 4, 4.03161, 5, 0.0567539, -0.0656281, 0, -0.00017866, 0.00252466
11000, 33.0782, 6.58321, 1.59462, 2.18062, 0.5, 0.013, 4, 4.02421, 5, 0.0416085, -0.06166, 3.65236e-07, 0.00588908, -0.00028346
11010, 35.1305, 6.01787, 1.55596, 2.12955, 0.5, 0.013, 4, 3.97939, 5, 0.0953712, -0.00125274, 0, -0.00449376, -0.00127857
10011, 34.4009, 8.07177, 1.49469, 2.16957, 0.5, 0.013, 4, 3.90558, 5, 0.031563, 0.0142623, 0, 0.0221379, 0.054554
10001, 33.3752, 8.72233, 1.54035, 2.19573, 0.5, 0.013, 4, 4.01469, 5, 0.0220835, -0.00581161, 3.05062e-07, -0.0021539, -0.00311203
10101, 35.8889, 8.24709, 1.60686, 2.20358, 0.5, 0.013, 4, 3.90758, 5, 0.0642397, 0.00661133, 1.25893e-07, -0.000344745, -0.00384681
10000, 33.9034, 10.8016, 1.57076, 2.1326, 0.5, 0.013, 4, 4.01982, 5, 0.167701, -0.0478381, 0, 0.0207095, -0.00166309
10010, 34.9035, 10.1166, 1.52557, 2.10691, 0.5, 0.013, 4, 4.08861, 5, 0.169963, 0.00424031, 0, -0.0367734, -0.0677115
10100, 35.9537, 10.4521, 1.5495, 2.22203, 0.5, 0.013, 4, 4.02479, 5, 0.0677936, 0.0348972, 6.02285e-08, 0.000324981, 0.00295733
10111, 36.527, 3.94575, 1.65042, 2.15433, 0.5, 0.013, 4, 3.96532, 5, 0.173315, -0.028814, 9.05085e-08, -0.00149316, -0.00798521
10110, 36.5028, 6.05629, 1.58763, 2.0788, 0.5, 0.013, 4, 4.01776, 5, 0.177279, -0.00343412, 3.93211e-08, -0.000567745, 0.00900953

01110, 2.04321, 8.5886, 0.130121, 2.31564, 0.5, 0.013, 4, 3.93707, 5, -0.134715, 0.0194041, 0, -4.074e-08, -7.42105e-06
01101, 4.39226, 8.08533, 0.128537, 2.3293, 0.5, 0.013, 4, 3.92974, 5, -0.102006, 0.00570899, 4.04305e-08, -0.000131548, -5.15667e-05
01100, 6.66127, 8.2668, 0.0716963, 2.2311, 0.5, 0.013, 4, 4.0465, 5, -0.0725921, 0.00985463, 8.22903e-08, 0.000970192, -0.00107486
01011, 8.37958, 7.45156, 0.0657487, 2.36018, 0.5, 0.013, 4, 4.04087, 5, -0.0818468, -0.00407308, -1.39354e-08, -0.00187673, 0.000629122
01010, 10.6863, 7.84568, 0.0941239, 2.35036, 0.5, 0.013, 4, 4.05578, 5, -0.0582782, 0.0181506, -7.43105e-08, 0.00107154, 0.000616927
01001, 11.8077, 8.93568, 0.000849399, 2.21062, 0.5, 0.013, 4, 3.98883, 5, -0.0975092, 0.0255717, -5.08533e-08, -0.000549235, -0.000114142
01000, 14.0493, 9.06712, 0.0626823, 2.28919, 0.5, 0.013, 4, 3.9119, 5, -0.0681691, 0.0275958, -1.58589e-08, 0.000518694, 5.77694e-05
00000, 19.7691, 4.32624, -2.78806e-05, 2.23333, 0.5, 0.013, 4, 3.95209, 5, -1.12695, -0.350632, 0, -0.132636, -0.0540314
00111, 18.278, 5.33768, -0.00629555, 2.3958, 0.5, 0.013, 4, 4.09993, 5, -0.214644, 0.022901, 0, 0.128315, -0.0219976
00110, 22.4108, 3.34463, -0.0617632, 2.3288, 0.5, 0.013, 4, 4.00363, 5, 0.0879876, -0.100597, 0, 0.00515702, 0.0775516
00011, 20.438, 6.21723, -0.0712976, 2.3165, 0.5, 0.013, 4, 3.98551, 5, -0.0258428, -0.00473696, 0, 0.00127164, -0.00124358
00010, 23.0879, 6.72004, -0.0453704, 2.38317, 0.5, 0.013, 4, 4.07124, 5, -0.000202345, 0.00213015, 0, 0.000172603, -0.00112358
00101, 24.9334, 4.03435, -0.0541789, 2.42283, 0.5, 0.013, 4, 4.02616, 5, 0.0100033, -0.0113234, -7.2453e-07, -0.0284511, -0.00532532
00100, 27.3788, 4.17898, -0.0435333, 2.53559, 0.5, 0.013, 4, 3.93262, 5, 0.0505441, 0.00211614, -6.86899e-07, 0.0267184, 0.00698942
11101, 31.9408, 3.49357, 1.69446, 2.38509, 0.5, 0.013, 4, 3.99677, 5, 0.0377773, -0.00666496, 0, 0.0107914, 0.0112073
00001, 31.9686, 8.98155, 0.0310351, 2.32843, 0.5, 0.013, 4, 4.02157, 5, 0.0907743, 0.236028, 4.21726e-06, -1.0031, 0.0305437
11011, 35.3831, 3.76067, 1.52171, 2.27036, 0.5, 0.013, 4, 3.91959, 5, 0.0695651, -0.0228031, 2.31143e-07, -0.00465121, -0.0268736
11111, 34.204, 1.52408, 1.68214, 2.31668, 0.5, 0.013, 4, 4.08463, 5, 0.034988, 0.077932, 0, -0.00455236, 0.00175947
11110, 33.0614, 2.56223, 1.67478, 2.42507, 0.5, 0.013, 4, 4.07625, 5, 0.0411964, -0.0940174, 0, 0.000416793, -0.00259684
11100, 32.3082, 5.77613, 1.64577, 2.42888, 0.5, 0.013, 4, 3.95065, 5, 0.0388239, 0.0220611, 0, 0.00959931, -0.00926282
11001, 34.1883, 4.28059, 1.63871, 2.41982, 0.5, 0.013, 4, 4.03161, 5, 0.0733393, -0.077866, 0, -0.0118215, 0.0108589
11000, 33.3627, 6.34471, 1.59462, 2.32706, 0.5, 0.013, 4, 4.02421, 5, 0.0584978, -0.0386059, 0, -0.000429943, 0.00530938
11010, 35.5886, 6.01095, 1.55596, 2.27257, 0.5, 0.013, 4, 3.97939, 5, 0.0935921, 0.0169978, 2.9788e-07, 0.00455615, 0.0269748
10011, 34.585, 8.29239, 1.4947, 2.31528, 0.5, 0.013, 4, 3.90558, 5, 0.0512321, 0.0654635, -9.80567e-07, 0.0161437, -0.11494
10001, 33.5525, 8.67123, 1.54034, 2.3432, 0.5, 0.013, 4, 4.01469, 5, 0.596438, -0.0338018, -3.08863e-05, 0.993196, -0.0481454
10000, 34.5452, 10.5683, 1.57075, 2.27582, 0.5, 0.013, 4, 4.01982, 5, 0.107809, -0.0412293, -5.24338e-06, -0.0490449, 0.126394
10010, 35.5401, 10.0553, 1.52556, 2.24841, 0.5, 0.013, 4, 4.08861, 5, 0.0962454, -0.00642619, -2.06065e-06, 0.0435424, -0.0108223
10111, 37.3872, 3.79552, 1.65042, 2.29901, 0.5, 0.013, 4, 3.96532, 5, 0.17153, -0.0301025, 7.90631e-08, -0.000156098, -0.000752006
10110, 37.3866, 6.04734, 1.58763, 2.21841, 0.5, 0.013, 4, 4.01776, 5, 0.176771, -0.00165105, 4.43194e-08, 0.000131654, 0.000806329
10101, 36.3659, 8.21618, 1.60685, 2.35157, 0.5, 0.013, 4, 3.90758, 5, 0.149732, -0.0274542, -2.96972e-06, 0.00142265, 0.00403082
10100, 36.544, 10.5651, 1.54951, 2.37126, 0.5, 0.013, 4, 4.02479, 5, 0.103078, 0.00904476, 8.63016e-07, -0.00947787, -0.00241937

01101, 3.8817, 8.11351, 0.128538, 2.48573, 0.5, 0.013, 4, 3.92974, 5, -0.102203, 0.00560579, 4.01805e-08, -0.000294544, -7.14116e-06
01110, 1.36964, 8.68559, 0.130121, 2.47116, 0.5, 0.013, 4, 3.93707, 5, -0.134715, 0.0193946, 0, -1.01123e-09, -1.84203e-07
01011, 7.96592, 7.43374, 0.0657486, 2.51869, 0.5, 0.013, 4, 4.04087, 5, -0.0833865, -0.00218913, -1.02905e-07, -5.96832e-05, 0.000306365
01100, 6.30288, 8.31173, 0.0716967, 2.38094, 0.5, 0.013, 4, 4.0465, 5, -0.0706843, 0.00722853, 9.7932e-09, 0.00047827, -0.000427608
01010, 10.3952, 7.93946, 0.0941235, 2.50821, 0.5, 0.013, 4, 4.05578, 5, -0.058488, 0.0192062, -9.44808e-08, -0.000121111, 0.000150969
01001, 11.3183, 9.06293, 0.000849139, 2.35909, 0.5, 0.013, 4, 3.98883, 5, -0.098343, 0.0253475, -5.55061e-08, -0.000278192, -4.82786e-05
00000, 13.5188, 2.32232, -2.78806e-05, 2.38332, 0.5, 0.013, 4, 3.95209, 5, -1.28714, -0.415888, 0, -0.00258817, -0.00105433
01000, 13.7103, 9.20545, 0.0626822, 2.44293, 0.5, 0.013, 4, 3.9119, 5, -0.0673461, 0.0277547, -1.97089e-08, 0.000272759, 4.66454e-05
00111, 17.8532, 5.34103, -0.00629555, 2.5567, 0.5, 0.013, 4, 4.09993, 5, -0.041064, -0.00685661, 0, 0.00391998, -0.000672021
00110, 22.876, 3.22069, -0.0617632, 2.4852, 0.5, 0.013, 4, 4.00363, 5, 0.0946595, -0.000263765, 0, 0.000132669, 0.00199508
00011, 20.315, 6.1875, -0.0712976, 2.47208, 0.5, 0.013, 4, 3.98551, 5, -0.0242116, -0.00633223, 0, 3.16388e-05, -3.09408e-05
00010, 23.0877, 6.72505, -0.0453704, 2.54322, 0.5, 0.013, 4, 4.07124, 5, 2.92416e-05, 0.0006226, 0, 5.11126e-06, -3.32725e-05
00101, 25.0103, 3.98631, -0.0541803, 2.58554, 0.5, 0.013, 4, 4.02616, 5, 0.0170797, -0.00965104, -4.15807e-07, -0.00484562, -0.00184115
00100, 27.6072, 4.19222, -0.0435347, 2.70587, 0.5, 0.013, 4, 3.93262, 5, 0.044087, 0.00346879, -3.96362e-07, 0.00445727, 0.00179578
11101, 32.124, 3.4904, 1.69445, 2.54527, 0.5, 0.013, 4, 3.99677, 5, 0.0246861, 0.000533084, 0, 0.0181058, 0.00540159
11011, 35.7255, 3.65124, 1.52171, 2.42284, 0.5, 0.013, 4, 3.91959, 5, 0.0671299, -0.0234285, 0, 0.00394348, 0.0143951
11111, 34.3336, 1.70833, 1.68215, 2.47227, 0.5, 0.013, 4, 4.08463, 5, 0.026092, 0.0241552, 4.97593e-06, -0.0657004, -0.14222
11110, 33.2935, 2.0821, 1.67478, 2.58794, 0.5, 0.013, 4, 4.07625, 5, 0.0527768, -0.096065, -3.20533e-07, -0.0126872, -0.0016942
11100, 32.5644, 5.85898, 1.64577, 2.592, 0.5, 0.013, 4, 3.95065, 5, 0.0552563, 0.0141188, 0, -0.00166731, -0.00334434
11001, 34.5688, 4.13659, 1.63871, 2.58234, 0.5, 0.013, 4, 4.03161, 5, 0.0875117, -0.0153171, 4.38381e-06, 0.0492545, 0.138707
11000, 33.622, 6.19795, 1.59462, 2.48335, 0.5, 0.013, 4, 4.02421, 5, 0.0313752, -0.0329797, 5.0748e-06, -0.0776066, -0.0868798
00001, 33.5221, 10.2525, 0.0310434, 2.4848, 0.5, 0.013, 4, 4.02157, 5, 0.551443, 0.248165, 7.89593e-07, -0.401759, -0.0201904
10011, 35.3817, 8.17477, 1.49473, 2.47077, 0.5, 0.013, 4, 3.90558, 5, 0.100791, -0.0258237, -5.56819e-06, 0.0509688, -0.291627
10001, 34.3519, 8.35624, 1.54027, 2.50056, 0.5, 0.013, 4, 4.01469, 5, 0.0467445, -0.0583963, 4.81446e-06, 0.0698231, 0.099062
10000, 35.2274, 10.5689, 1.57074, 2.42866, 0.5, 0.013, 4, 4.01982, 5, 0.150045, 0.0507931, 6.32496e-06, 0.452684, 0.302617
10111, 38.2433, 3.64193, 1.65042, 2.45341, 0.5, 0.013, 4, 3.96532, 5, 0.170916, -0.0310785, 9.86942e-08, -0.000124029, -7.62986e-05
11010, 36.1392, 6.02215, 1.55595, 2.42519, 0.5, 0.013, 4, 3.97939, 5, 0.118681, -0.0027096, 0, -0.0198806, 1.10121e-06
10110, 38.2719, 6.04224, 1.58763, 2.36739, 0.5, 0.013, 4, 4.01776, 5, 0.177353, -0.000659019, 6.47348e-08, 0.000123577, 7.27274e-05
10010, 36.2675, 10.2472, 1.52557, 2.39941, 0.5, 0.013, 4, 4.08861, 5, 0.123339, 0.013507, -1.41224e-06, -0.0231378, -0.0352421
10101, 36.9974, 8.12449, 1.60684, 2.50949, 0.5, 0.013, 4, 3.90758, 5, 0.132575, -0.031274, -1.29395e-06, -0.0185566, 0.0198122
10100, 37.2812, 10.6138, 1.54953, 2.53052, 0.5, 0.013, 4, 4.02479, 5, 0.0834884, 0.0131802, 0, -0.0116493, -0.0041414

01101, 3.36844, 8.14168, 0.128538, 2.65267, 0.5, 0.013, 4, 3.92974, 5, -0.103146, 0.00568309, 4.72972e-08, -0.000193802, 2.62366e-05
01110, 0.696067, 8.78256, 0.130121, 2.63712, 0.5, 0.013, 4, 3.93707, 5, -0.134715, 0.0193943, 0, -3.68013e-11, -6.70359e-09
00000, 7.0701, 0.61927, 6.08797e-08, 2.54338, 0.5, 0.013, 4, 3.95209, 5, -1.29059, 0.199187, 0, -8.97796e-05, -0.397682
01011, 7.54944, 7.42335, 0.065748, 2.68784, 0.5, 0.013, 4, 4.04087, 5, -0.0831029, -0.00228519, -1.27266e-07, 0.000150148, -0.000111166
01100, 5.95258, 8.34554, 0.0716967, 2.54084, 0.5, 0.013, 4, 4.0465, 5, -0.0695048, 0.00656588, 1.6186e-08, 0.000198578, -3.94919e-05
01010, 10.1013, 8.03739, 0.094123, 2.67666, 0.5, 0.013, 4, 4.05578, 5, -0.0590351, 0.019969, -1.19662e-07, -0.000157693, 0.000129465
01001, 10.824, 9.18913, 0.000848845, 2.51752, 0.5, 0.013, 4, 3.98883, 5, -0.099374, 0.0251239, -6.24436e-08, -0.000198621, -4.82437e-05
01000, 13.3761, 9.34477, 0.0626821, 2.60699, 0.5, 0.013, 4, 3.9119, 5, -0.0663168, 0.0279762, -2.51541e-08, 0.000198945, 4.80941e-05
00111, 17.6691, 5.3031, -0.00629555, 2.7284, 0.5, 0.013, 4, 4.09993, 5, -0.0352243, -0.00785773, 0, 0.000170537, -2.9236e-05
00110, 23.2938, 3.12835, -0.0617678, 2.65211, 0.5, 0.013, 4, 4.00363, 5, 0.08982, -0.0159555, -1.07169e-06, 0.00105539, -0.00758893
00011, 20.1941, 6.15568, -0.0712976, 2.6381, 0.5, 0.013, 4, 3.98551, 5, -0.0241667, -0.00637612, 0, 1.15375e-06, -1.12829e-06
00010, 23.0879, 6.72798, -0.0453704, 2.71402, 0.5, 0.013, 4, 4.07124, 5, 3.67987e-05, 0.000573406, 0, 2.16476e-07, -1.40918e-06
00101, 25.1009, 4.01971, -0.0541872, 2.75919, 0.5, 0.013, 4, 4.02616, 5, 0.0167108, 0.00636639, -1.06653e-06, 0.0164382, 0.0125952
00100, 27.8765, 4.22794, -0.0435369, 2.8876, 0.5, 0.013, 4, 3.93262, 5, 0.0498439, 0.00608584, -1.19991e-08, -0.0164618, -0.00498667
11101, 32.2681, 3.48447, 1.69445, 2.71621, 0.5, 0.013, 4, 3.99677, 5, 0.0380481, -0.00296225, 4.15476e-07, 0.00220781, 0.000197767
11111, 34.4429, 1.78102, 1.68216, 2.63831, 0.5, 0.013, 4, 4.08463, 5, 0.00458598, 0.0272881, 6.60328e-07, 0.00412651, 0.0222299
11110, 33.4514, 1.58646, 1.67477, 2.76174, 0.5, 0.013, 4, 4.07625, 5, 0.0268915, -0.0994602, 0, 0.00840153, 0.000974428
11100, 32.783, 5.93939, 1.64577, 2.76607, 0.5, 0.013, 4, 3.95065, 5, 0.0348195, 0.0182062, -5.67322e-07, -1.21061e-06, 0.000398443
11001, 35.0183, 4.15321, 1.63872, 2.75576, 0.5, 0.013, 4, 4.03161, 5, 0.0809997, -0.00637076, 6.26914e-07, -0.00394018, -0.022423
11000, 33.824, 5.9322, 1.59463, 2.65013, 0.5, 0.013, 4, 4.02421, 5, 0.0564325, -0.0541887, 1.75059e-06, 0.00488437, 0.00300409
00001, 34.6502, 11.387, 0.0310463, 2.65168, 0.5, 0.013, 4, 4.02157, 5, 0.260196, 0.219312, 6.45776e-08, 0.216173, -0.000781049
10011, 35.7403, 8.2756, 1.49473, 2.6367, 0.5, 0.013, 4, 3.90558, 5, 0.0552213, 0.0591978, 0, 0.0012354, 0.0116943
10001, 34.5843, 8.24064, 1.54027, 2.6685, 0.5, 0.013, 4, 4.01469, 5, 0.040414, -0.0160657, 7.33181e-07, -0.00507639, -0.00287859
11011, 36.0969, 3.58267, 1.52171, 2.58556, 0.5, 0.013, 4, 3.91959, 5, 0.0833243, -0.0211302, 4.03095e-07, -0.0146764, -0.00255488
10111, 39.096, 3.48449, 1.65042, 2.61818, 0.5, 0.013, 4, 3.96532, 5, 0.170167, -0.0318703, 1.27616e-07, -0.000166698, -0.00013785
10101, 37.7589, 7.80561, 1.60682, 2.67803, 0.5, 0.013, 4, 3.90758, 5, 0.111448, -0.0350042, -1.27407e-06, -0.00174897, -0.0428704
11010, 36.6434, 6.0323, 1.55595, 2.58806, 0.5, 0.013, 4, 3.97939, 5, 0.100477, 0.0138119, 4.29738e-07, 0.00161703, 0.00364224
10110, 39.1604, 6.041, 1.58763, 2.52639, 0.5, 0.013, 4, 4.01776, 5, 0.178105, 0.000134411, 9.31059e-08, 0.000167247, 0.000136941
10000, 36.4685, 10.6817, 1.57065, 2.59177, 0.5, 0.013, 4, 4.01982, 5, 0.248802, -0.0152502, -6.82652e-06, -0.0872059, -0.0176693
10010, 37.4788, 10.3688, 1.52558, 2.56055, 0.5, 0.013, 4, 4.08861, 5, 0.276308, -0.0119925, 1.96236e-07, -0.0677888, 0.0499119
10100, 38.4639, 10.62, 1.54956, 2.70046, 0.5, 0.013, 4, 4.02479, 5, 0.236742, -0.000607112, 2.00211e-06, -0.0656073, 0.00277601

00000, 0.616693, 0.50128, -1.06732e-07, 2.71419, 0.5, 0.013, 4, 3.95209, 5, -1.29071, 0.1038, 0, -9.53784e-06, -0.302509
01101, 2.84993, 8.17047, 0.128538, 2.83082, 0.5, 0.013, 4, 3.92974, 5, -0.104266, 0.00584543, 5.75158e-08, -0.000233751, 3.97395e-05
01110, 0.022494, 8.87953, 0.130121, 2.81422, 0.5, 0.013, 4, 3.93707, 5, -0.134715, 0.0193943, 0, -1.86223e-12, -3.39218e-10
01011, 7.13574, 7.41031, 0.0657473, 2.86835, 0.5, 0.013, 4, 4.04087, 5, -0.0822931, -0.00290135, -1.4621e-07, 0.000205536, -0.000104716
01100, 5.60787, 8.37792, 0.0716969, 2.71148, 0.5, 0.013, 4, 4.0465, 5, -0.0683741, 0.00638293, 2.52068e-08, 0.000234526, -4.06131e-05
01010, 9.80429, 8.13895, 0.0941223, 2.85642, 0.5, 0.013, 4, 4.05578, 5, -0.0598574, 0.0206142, -1.39721e-07, -0.000206102, 0.000105643
01001, 10.3244, 9.31408, 0.000848511, 2.68659, 0.5, 0.013, 4, 3.98883, 5, -0.100457, 0.0248455, -7.14394e-08, -0.000223391, -6.25101e-05
01000, 13.0472, 9.48531, 0.0626819, 2.78208, 0.5, 0.013, 4, 3.9119, 5, -0.0652346, 0.0282534, -3.24259e-08, 0.000223125, 6.22564e-05
00111, 17.494, 5.26364, -0.00629555, 2.91164, 0.5, 0.013, 4, 4.09993, 5, -0.0349466, -0.00790533, 0, 1.00744e-05, -1.7271e-06
00110, 23.7585, 3.08953, -0.0617686, 2.83022, 0.5, 0.013, 4, 4.00363, 5, 0.094145, -0.00545391, 0, 0.000401676, 0.00446175
00011, 20.0733, 6.12379, -0.0712976, 2.81527, 0.5, 0.013, 4, 3.98551, 5, -0.0241649, -0.00637788, 0, 5.84848e-08, -5.71945e-08
00010, 23.0881, 6.73084, -0.0453704, 2.89629, 0.5, 0.013, 4, 4.07124, 5, 3.71487e-05, 0.000571128, 0, 1.24936e-08, -8.13286e-08
00101, 25.1748, 4.01143, -0.0541903, 2.94449, 0.5, 0.013, 4, 4.02616, 5, 0.0134723, -0.0047151, -4.03072e-07, 0.000406072, -0.00433526
00100, 28.119, 4.25899, -0.0435388, 3.08153, 0.5, 0.013, 4, 3.93262, 5, 0.0484303, 0.00697263, -3.84243e-07, -0.000778604, 7.34594e-05
11101, 32.3843, 3.5028, 1.69445, 2.89863, 0.5, 0.013, 4, 3.99677, 5, 0.03274, 0.00979383, -4.92741e-07, 0.00249086, 0.000416162
11111, 34.5557, 2.04354, 1.68216, 2.81549, 0.5, 0.013, 4, 4.08463, 5, 0.0280404, 0.069326, 0, 0.000534988, 0.00613068
11110, 33.5941, 1.4871, 1.67478, 2.94722, 0.5, 0.013, 4, 4.07625, 5, 0.032705, 0.0314798, -4.90976e-07, 0.012483, -0.0666228
11100, 32.999, 6.02617, 1.64577, 2.95184, 0.5, 0.013, 4, 3.95065, 5, 0.0404735, 0.0112607, -5.4001e-07, -0.00230975, -0.00148654
11001, 35.4095, 4.00719, 1.63872, 2.94084, 0.5, 0.013, 4, 4.03161, 5, 0.0652973, -0.0466957, 0, -0.00457385, -0.00816549
11000, 34.0552, 5.64866, 1.59464, 2.82811, 0.5, 0.013, 4, 4.02421, 5, 0.0454707, -0.056106, 1.38726e-06, -0.000874913, -0.00224875
00001, 35.9078, 11.4703, 0.0309974, 2.82976, 0.5, 0.013, 4, 4.02157, 5, 0.293301, -0.0771173, 1.73749e-06, -0.00529681, 0.181998
10001, 34.7836, 8.16979, 1.54028, 2.84771, 0.5, 0.013, 4, 4.01469, 5, 0.0371233, -0.0150002, 9.86186e-07, 0.00179833, 0.0022255
11011, 36.5166, 3.49673, 1.52172, 2.7592, 0.5, 0.013, 4, 3.91959, 5, 0.0823621, -0.0173832, 0, -0.00543418, 0.00821272
10111, 39.9446, 3.32346, 1.65042, 2.79401, 0.5, 0.013, 4, 3.96532, 5, 0.169224, -0.0325222, 1.60867e-07, -0.000211391, -0.000118309
10101, 38.1912, 7.65822, 1.60682, 2.85788, 0.5, 0.013, 4, 3.90758, 5, 0.0682218, 0.011088, 0, -0.00131929, 0.0123221
11010, 37.1361, 6.08446, 1.55595, 2.76188, 0.5, 0.013, 4, 3.97939, 5, 0.0991117, 0.0108646, 0, -0.00501148, -0.00766774
10011, 36.0233, 8.63706, 1.49473, 2.81378, 0.5, 0.013, 4, 3.90558, 5, 0.0571426, 0.0773852, 0, 6.24669e-05, 0.000591313
10000, 37.7924, 10.5175, 1.57052, 2.76583, 0.5, 0.013, 4, 4.01982, 5, 0.290446, -0.0512584, -2.1238e-05, 0.0336336, -0.0158643
10010, 38.8047, 10.2748, 1.52565, 2.73252, 0.5, 0.013, 4, 4.08861, 5, 0.27532, -0.0597136, 3.70678e-06, -0.0108042, -0.0099345
10100, 39.7856, 10.5581, 1.54955, 2.88182, 0.5, 0.013, 4, 4.02479, 5, 0.206781, -0.0127809, 3.62334e-06, -0.0165888, 0.00771765
10110, 40.0532, 6.04334, 1.58763, 2.69606, 0.5, 0.013, 4, 4.01776, 5, 0.179051, 0.000783563, 1.26786e-07, 0.000212277, 0.000117996

