1, 23.8783, 6.45567, 1.5708, 2, 0.5, 0.013, 4, 3.91861, 5, 0, 0, 0, 0, 0
0, 23.7014, 4.55602, 1.5708, 2, 0.5, 0.013, 4, 3.96636, 5, 0, 0, 0, 0, 0

1, 23.8969, 6.54397, 1.57559, 2.13432, 0.5, 0.013, 4, 3.91861, 5, 0.00298345, 0.0130098, 0.000831826, 9.09671e-05, 1.97104e-05
0, 23.6828, 4.46772, 1.57559, 2.13432, 0.5, 0.013, 4, 3.96636, 5, -0.00298345, -0.0130098, 0.000831826, -9.09671e-05, -1.97104e-05

1, 23.9132, 6.61, 1.5803, 2.27766, 0.5, 0.013, 4, 3.91861, 5, 0.00356565, 0.0134406, 0.0010592, 0.000129119, 9.24131e-05
0, 23.6665, 4.40169, 1.5803, 2.27766, 0.5, 0.013, 4, 3.96636, 5, -0.00356565, -0.0134406, 0.0010592, -0.000129119, -9.24131e-05

1, 23.9327, 6.67824, 1.58623, 2.43062, 0.5, 0.013, 4, 3.91861, 5, 0.00425259, 0.0138255, 0.00131588, 0.000144881, 5.8351e-05
0, 23.647, 4.33346, 1.58623, 2.43062, 0.5, 0.013, 4, 3.96636, 5, -0.00425259, -0.0138255, 0.00131588, -0.000144881, -5.8351e-05

1, 23.9558, 6.74789, 1.59349, 2.59386, 0.5, 0.013, 4, 3.91861, 5, 0.00500138, 0.013991, 0.00158986, 0.000152569, 4.27451e-06
0, 23.6239, 4.2638, 1.59349, 2.59386, 0.5, 0.013, 4, 3.96636, 5, -0.00500138, -0.013991, 0.00158986, -0.000152569, -4.27451e-06

1, 23.9827, 6.8176, 1.60213, 2.76806, 0.5, 0.013, 4, 3.91861, 5, 0.0057474, 0.0138318, 0.00186244, 0.000141572, -7.14263e-05
0, 23.597, 4.19409, 1.60213, 2.76806, 0.5, 0.013, 4, 3.96636, 5, -0.0057474, -0.0138318, 0.00186244, -0.000141572, 7.14263e-05

0, 23.5667, 4.12619, 1.61206, 2.95396, 0.5, 0.013, 4, 3.96636, 5, -0.00636141, -0.0132498, 0.0020988, -9.71943e-05, 0.000162809
1, 24.013, 6.8855, 1.61206, 2.95396, 0.5, 0.013, 4, 3.91861, 5, 0.00636141, 0.0132498, 0.0020988, 9.71942e-05, -0.000162809

0, 23.534, 4.06236, 1.62297, 3.15235, 0.5, 0.013, 4, 3.96636, 5, -0.00664239, -0.0122109, 0.00224858, -7.13187e-06, 0.000249391
1, 24.0457, 6.94933, 1.62297, 3.15235, 0.5, 0.013, 4, 3.91861, 5, 0.00664239, 0.0122109, 0.00224858, 7.13187e-06, -0.000249391

0, 23.5012, 4.00468, 1.63431, 3.36406, 0.5, 0.013, 4, 3.96636, 5, -0.00636001, -0.0108213, 0.00225904, 0.000125576, 0.000296709
1, 24.0785, 7.00701, 1.63431, 3.36406, 0.5, 0.013, 4, 3.91861, 5, 0.00636001, 0.0108213, 0.00225903, -0.000125576, -0.000296708

0, 23.4716, 3.95426, 1.64528, 3.58998, 0.5, 0.013, 4, 3.96636, 5, -0.00536677, -0.00936777, 0.00210249, 0.000268732, 0.000270279
1, 24.1081, 7.05743, 1.64528, 3.58998, 0.5, 0.013, 4, 3.91861, 5, 0.00536677, 0.00936777, 0.00210249, -0.000268731, -0.000270279

0, 23.4485, 3.9104, 1.65511, 3.83108, 0.5, 0.013, 4, 3.96636, 5, -0.00380867, -0.00827827, 0.00181799, 0.000315492, 0.000145903
1, 24.1312, 7.10129, 1.65511, 3.83108, 0.5, 0.013, 4, 3.91861, 5, 0.00380867, 0.00827827, 0.00181799, -0.000315492, -0.000145903

01, 23.5278, 2.88862, 1.63968, 2.03338, 0.5, 0.013, 4, 3.9438, 5, 0.00250675, -0.0188979, -0.00114148, 0.000237013, -0.00204556
00, 23.3442, 4.89351, 1.65894, 2.05499, 0.5, 0.013, 4, 3.96636, 5, 3.88715e-05, 0.00373662, -0.000921992, -0.000232159, 0.00200367
11, 24.2628, 6.04707, 1.63219, 2.09576, 0.5, 0.013, 4, 3.97143, 5, 0.00686078, -0.00356199, 0.00170667, 8.54071e-05, -0.000761384
10, 24.0731, 8.04951, 1.66367, 1.99262, 0.5, 0.013, 4, 3.91861, 5, 0.00338343, 0.0213748, 0.00165759, -9.42819e-05, 0.000840501

01, 23.5416, 2.78493, 1.63373, 2.16994, 0.5, 0.013, 4, 3.9438, 5, 0.00292639, -0.0214676, -0.00123344, 5.38999e-05, -0.000178544
00, 23.3431, 4.9212, 1.65416, 2.193, 0.5, 0.013, 4, 3.96636, 5, -0.000372367, 0.00625454, -0.000989778, -5.28582e-05, 0.000175093
11, 24.2976, 6.02501, 1.6407, 2.23651, 0.5, 0.013, 4, 3.97143, 5, 0.00699404, -0.00492376, 0.00170346, 1.22316e-05, -0.000172373
10, 24.0896, 8.16108, 1.672, 2.12644, 0.5, 0.013, 4, 3.91861, 5, 0.00323661, 0.0228748, 0.00167593, -1.34269e-05, 0.000189217

01, 23.557, 2.67541, 1.62733, 2.31568, 0.5, 0.013, 4, 3.9438, 5, 0.00322446, -0.0223399, -0.00133052, 6.6483e-05, -0.000175292
00, 23.3405, 4.95461, 1.64902, 2.34028, 0.5, 0.013, 4, 3.96636, 5, -0.00066483, 0.00711046, -0.00107012, -6.52625e-05, 0.000172074
11, 24.3327, 5.99821, 1.64925, 2.38671, 0.5, 0.013, 4, 3.97143, 5, 0.00703938, -0.00580307, 0.00171966, 5.74115e-06, -0.000181011
10, 24.1056, 8.27784, 1.68046, 2.26925, 0.5, 0.013, 4, 3.91861, 5, 0.00318694, 0.0238377, 0.00171099, -6.27246e-06, 0.000197763

01, 23.574, 2.56151, 1.62039, 2.47119, 0.5, 0.013, 4, 3.9438, 5, 0.00359839, -0.0232225, -0.00145147, 8.37875e-05, -0.000176997
00, 23.3363, 4.99233, 1.64342, 2.49745, 0.5, 0.013, 4, 3.96636, 5, -0.00103206, 0.00797721, -0.00117379, -8.23184e-05, 0.000173894
11, 24.3679, 5.96688, 1.65792, 2.547, 0.5, 0.013, 4, 3.97143, 5, 0.00704743, -0.00673608, 0.00175139, -3.03806e-06, -0.000192128
10, 24.1215, 8.39955, 1.68914, 2.42165, 0.5, 0.013, 4, 3.91861, 5, 0.00317815, 0.0248549, 0.00176298, 3.30593e-06, 0.000209069

01, 23.5931, 2.44319, 1.61277, 2.63716, 0.5, 0.013, 4, 3.9438, 5, 0.00406987, -0.0240994, -0.0016017, 0.000105592, -0.000172381
00, 23.33, 5.03438, 1.63723, 2.66518, 0.5, 0.013, 4, 3.96636, 5, -0.00149544, 0.00883907, -0.00130611, -0.000103815, 0.00016948
11, 24.4031, 5.93076, 1.6668, 2.71805, 0.5, 0.013, 4, 3.97143, 5, 0.00700275, -0.00772279, 0.0018024, -1.55797e-05, -0.000202291
10, 24.1375, 8.52648, 1.69812, 2.58429, 0.5, 0.013, 4, 3.91861, 5, 0.00322666, 0.0259267, 0.0018362, 1.68951e-05, 0.000219371

01, 23.6149, 2.32059, 1.60431, 2.81427, 0.5, 0.013, 4, 3.9438, 5, 0.00466206, -0.024928, -0.00178676, 0.000131989, -0.00015666
00, 23.3212, 5.08064, 1.6303, 2.84417, 0.5, 0.013, 4, 3.96636, 5, -0.00207787, 0.00965392, -0.00147276, -0.000129849, 0.00015412
11, 24.4378, 5.88958, 1.67599, 2.90059, 0.5, 0.013, 4, 3.97143, 5, 0.00688276, -0.00875473, 0.0018777, -3.34587e-05, -0.000209849
10, 24.1539, 8.65889, 1.70754, 2.75785, 0.5, 0.013, 4, 3.91861, 5, 0.00335656, 0.0270441, 0.00193624, 3.61759e-05, 0.000226891

01, 23.64, 2.19411, 1.59483, 3.00327, 0.5, 0.013, 4, 3.9438, 5, 0.00539458, -0.0256355, -0.00201071, 0.000161133, -0.000122507
00, 23.309, 5.13072, 1.62244, 3.03518, 0.5, 0.013, 4, 3.96636, 5, -0.00279871, 0.0103501, -0.00167821, -0.000158606, 0.000120586
11, 24.4717, 5.84317, 1.68563, 3.09539, 0.5, 0.013, 4, 3.97143, 5, 0.00665605, -0.0098119, 0.00198363, -5.86046e-05, -0.00021169
10, 24.1712, 8.79696, 1.71754, 2.94306, 0.5, 0.013, 4, 3.91861, 5, 0.00360132, 0.0281856, 0.00207002, 6.31993e-05, 0.000228287

01, 23.6691, 2.06463, 1.58414, 3.20497, 0.5, 0.013, 4, 3.9438, 5, 0.00626762, -0.0261058, -0.00227226, 0.000186519, -5.99921e-05
00, 23.2929, 5.18376, 1.61345, 3.23902, 0.5, 0.013, 4, 3.96636, 5, -0.00365828, 0.0108132, -0.00192209, -0.000183682, 5.90797e-05
11, 24.5041, 5.79149, 1.69589, 3.30328, 0.5, 0.013, 4, 3.97143, 5, 0.00628144, -0.0108527, 0.00212741, -9.28726e-05, -0.000202049
10, 24.1902, 8.94071, 1.72831, 3.14071, 0.5, 0.013, 4, 3.91861, 5, 0.00400481, 0.0293067, 0.00224528, 9.99255e-05, 0.000217393

01, 23.7028, 1.93373, 1.57207, 3.42021, 0.5, 0.013, 4, 3.9438, 5, 0.00722858, -0.0261719, -0.00255713, 0.00019276, 4.02989e-05
00, 23.2723, 5.23819, 1.60317, 3.45655, 0.5, 0.013, 4, 3.96636, 5, -0.00460483, 0.0108783, -0.00219181, -0.000189909, -3.97028e-05
11, 24.5342, 5.7348, 1.70698, 3.52512, 0.5, 0.013, 4, 3.97143, 5, 0.00571144, -0.0117968, 0.00231549, -0.000136505, -0.000170847
10, 24.2116, 9.08985, 1.74008, 3.35164, 0.5, 0.013, 4, 3.91861, 5, 0.00461742, 0.0303214, 0.00246853, 0.000146575, 0.000183451

01, 23.7415, 1.81554, 1.55852, 3.64991, 0.5, 0.013, 4, 3.9438, 5, 0.00950519, 0.0104782, -0.00319124, 0.00451063, 0.0198804
00, 23.2468, 5.29195, 1.5915, 3.68869, 0.5, 0.013, 4, 3.96636, 5, -0.00684842, 0.0125272, -0.00270593, -0.00444557, 0.00639914
11, 24.5608, 5.67392, 1.71912, 3.76186, 0.5, 0.013, 4, 3.97143, 5, 0.00490911, -0.0124995, 0.00254881, -0.000184063, -0.000102496
10, 24.2368, 9.2435, 1.75308, 3.57673, 0.5, 0.013, 4, 3.91861, 5, 0.00547812, 0.0310753, 0.00273968, 0.000197288, 0.00010986

01, 23.8329, 1.92292, 1.53264, 3.89503, 0.5, 0.013, 4, 3.9438, 5, 0.0213747, 0.0269959, -0.00606897, -0.00112091, 0.0011625
00, 23.1692, 5.38862, 1.56938, 3.93641, 0.5, 0.013, 4, 3.96636, 5, -0.0185478, 0.0166447, -0.00514836, 0.00110512, -0.00321332
111, 24.7424, 4.68794, 1.78892, 1.98592, 0.5, 0.013, 4, 4.05963, 5, 0.015924, -0.00380989, -0.00477242, 0.00320734, -0.0188582
110, 24.4144, 6.62025, 1.73068, 2.02858, 0.5, 0.013, 4, 3.97143, 5, -0.000855777, -0.0071107, -0.00016785, -0.00146518, 0.028733
10, 24.2687, 9.40736, 1.76815, 3.81694, 0.5, 0.013, 4, 3.91861, 5, 0.00807224, 0.0369549, 0.00353369, -0.000587535, -0.00389116

011, 23.4971, 1.032, 1.77234, 2.12297, 0.5, 0.013, 4, 4.05589, 5, -0.0790153, 0.0202581, 0.0604318, 0.0189843, -0.0140987
010, 23.9798, 2.70913, 1.74603, 2.03365, 0.5, 0.013, 4, 3.9438, 5, 0.0128259, -0.0797187, 0.0580081, -0.027527, -0.0280163
001, 23.0745, 4.34817, 1.69098, 2.12157, 0.5, 0.013, 4, 3.9967, 5, -0.00695789, -0.0094479, 0.0222546, 0.00698531, 0.00101358
000, 23.2859, 6.34165, 1.70249, 2.07921, 0.5, 0.013, 4, 3.96636, 5, 0.0292751, -0.00471453, 0.0313276, -0.000648628, -0.00408004
111, 24.8331, 4.63688, 1.7638, 2.1193, 0.5, 0.013, 4, 4.05963, 5, 0.0205341, -0.0145228, -0.00547031, 0.00187459, -0.00394361
110, 24.4112, 6.67195, 1.72437, 2.16482, 0.5, 0.013, 4, 3.97143, 5, -0.00646966, 0.001094, -0.000236346, -0.0046504, -0.00208749
101, 24.4925, 8.6288, 1.68072, 1.98796, 0.5, 0.013, 4, 4.05411, 5, 0.0206039, 0.0136329, -0.0100894, 0.00640084, 0.00144213
100, 24.0585, 10.5532, 1.74391, 2.08533, 0.5, 0.013, 4, 3.91861, 5, -0.00787106, 0.0217532, -0.0111571, -0.00276877, 0.0049947

011, 23.225, 1.05677, 2.04571, 2.26554, 0.5, 0.013, 4, 4.05589, 5, -0.0491889, -0.00234626, 0.0549694, 2.51182e-251, -0.00243942
010, 23.8488, 2.21683, 2.01425, 2.17023, 0.5, 0.013, 4, 3.9438, 5, -0.0410984, -0.0929493, 0.0536173, -3.35734e-14, 8.85738e-14
001, 23.1065, 4.30247, 1.81172, 2.26405, 0.5, 0.013, 4, 3.9967, 5, 0.0161939, -0.0150284, 0.0253784, -0.000327916, -0.000353158
000, 23.4033, 6.27987, 1.8521, 2.21885, 0.5, 0.013, 4, 3.96636, 5, 0.00591463, -0.0202066, 0.0259724, -0.00560512, -0.00190097
111, 24.9511, 4.55939, 1.73231, 2.26163, 0.5, 0.013, 4, 4.05963, 5, 0.0251757, -0.0124392, -0.00696994, 0.000328269, 0.000850339
110, 24.3564, 6.68338, 1.73136, 2.31021, 0.5, 0.013, 4, 3.97143, 5, -0.000973922, 0.00809602, 0.00567069, 0.00385865, 0.00239019
101, 24.643, 8.7044, 1.63187, 2.12147, 0.5, 0.013, 4, 4.05411, 5, 0.0346153, 0.0174817, -0.00926348, 0.000904466, 0.00212188
100, 24.0027, 10.6589, 1.68286, 2.22538, 0.5, 0.013, 4, 3.91861, 5, -0.0114152, 0.0143366, -0.0127545, 0.00062198, -0.00311795

011, 22.9766, 1.01165, 2.32615, 2.41769, 0.5, 0.013, 4, 4.05589, 5, -0.055391, -0.0168058, 0.0560667, -0.00813728, -0.00278433
010, 23.6459, 1.75451, 2.2832, 2.31598, 0.5, 0.013, 4, 3.9438, 5, -0.034415, -0.0866612, 0.0558008, 0.00876625, 0.00895026
001, 23.186, 4.22633, 1.93913, 2.4161, 0.5, 0.013, 4, 3.9967, 5, 0.016629, -0.0144266, 0.0252788, 0.000433566, 0.000379824
000, 23.4167, 6.16687, 1.97742, 2.36786, 0.5, 0.013, 4, 3.96636, 5, 0.00278435, -0.0245679, 0.0248232, 0.000568628, -0.00053506
100, 23.9611, 10.6957, 1.62108, 2.37483, 0.5, 0.013, 4, 3.91861, 5, -0.00418109, 0.00178068, -0.0115927, 0.00173747, -0.00147901
111, 25.0772, 4.51117, 1.69598, 2.41352, 0.5, 0.013, 4, 4.05963, 5, 0.0247265, -0.00641471, -0.00743126, -0.000305718, 0.0012817
110, 24.3597, 6.74575, 1.76785, 2.46536, 0.5, 0.013, 4, 3.97143, 5, -0.0001225, 0.0156711, 0.0076799, -0.000578682, 0.0008571
101, 24.8087, 8.80276, 1.59098, 2.26394, 0.5, 0.013, 4, 4.05411, 5, 0.029149, 0.0196548, -0.00701944, -0.00197825, -0.000664791

011, 22.6392, 0.899332, 2.59766, 2.58006, 0.5, 0.013, 4, 4.05589, 5, -0.0743545, -0.0288575, 0.0534111, -0.00158895, -0.00268377
010, 23.5389, 1.41186, 2.57938, 2.47152, 0.5, 0.013, 4, 3.9438, 5, -0.0140108, -0.0507396, 0.0592858, 0.00170616, 0.00790517
001, 23.2696, 4.15456, 2.0654, 2.57837, 0.5, 0.013, 4, 3.9967, 5, 0.0167148, -0.0143526, 0.0252547, 6.52167e-322, 6.52167e-322
000, 23.4411, 6.04217, 2.10301, 2.52689, 0.5, 0.013, 4, 3.96636, 5, 0.00702582, -0.0250563, 0.0254361, 0.000897229, 6.3944e-05
100, 23.9499, 10.6976, 1.56523, 2.53432, 0.5, 0.013, 4, 3.91861, 5, -0.00192631, 0.000159049, -0.0110983, 1.11452e-294, -6.33113e-295
111, 25.1969, 4.49319, 1.65865, 2.5756, 0.5, 0.013, 4, 4.05963, 5, 0.0231217, -0.00113306, -0.00746356, -0.00033464, 0.000853698
110, 24.3549, 6.8337, 1.80536, 2.63093, 0.5, 0.013, 4, 3.97143, 5, -0.00128985, 0.0194249, 0.00717996, 7.83025e-05, 0.000687785
101, 24.9414, 8.88345, 1.55855, 2.41598, 0.5, 0.013, 4, 4.05411, 5, 0.0251609, 0.0116326, -0.00646652, -0.000685328, -0.00181109

011, 22.2626, 0.72217, 2.86273, 2.75334, 0.5, 0.013, 4, 4.05589, 5, -0.0732406, -0.041701, 0.0527534, 0.00196799, -0.00231499
010, 23.474, 1.25896, 2.86036, 2.6375, 0.5, 0.013, 4, 3.9438, 5, -0.0152005, -0.011192, 0.0522337, -0.0021072, 0.00701029
001, 23.3532, 4.0828, 2.19168, 2.75153, 0.5, 0.013, 4, 3.9967, 5, 0.0167148, -0.0143526, 0.0252547, 4.10074e-322, 4.10074e-322
000, 23.4877, 5.91906, 2.23195, 2.69659, 0.5, 0.013, 4, 3.96636, 5, 0.0115803, -0.0239562, 0.0261296, 0.000855396, 0.000334978
100, 23.9403, 10.65, 1.50923, 2.70452, 0.5, 0.013, 4, 3.91861, 5, -0.00192631, -0.0169439, -0.0113415, 4.59481e-322, -9.19797e-05
111, 25.3086, 4.49642, 1.62157, 2.74858, 0.5, 0.013, 4, 4.05963, 5, 0.0216933, 0.00206613, -0.00736939, -0.000200736, 0.000426517
110, 24.3518, 6.9379, 1.83757, 2.80762, 0.5, 0.013, 4, 3.97143, 5, 0.000461687, 0.0218845, 0.00555041, 0.000574715, 0.00024947
101, 25.0553, 8.92125, 1.52431, 2.57824, 0.5, 0.013, 4, 4.05411, 5, 0.0198333, 0.00406967, -0.00736943, -0.00135539, -0.00111838

011, 21.9306, 0.488292, 3.12511, 2.93825, 0.5, 0.013, 4, 4.05589, 5, -0.0582029, -0.0511052, 0.0520504, 0.00361381, -0.00143516
010, 23.3615, 1.27448, 3.10057, 2.81464, 0.5, 0.013, 4, 3.9438, 5, -0.0312801, 0.0139797, 0.0443431, -0.00385999, 0.00298937
001, 23.4367, 4.01103, 2.31795, 2.93632, 0.5, 0.013, 4, 3.9967, 5, 0.0167148, -0.0143526, 0.0252547, 2.96439e-322, 2.96439e-322
000, 23.5542, 5.80287, 2.36381, 2.87769, 0.5, 0.013, 4, 3.96636, 5, 0.0144651, -0.0228167, 0.0265154, 0.000290212, 5.77548e-05
100, 23.9306, 10.5643, 1.45195, 2.88616, 0.5, 0.013, 4, 3.91861, 5, -0.00192631, -0.0173278, -0.0115742, 3.21143e-322, -6.05533e-05
111, 25.4154, 4.51076, 1.58475, 2.93317, 0.5, 0.013, 4, 4.05963, 5, 0.0210735, 0.0035502, -0.00736154, -0.000146349, 0.000273642
110, 24.3582, 7.04572, 1.86119, 2.99618, 0.5, 0.013, 4, 3.97143, 5, 0.00119577, 0.020729, 0.00426829, -0.000181635, -0.000358094
101, 25.1425, 8.93514, 1.48521, 2.75139, 0.5, 0.013, 4, 4.05411, 5, 0.01658, 0.00252343, -0.00794405, 5.74207e-05, 4.41809e-05

001, 23.5203, 3.93927, 2.44422, 3.13352, 0.5, 0.013, 4, 3.9967, 5, 0.0167148, -0.0143526, 0.0252547, 2.2727e-322, 2.2727e-322
011, 21.6781, 0.407016, 3.16533, 3.13558, 0.5, 0.013, 4, 4.05589, 5, -0.0519449, -0.0199466, 0.0051254, 6.5484e-05, 0.0246054
010, 23.164, 1.36548, 3.305, 3.00366, 0.5, 0.013, 4, 3.9438, 5, -0.0379674, 0.0409016, 0.0283455, -6.97954e-05, -0.0203461
000, 23.6292, 5.6889, 2.49654, 3.07095, 0.5, 0.013, 4, 3.96636, 5, 0.0154263, -0.0228562, 0.0265535, 0.000132246, -5.03419e-05
100, 23.921, 10.477, 1.3935, 3.07999, 0.5, 0.013, 4, 3.91861, 5, -0.00192631, -0.0175392, -0.011801, 2.42092e-322, -2.29952e-05
111, 25.5183, 4.53201, 1.54826, 3.13016, 0.5, 0.013, 4, 4.05963, 5, 0.0199478, 0.00494096, -0.00719821, -0.000297508, 0.000264689
110, 24.3622, 7.14503, 1.8822, 3.1974, 0.5, 0.013, 4, 3.97143, 5, 0.000509825, 0.0190263, 0.00420472, -8.65003e-05, -0.000315079
101, 25.2274, 8.94872, 1.44618, 2.93617, 0.5, 0.013, 4, 4.05411, 5, 0.0175711, 0.00296952, -0.0076366, 0.000284035, 0.000120228

001, 23.6032, 3.86739, 2.5704, 3.34396, 0.5, 0.013, 4, 3.9967, 5, 0.0139107, -0.01481, 0.024868, -0.00590867, -0.000939517
011, 21.4221, 0.36914, 3.18413, 3.34616, 0.5, 0.013, 4, 4.05589, 5, -0.0504924, -0.00655672, 0.00237092, 0.000204004, -0.000576382
010, 22.9701, 1.52467, 3.45246, 3.20539, 0.5, 0.013, 4, 3.9438, 5, -0.0395141, 0.0313472, 0.0289799, -0.000217026, 0.000120218
000, 23.699, 5.57471, 2.6284, 3.2772, 0.5, 0.013, 4, 3.96636, 5, 0.0076797, -0.0222648, 0.0257768, -0.00290624, -0.000142931
100, 23.9108, 10.3899, 1.33371, 3.28684, 0.5, 0.013, 4, 3.91861, 5, -0.00427901, -0.0155121, -0.0130091, -0.00530845, 0.00269124
111, 25.623, 4.5595, 1.51264, 3.34038, 0.5, 0.013, 4, 4.05963, 5, 0.0290314, 0.00613394, -0.00682647, 0.00866508, 0.000725253
110, 24.3647, 7.23439, 1.90359, 3.41213, 0.5, 0.013, 4, 3.97143, 5, 0.00250573, 0.0109849, 0.00432808, 0.00478545, -0.0129725
101, 25.3192, 8.96526, 1.40904, 3.13336, 0.5, 0.013, 4, 4.05411, 5, 0.0192221, 0.00368007, -0.00720932, 0.000367791, 0.00016206

001, 23.6276, 3.78799, 2.68938, 3.56854, 0.5, 0.013, 4, 3.9967, 5, 0.000647772, -0.0159492, 0.0234396, -0.000691217, 0.000199081
011, 21.1715, 0.32387, 3.19285, 3.57089, 0.5, 0.013, 4, 4.05589, 5, -0.0498492, -0.0129715, 0.00161831, 8.55738e-05, -0.00238607
010, 22.7706, 1.68011, 3.59549, 3.42066, 0.5, 0.013, 4, 3.9438, 5, -0.0401978, 0.0301293, 0.0284475, -9.08847e-05, -0.000757644
000, 23.7252, 5.43922, 2.75352, 3.49729, 0.5, 0.013, 4, 3.96636, 5, 0.00528037, -0.0324644, 0.024294, 0.00057448, -0.00119208
100, 23.8251, 10.3203, 1.2432, 3.50758, 0.5, 0.013, 4, 3.91861, 5, -0.0254007, -0.0148132, -0.0208326, -0.000785056, -0.000100123
111, 25.8156, 4.59485, 1.48795, 3.56472, 0.5, 0.013, 4, 4.05963, 5, 0.0410545, 0.00718627, -0.00384362, 3.38062e-05, -0.000168462
110, 24.4352, 7.21104, 1.92439, 3.64129, 0.5, 0.013, 4, 3.97143, 5, 0.0196475, -0.00370867, 0.0037759, -0.000847331, 0.00417812
101, 25.4292, 8.9891, 1.37588, 3.3438, 0.5, 0.013, 4, 4.05411, 5, 0.026424, 0.00649829, -0.00573921, 0.0019032, 0.000760445

001, 23.6264, 3.712, 2.80735, 3.8082, 0.5, 0.013, 4, 3.9967, 5, -0.000425548, -0.0142449, 0.0238493, 0.00017205, 0.000439491
011, 20.9235, 0.19677, 3.21319, 3.8107, 0.5, 0.013, 4, 4.05589, 5, -0.0493149, -0.0515706, 0.0103329, 9.32097e-05, -0.021954
010, 22.5683, 1.80874, 3.74056, 3.65039, 0.5, 0.013, 4, 3.9438, 5, -0.0407649, 0.0165532, 0.0303949, -9.88479e-05, -0.00727659
000, 23.7595, 5.27354, 2.87422, 3.73216, 0.5, 0.013, 4, 3.96636, 5, 0.00822881, -0.0325507, 0.024171, 0.000397405, 0.000404917
100, 23.7122, 10.2514, 1.14587, 3.74315, 0.5, 0.013, 4, 3.91861, 5, -0.0171152, -0.012668, -0.0175753, 0.00255881, 0.000251618
111, 26.0207, 4.62717, 1.47065, 3.80412, 0.5, 0.013, 4, 4.05963, 5, 0.0408892, 0.00550105, -0.00323959, -0.000151488, -0.000456777
110, 24.5055, 7.24158, 1.94214, 3.88584, 0.5, 0.013, 4, 3.97143, 5, 0.00738158, 0.0137565, 0.00359728, -0.00250135, 0.00204546
101, 25.5743, 9.02721, 1.35, 3.56836, 0.5, 0.013, 4, 4.05411, 5, 0.029587, 0.00799027, -0.00497932, -0.000367868, -8.00102e-05

0010, 22.6866, 3.91591, 2.93238, 2.04058, 0.5, 0.013, 4, 3.9967, 5, 0.0263366, 0.00678215, 0.0277264, -0.00969982, 0.0031021
010, 22.3762, 1.69514, 3.92278, 3.89554, 0.5, 0.013, 4, 3.9438, 5, -0.0366347, -0.0416273, 0.0395412, 3.72669e-113, 1.49221e-112
0000, 22.9009, 5.28826, 3.00251, 1.95737, 0.5, 0.013, 4, 3.96636, 5, 0.0195331, 0.0131361, 0.037747, -0.0390964, 0.0072712
1001, 23.1824, 9.34581, 1.06753, 1.99668, 0.5, 0.013, 4, 3.92836, 5, -0.0307728, -0.00570922, -0.00930728, -0.00544749, -0.0102395
0011, 24.6172, 3.43009, 2.87361, 2.02338, 0.5, 0.013, 4, 4.01084, 5, 0.0349433, 0.00151626, 0.0269899, 0.00860877, -0.00199087
0001, 24.8385, 4.98245, 2.98463, 2.02544, 0.5, 0.013, 4, 4.06175, 5, -0.0281358, -0.0103057, 0.0327405, 0.10461, 0.00340644
1101, 24.9447, 6.37164, 2.01148, 2.08264, 0.5, 0.013, 4, 4.0505, 5, 0.0255437, 0.0209809, 0.00495648, -0.00118041, -0.0215155
111, 26.224, 4.64941, 1.45304, 4.0596, 0.5, 0.013, 4, 4.05963, 5, 0.0526279, 0.00215809, -0.00429625, -0.0211443, 0.00206902
1000, 24.1095, 11.0632, 1.07111, 1.99785, 0.5, 0.013, 4, 3.91861, 5, -0.0082449, -0.00752873, -0.0135113, 0.00561797, 0.000194255
1100, 24.1686, 8.24296, 1.94151, 2.06416, 0.5, 0.013, 4, 3.97143, 5, -0.00118127, 0.0301259, -0.00223269, -0.00131019, 0.00531177
101, 25.6829, 9.04772, 1.31894, 3.80801, 0.5, 0.013, 4, 4.05411, 5, 0.0182486, 0.0020175, -0.0067326, -0.000486641, -9.54528e-05

0101, 22.7689, 2.31039, 4.16101, 2.0567, 0.5, 0.013, 4, 3.97415, 5, -0.049834, -0.00825648, 0.0415043, -0.00319558, -0.00332117
0010, 22.7237, 3.99849, 3.08143, 2.17762, 0.5, 0.013, 4, 3.9967, 5, 0.00862385, 0.0214913, 0.031743, 0.00418173, 0.000475131
0100, 21.332, 0.94983, 4.10427, 2.10046, 0.5, 0.013, 4, 3.9438, 5, -0.0797908, 0.0223843, 0.0347645, 0.00306851, 0.00031745
0000, 22.9371, 5.38956, 3.2007, 2.08883, 0.5, 0.013, 4, 3.96636, 5, 0.0161858, 0.020633, 0.0402613, 0.00614988, -0.00257577
1001, 23.0025, 9.27213, 1.02208, 2.13077, 0.5, 0.013, 4, 3.92836, 5, -0.0369118, -0.0168447, -0.0089378, -8.38927e-05, 0.000233981
1111, 26.2226, 3.56932, 1.37542, 2.20935, 0.5, 0.013, 4, 4.09179, 5, 0.0284095, 0.00127065, -0.00488018, -0.00179545, 6.58137e-05
0011, 24.6902, 3.42623, 3.01901, 2.15927, 0.5, 0.013, 4, 4.01084, 5, 0.010277, -0.00454216, 0.0322711, -0.00237491, -0.000551311
0001, 24.8458, 4.86328, 3.14048, 2.16146, 0.5, 0.013, 4, 4.06175, 5, -0.00538274, -0.0257139, 0.0310209, -0.00272694, 0.00736273
1101, 25.006, 6.37184, 2.04341, 2.22251, 0.5, 0.013, 4, 4.0505, 5, 0.0179636, 0.00998839, 0.00372553, 0.00129028, -0.00952254
1110, 26.375, 5.72038, 1.42077, 2.12288, 0.5, 0.013, 4, 4.05963, 5, 0.00793271, 0.0318263, -0.00600035, -0.00274433, 0.000489766
1011, 25.5172, 8.16379, 1.27702, 2.00071, 0.5, 0.013, 4, 3.95756, 5, -0.00325299, -0.011267, -0.017553, 0.00589419, -0.00594907
1000, 24.0971, 11.0271, 0.995055, 2.13203, 0.5, 0.013, 4, 3.91861, 5, -0.000493009, -0.00672896, -0.01606, 0.000228711, 0.000269427
1100, 24.1804, 8.38123, 1.93355, 2.20279, 0.5, 0.013, 4, 3.97143, 5, 0.00525158, 0.0258316, -0.000856498, -0.00785337, 0.00543548
1010, 26.0829, 10.1106, 1.28471, 2.06305, 0.5, 0.013, 4, 4.05411, 5, -0.00521966, -0.00824301, -0.0168727, 0.0012783, 0.00456299

0101, 22.477, 2.24325, 4.36357, 2.19483, 0.5, 0.013, 4, 3.97415, 5, -0.0623919, -0.015138, 0.0399012, -2.13296e-145, -4.13187e-146
0100, 20.9742, 1.0621, 4.27878, 2.24153, 0.5, 0.013, 4, 3.9438, 5, -0.0677232, 0.0223387, 0.0349437, 2.05133e-145, -4.24745e-05
0010, 22.7919, 4.06908, 3.23518, 2.32387, 0.5, 0.013, 4, 3.9967, 5, -0.00604384, -0.0125768, 0.025379, -0.0103091, -0.00991758
0000, 23.0623, 5.46303, 3.39471, 2.22911, 0.5, 0.013, 4, 3.96636, 5, 0.0274934, 0.0126409, 0.0382761, 1.29097e-217, -1.53319e-217
1001, 22.8101, 9.19676, 0.979339, 2.27387, 0.5, 0.013, 4, 3.92836, 5, -0.0396117, -0.0134149, -0.00811968, -0.000367463, 0.000649132
1111, 26.3345, 3.57819, 1.34482, 2.35773, 0.5, 0.013, 4, 4.09179, 5, 0.0160055, 0.00239725, -0.00740466, -0.00214767, 0.00018875
0011, 24.7147, 3.41354, 3.18721, 2.30428, 0.5, 0.013, 4, 4.01084, 5, 0.00143417, 0.00224484, 0.0337736, -0.000178277, 0.00220996
0001, 24.8348, 4.7523, 3.27518, 2.30663, 0.5, 0.013, 4, 4.06175, 5, 0.0208708, -0.0149242, 0.018531, 0.00692071, -0.000848137
1101, 25.0198, 6.36607, 2.08881, 2.37177, 0.5, 0.013, 4, 4.0505, 5, -0.00644949, 0.00046335, 0.0125735, -0.00205282, 0.00174443
1110, 26.3966, 5.88908, 1.38828, 2.26546, 0.5, 0.013, 4, 4.05963, 5, 0.0112561, 0.0411496, -0.00482289, 0.00798313, 0.00600348
1011, 25.5855, 8.11001, 1.20172, 2.13507, 0.5, 0.013, 4, 3.95756, 5, 0.0199437, -0.0112538, -0.0152757, 0.000357447, 7.7055e-05
1000, 24.0967, 10.9972, 0.912487, 2.27521, 0.5, 0.013, 4, 3.91861, 5, 0.000206022, -0.0051802, -0.0168972, 7.91891e-05, 0.000348249
1100, 24.2015, 8.51798, 1.92653, 2.35073, 0.5, 0.013, 4, 3.97143, 5, 0.00796047, 0.0290047, -0.000757194, 0.00138055, 0.00159244
1010, 26.069, 10.1463, 1.19685, 2.2016, 0.5, 0.013, 4, 4.05411, 5, -0.00380954, 0.0132008, -0.0184994, -0.00119515, -0.0011761

0010, 22.7265, 3.97369, 3.35779, 2.47994, 0.5, 0.013, 4, 3.9967, 5, -0.0124582, -0.0163119, 0.0256131, 0.00144406, 0.00362253
0101, 22.165, 2.16756, 4.56308, 2.34223, 0.5, 0.013, 4, 3.97415, 5, -0.0623919, -0.015138, 0.0399012, -5.43472e-323, -5.43472e-323
0100, 20.6356, 1.17209, 4.45568, 2.39206, 0.5, 0.013, 4, 3.9438, 5, -0.0677232, 0.0214039, 0.0358442, 1.43279e-322, -0.000345768
0000, 23.1998, 5.52623, 3.58609, 2.37882, 0.5, 0.013, 4, 3.96636, 5, 0.0274934, 0.0126409, 0.0382761, 3.45846e-323, -3.45846e-323
1001, 22.6156, 9.13147, 0.938098, 2.42658, 0.5, 0.013, 4, 3.92836, 5, -0.0373224, -0.0132098, -0.00865154, 3.25396e-05, 0.00018902
1111, 26.3935, 3.59156, 1.30281, 2.51607, 0.5, 0.013, 4, 4.09179, 5, 0.0083703, 0.00283531, -0.00927614, -0.000971184, -1.11066e-05
0011, 24.7235, 3.44705, 3.35418, 2.45903, 0.5, 0.013, 4, 4.01084, 5, 0.0031064, 0.00941517, 0.0333037, 0.00100915, 1.15408e-05
0001, 24.9841, 4.6545, 3.36209, 2.46154, 0.5, 0.013, 4, 4.06175, 5, 0.0364641, -0.0231608, 0.0193286, 0.00204354, -0.000907975
1101, 24.9817, 6.37136, 2.14807, 2.53106, 0.5, 0.013, 4, 4.0505, 5, -0.00865737, 0.000193913, 0.00978263, -0.00141894, -0.000601959
1110, 26.4777, 6.14093, 1.36948, 2.4176, 0.5, 0.013, 4, 4.05963, 5, 0.0144447, 0.0548651, -0.00403892, -0.00140246, -6.6971e-06
1011, 25.6751, 8.05675, 1.12229, 2.27846, 0.5, 0.013, 4, 3.95756, 5, 0.0141124, -0.0085175, -0.0162317, -0.00159179, 0.00141483
1000, 24.0979, 10.976, 0.826516, 2.42801, 0.5, 0.013, 4, 3.91861, 5, 0.000213025, -0.00319837, -0.0175098, -3.2507e-05, 0.000447546
1100, 24.2485, 8.67379, 1.92627, 2.5086, 0.5, 0.013, 4, 3.97143, 5, 0.00979677, 0.0304079, 0.000504055, 0.00063978, -0.00138658
1010, 26.0397, 10.1842, 1.10352, 2.34946, 0.5, 0.013, 4, 4.05411, 5, -0.0066928, 0.00135182, -0.0184145, 7.90051e-05, -0.0020897

0101, 21.8586, 2.02206, 4.76059, 2.49953, 0.5, 0.013, 4, 3.97415, 5, -0.0633018, -0.0294069, 0.0401949, -0.000800257, 0.00365697
0100, 20.297, 1.27327, 4.63732, 2.55271, 0.5, 0.013, 4, 3.9438, 5, -0.0677232, 0.0187518, 0.0367976, 6.91692e-323, -0.000725128
0010, 22.675, 4.00011, 3.48276, 2.64649, 0.5, 0.013, 4, 3.9967, 5, -0.00375276, 0.0135197, 0.0268965, -0.00186799, 0.00135636
0000, 23.3367, 5.58905, 3.77747, 2.53858, 0.5, 0.013, 4, 3.96636, 5, 0.0240383, 0.0101937, 0.0382953, -0.0122583, -0.0087179
1001, 22.4302, 9.06781, 0.894467, 2.58955, 0.5, 0.013, 4, 3.92836, 5, -0.0366925, -0.0123294, -0.00883361, 0.000184445, 7.74695e-06
1111, 26.4599, 3.58378, 1.24167, 2.68505, 0.5, 0.013, 4, 4.09179, 5, 0.016294, -0.00416111, -0.0133034, 0.000281363, -6.3308e-05
0011, 24.7731, 3.4479, 3.51121, 2.62418, 0.5, 0.013, 4, 4.01084, 5, 0.0165373, -0.0178642, 0.0273979, 0.0002647, -0.00451597
0001, 25.1338, 4.57899, 3.48233, 2.62685, 0.5, 0.013, 4, 4.06175, 5, 0.022711, -0.00636945, 0.0263533, -0.00129775, 0.000102195
1101, 24.9167, 6.38243, 2.1871, 2.70104, 0.5, 0.013, 4, 4.0505, 5, -0.0140505, 0.00890856, 0.00683602, 0.00808635, 0.00742385
1110, 26.5353, 6.4092, 1.34839, 2.57997, 0.5, 0.013, 4, 4.05963, 5, 0.00864703, 0.0546487, -0.00462263, -0.00096685, 0.000404511
1011, 25.732, 8.02635, 1.04254, 2.43148, 0.5, 0.013, 4, 3.95756, 5, 0.011818, -0.00588578, -0.0152039, 0.00271851, -0.000559861
1000, 24.0964, 10.9668, 0.736548, 2.59108, 0.5, 0.013, 4, 3.91861, 5, -0.0032518, 0.000718076, -0.01992, -0.00318908, 0.00166347
1100, 24.3019, 8.81124, 1.92861, 2.67707, 0.5, 0.013, 4, 3.97143, 5, 0.0119037, 0.0236385, 7.66319e-05, 0.00186989, -0.00191102
1010, 26.0099, 10.1706, 1.01411, 2.50724, 0.5, 0.013, 4, 4.05411, 5, -0.00524621, -0.00508864, -0.0174913, 1.51126e-68, -3.07193e-68

