1, 23.5, 5.5, 1.5708, 2, 0.5, 0.026, 4, 4, 5, 0, 0, 0, 0, 0
0, 22, 6, 0, 2, 0.5, 0.026, 4, 4, 5, 0, 0, 0, 0, 0

1, 23.5531, 5.49815, 1.50539, 2.27766, 0.5, 0.026, 4, 4, 5, 0, 0, 0, 0, 0
0, 21.9469, 6.00185, 0.00282711, 2.27766, 0.5, 0.026, 4, 4, 5, 0, 0, 0, 0, 0

1, 23.6189, 5.49186, 1.44876, 2.59386, 0.5, 0.026, 4, 4, 5, 0, 0, 0, 0, 0
0, 21.8811, 6.00814, 0.0126208, 2.59386, 0.5, 0.026, 4, 4, 5, 0, 0, 0, 0, 0

1, 23.6954, 5.4805, 1.39988, 2.95396, 0.5, 0.026, 4, 4, 5, 0, 0, 0, 0, 0
0, 21.8046, 6.0195, 0.0305285, 2.95396, 0.5, 0.026, 4, 4, 5, 0, 0, 0, 0, 0

1, 23.7806, 5.46379, 1.35603, 3.36406, 0.5, 0.026, 4, 4, 5, 0, 0, 0, 0, 0
0, 21.7194, 6.03621, 0.0569428, 3.36406, 0.5, 0.026, 4, 4, 5, 0, 0, 0, 0, 0

1, 23.8724, 5.44174, 1.31477, 3.83108, 0.5, 0.026, 4, 4, 5, 0, 0, 0, 0, 0
0, 21.6276, 6.05826, 0.0915287, 3.83108, 0.5, 0.026, 4, 4, 5, 0, 0, 0, 0, 0

01, 20.4941, 5.95083, 0.103677, 2.17034, 0.5, 0.026, 4, 4, 5, 0, 0, 0, 0, 0
11, 23.6186, 4.4263, 1.3084, 2.16394, 0.5, 0.026, 4, 4, 5, 0, 0, 0, 0, 0
00, 22.6569, 6.20392, 0.150758, 2.1926, 0.5, 0.026, 4, 4, 5, 0, 0, 0, 0, 0
10, 24.2861, 6.48392, 1.41489, 2.199, 0.5, 0.026, 4, 4, 5, 0, 0, 0, 0, 0

01, 20.2805, 5.93343, 0.111345, 2.47165, 0.5, 0.026, 4, 4, 5, 0, 0, 0, 0, 0
11, 23.5759, 4.36037, 1.3456, 2.46436, 0.5, 0.026, 4, 4, 5, 0, 0, 0, 0, 0
00, 22.734, 6.23256, 0.238875, 2.497, 0.5, 0.026, 4, 4, 5, 0, 0, 0, 0, 0
10, 24.4621, 6.53741, 1.54139, 2.50429, 0.5, 0.026, 4, 4, 5, 0, 0, 0, 0, 0

01, 20.0787, 5.94725, 0.167836, 2.81478, 0.5, 0.026, 4, 4, 5, 0, 0, 0, 0, 0
11, 23.5532, 4.34382, 1.37209, 2.80648, 0.5, 0.026, 4, 4, 5, 0, 0, 0, 0, 0
00, 22.7866, 6.21895, 0.40592, 2.84365, 0.5, 0.026, 4, 4, 5, 0, 0, 0, 0, 0
10, 24.6312, 6.55363, 1.58857, 2.85196, 0.5, 0.026, 4, 4, 5, 0, 0, 0, 0, 0

01, 19.9968, 5.98488, 0.238562, 3.20555, 0.5, 0.026, 4, 4, 5, 0, 0, 0, 0, 0
11, 23.5436, 4.34103, 1.38397, 3.1961, 0.5, 0.026, 4, 4, 5, 0, 0, 0, 0, 0
00, 22.777, 6.17994, 0.551915, 3.23843, 0.5, 0.026, 4, 4, 5, 0, 0, 0, 0, 0
10, 24.731, 6.55815, 1.58597, 3.24789, 0.5, 0.026, 4, 4, 5, 0, 0, 0, 0, 0

01, 19.983, 6.00084, 0.262148, 3.65057, 0.5, 0.026, 4, 4, 5, 0, 0, 0, 0, 0
11, 23.5436, 4.34103, 1.38397, 3.63981, 0.5, 0.026, 4, 4, 5, 0, 0, 0, 0, 0
00, 22.7186, 6.16378, 0.625946, 3.68802, 0.5, 0.026, 4, 4, 5, 0, 0, 0, 0, 0
10, 24.8028, 6.5585, 1.56439, 3.69879, 0.5, 0.026, 4, 4, 5, 0, 0, 0, 0, 0

011, 19.0079, 5.73674, 0.268843, 2.05998, 0.5, 0.026, 4, 4, 5, 0, 0, 0, 0, 0
111, 23.3386, 3.26143, 1.37636, 2.10312, 0.5, 0.026, 4, 4, 5, 0, 0, 0, 0, 0
010, 21.0004, 6.31878, 0.306658, 2.09739, 0.5, 0.026, 4, 4, 5, 0, 0, 0, 0, 0
001, 21.8158, 5.45056, 0.652056, 2.13601, 0.5, 0.026, 4, 4, 5, 0, 0, 0, 0, 0
110, 23.7321, 5.29362, 1.38271, 2.04199, 0.5, 0.026, 4, 4, 5, 0, 0, 0, 0, 0
000, 23.4424, 6.77281, 0.660556, 2.06401, 0.5, 0.026, 4, 4, 5, 0, 0, 0, 0, 0
101, 24.8242, 5.43124, 1.55559, 2.14622, 0.5, 0.026, 4, 4, 5, 0, 0, 0, 0, 0
100, 24.8708, 7.53418, 1.54797, 2.06606, 0.5, 0.026, 4, 4, 5, 0, 0, 0, 0, 0

011, 18.8667, 5.6966, 0.266833, 2.34597, 0.5, 0.026, 4, 4, 5, 0, 0, 0, 0, 0
111, 23.3064, 3.09508, 1.37541, 2.39509, 0.5, 0.026, 4, 4, 5, 0, 0, 0, 0, 0
010, 21.133, 6.36641, 0.330631, 2.38857, 0.5, 0.026, 4, 4, 5, 0, 0, 0, 0, 0
001, 21.7169, 5.3302, 0.596727, 2.43254, 0.5, 0.026, 4, 4, 5, 0, 0, 0, 0, 0
110, 23.7671, 5.40636, 1.36097, 2.32548, 0.5, 0.026, 4, 4, 5, 0, 0, 0, 0, 0
000, 23.4317, 6.94714, 0.643151, 2.35056, 0.5, 0.026, 4, 4, 5, 0, 0, 0, 0, 0
101, 24.8585, 5.29092, 1.50908, 2.44418, 0.5, 0.026, 4, 4, 5, 0, 0, 0, 0, 0
100, 24.9524, 7.6798, 1.6303, 2.35289, 0.5, 0.026, 4, 4, 5, 0, 0, 0, 0, 0

011, 18.6499, 5.64496, 0.278051, 2.67166, 0.5, 0.026, 4, 4, 5, 0, 0, 0, 0, 0
111, 23.272, 2.89794, 1.36841, 2.7276, 0.5, 0.026, 4, 4, 5, 0, 0, 0, 0, 0
010, 21.1923, 6.44283, 0.499376, 2.72017, 0.5, 0.026, 4, 4, 5, 0, 0, 0, 0, 0
001, 21.6498, 5.21883, 0.51319, 2.77025, 0.5, 0.026, 4, 4, 5, 0, 0, 0, 0, 0
110, 23.8274, 5.51807, 1.27258, 2.64832, 0.5, 0.026, 4, 4, 5, 0, 0, 0, 0, 0
000, 23.4804, 7.12839, 0.790814, 2.67688, 0.5, 0.026, 4, 4, 5, 0, 0, 0, 0, 0
101, 24.9, 5.13681, 1.42902, 2.7835, 0.5, 0.026, 4, 4, 5, 0, 0, 0, 0, 0
100, 25.0615, 7.83814, 1.70171, 2.67954, 0.5, 0.026, 4, 4, 5, 0, 0, 0, 0, 0

011, 18.5061, 5.64047, 0.329729, 3.04256, 0.5, 0.026, 4, 4, 5, 0, 0, 0, 0, 0
111, 23.2606, 2.72289, 1.3329, 3.10627, 0.5, 0.026, 4, 4, 5, 0, 0, 0, 0, 0
010, 21.2711, 6.48014, 0.683379, 3.09781, 0.5, 0.026, 4, 4, 5, 0, 0, 0, 0, 0
001, 21.5979, 5.09066, 0.38976, 3.15484, 0.5, 0.026, 4, 4, 5, 0, 0, 0, 0, 0
110, 23.8499, 5.67102, 1.17389, 3.01599, 0.5, 0.026, 4, 4, 5, 0, 0, 0, 0, 0
000, 23.4834, 7.25382, 0.871229, 3.04851, 0.5, 0.026, 4, 4, 5, 0, 0, 0, 0, 0
101, 24.8989, 4.97504, 1.39464, 3.16993, 0.5, 0.026, 4, 4, 5, 0, 0, 0, 0, 0
100, 25.166, 8.007, 1.76552, 3.05154, 0.5, 0.026, 4, 4, 5, 0, 0, 0, 0, 0

011, 18.4278, 5.66899, 0.398928, 3.46495, 0.5, 0.026, 4, 4, 5, 0, 0, 0, 0, 0
111, 23.2802, 2.52984, 1.24074, 3.53751, 0.5, 0.026, 4, 4, 5, 0, 0, 0, 0, 0
010, 21.296, 6.52026, 0.793619, 3.52787, 0.5, 0.026, 4, 4, 5, 0, 0, 0, 0, 0
001, 21.4708, 4.95865, 0.367225, 3.59282, 0.5, 0.026, 4, 4, 5, 0, 0, 0, 0, 0
110, 23.9218, 5.82162, 1.17881, 3.43469, 0.5, 0.026, 4, 4, 5, 0, 0, 0, 0, 0
000, 23.4374, 7.36772, 0.875026, 3.47173, 0.5, 0.026, 4, 4, 5, 0, 0, 0, 0, 0
101, 24.8969, 4.82901, 1.39726, 3.61, 0.5, 0.026, 4, 4, 5, 0, 0, 0, 0, 0
100, 25.3074, 8.1599, 1.84089, 3.47518, 0.5, 0.026, 4, 4, 5, 0, 0, 0, 0, 0

011, 18.3882, 5.70171, 0.453523, 3.94599, 0.5, 0.026, 4, 4, 5, 0, 0, 0, 0, 0
1111, 22.851, 1.34258, 1.18784, 2.0512, 0.5, 0.026, 4, 4, 5, 0, 0, 0, 0, 0
1110, 23.6286, 3.19788, 1.15994, 1.97741, 0.5, 0.026, 4, 4, 5, 0, 0, 0, 0, 0
0101, 20.5699, 5.81099, 0.84837, 2.02973, 0.5, 0.026, 4, 4, 5, 0, 0, 0, 0, 0
0011, 20.4369, 4.43124, 0.388697, 2.03281, 0.5, 0.026, 4, 4, 5, 0, 0, 0, 0, 0
0100, 21.8978, 7.31449, 0.835139, 1.98792, 0.5, 0.026, 4, 4, 5, 0, 0, 0, 0, 0
0010, 22.3108, 5.24355, 0.372385, 2.0588, 0.5, 0.026, 4, 4, 5, 0, 0, 0, 0, 0
110, 23.9925, 5.96624, 1.18142, 3.91152, 0.5, 0.026, 4, 4, 5, 0, 0, 0, 0, 0
000, 23.3447, 7.45685, 0.856236, 3.9537, 0.5, 0.026, 4, 4, 5, 0, 0, 0, 0, 0
1011, 24.854, 3.72121, 1.44264, 2.0413, 0.5, 0.026, 4, 4, 5, 0, 0, 0, 0, 0
1010, 25.0855, 5.7606, 1.4743, 2.06988, 0.5, 0.026, 4, 4, 5, 0, 0, 0, 0, 0
100, 25.4698, 8.27143, 1.90123, 3.95763, 0.5, 0.026, 4, 4, 5, 0, 0, 0, 0, 0

0111, 17.3258, 5.18229, 0.469068, 2.27821, 0.5, 0.026, 4, 4, 5, 0, 0, 0, 0, 0
0110, 19.3254, 6.19998, 0.493219, 2.21559, 0.5, 0.026, 4, 4, 5, 0, 0, 0, 0, 0
1111, 22.7683, 1.14385, 1.1923, 2.33597, 0.5, 0.026, 4, 4, 5, 0, 0, 0, 0, 0
1110, 23.6891, 3.23677, 1.06075, 2.25193, 0.5, 0.026, 4, 4, 5, 0, 0, 0, 0, 0
1101, 23.7153, 5.01287, 0.903534, 2.22214, 0.5, 0.026, 4, 4, 5, 0, 0, 0, 0, 0
0001, 22.5878, 6.69873, 0.664642, 2.19946, 0.5, 0.026, 4, 4, 5, 0, 0, 0, 0, 0
0101, 20.5071, 5.72269, 0.77063, 2.31151, 0.5, 0.026, 4, 4, 5, 0, 0, 0, 0, 0
0011, 20.2623, 4.28745, 0.328531, 2.31502, 0.5, 0.026, 4, 4, 5, 0, 0, 0, 0, 0
0100, 21.9164, 7.47783, 0.714245, 2.2639, 0.5, 0.026, 4, 4, 5, 0, 0, 0, 0, 0
0010, 22.3378, 5.31918, 0.482461, 2.34462, 0.5, 0.026, 4, 4, 5, 0, 0, 0, 0, 0
1011, 24.9653, 3.51779, 1.43446, 2.32469, 0.5, 0.026, 4, 4, 5, 0, 0, 0, 0, 0
1100, 24.3137, 7.01551, 1.03141, 2.23242, 0.5, 0.026, 4, 4, 5, 0, 0, 0, 0, 0
1001, 25.9313, 7.23398, 2.06363, 2.27625, 0.5, 0.026, 4, 4, 5, 0, 0, 0, 0, 0
1010, 25.1245, 5.84639, 1.48688, 2.35723, 0.5, 0.026, 4, 4, 5, 0, 0, 0, 0, 0
0000, 24.0149, 8.41153, 0.967078, 2.30313, 0.5, 0.026, 4, 4, 5, 0, 0, 0, 0, 0
1000, 25.2973, 9.3513, 1.9953, 2.23081, 0.5, 0.026, 4, 4, 5, 0, 0, 0, 0, 0

0111, 17.1827, 5.11416, 0.475235, 2.59449, 0.5, 0.026, 4, 4, 5, 0, 0, 0, 0, 0
0110, 19.4263, 6.31966, 0.611973, 2.52317, 0.5, 0.026, 4, 4, 5, 0, 0, 0, 0, 0
1111, 22.6912, 1.16767, 0.934498, 2.66026, 0.5, 0.026, 4, 4, 5, 0, 0, 0, 0, 0
1110, 23.76, 3.45361, 0.931163, 2.56457, 0.5, 0.026, 4, 4, 5, 0, 0, 0, 0, 0
1101, 23.6591, 4.93082, 0.804428, 2.53063, 0.5, 0.026, 4, 4, 5, 0, 0, 0, 0, 0
0001, 22.5017, 6.5944, 0.64282, 2.50481, 0.5, 0.026, 4, 4, 5, 0, 0, 0, 0, 0
0101, 20.3174, 5.62966, 0.766425, 2.63241, 0.5, 0.026, 4, 4, 5, 0, 0, 0, 0, 0
0011, 20.1279, 4.13619, 0.257449, 2.63641, 0.5, 0.026, 4, 4, 5, 0, 0, 0, 0, 0
0100, 21.943, 7.57988, 0.644773, 2.57819, 0.5, 0.026, 4, 4, 5, 0, 0, 0, 0, 0
0010, 22.4277, 5.37771, 0.561628, 2.67012, 0.5, 0.026, 4, 4, 5, 0, 0, 0, 0, 0
0000, 23.9961, 8.6144, 1.00695, 2.62287, 0.5, 0.026, 4, 4, 5, 0, 0, 0, 0, 0
1011, 25.0456, 3.26843, 1.31234, 2.64742, 0.5, 0.026, 4, 4, 5, 0, 0, 0, 0, 0
1100, 24.284, 7.11799, 1.06764, 2.54234, 0.5, 0.026, 4, 4, 5, 0, 0, 0, 0, 0
1001, 26.0977, 7.20965, 2.16695, 2.59226, 0.5, 0.026, 4, 4, 5, 0, 0, 0, 0, 0
1010, 25.1958, 5.89889, 1.55078, 2.68448, 0.5, 0.026, 4, 4, 5, 0, 0, 0, 0, 0
1000, 25.4282, 9.54035, 2.04845, 2.54051, 0.5, 0.026, 4, 4, 5, 0, 0, 0, 0, 0

0011, 19.9481, 3.88301, 0.0926059, 3.00242, 0.5, 0.026, 4, 4, 5, 0, 0, 0, 0, 0
0111, 17.0339, 5.06195, 0.507606, 2.95468, 0.5, 0.026, 4, 4, 5, 0, 0, 0, 0, 0
0110, 19.5128, 6.42162, 0.802307, 2.87346, 0.5, 0.026, 4, 4, 5, 0, 0, 0, 0, 0
1111, 22.6965, 1.19315, 0.751924, 3.02958, 0.5, 0.026, 4, 4, 5, 0, 0, 0, 0, 0
1110, 23.778, 3.51818, 0.800133, 2.9206, 0.5, 0.026, 4, 4, 5, 0, 0, 0, 0, 0
1101, 23.645, 4.81334, 0.810781, 2.88196, 0.5, 0.026, 4, 4, 5, 0, 0, 0, 0, 0
0001, 22.4458, 6.49692, 0.619308, 2.85255, 0.5, 0.026, 4, 4, 5, 0, 0, 0, 0, 0
0101, 20.0419, 5.54182, 0.795329, 2.99787, 0.5, 0.026, 4, 4, 5, 0, 0, 0, 0, 0
0100, 21.9138, 7.76502, 0.676463, 2.93611, 0.5, 0.026, 4, 4, 5, 0, 0, 0, 0, 0
0010, 22.3894, 5.32132, 0.548631, 3.04081, 0.5, 0.026, 4, 4, 5, 0, 0, 0, 0, 0
1011, 25.0868, 2.98842, 1.13263, 3.01496, 0.5, 0.026, 4, 4, 5, 0, 0, 0, 0, 0
1100, 24.4025, 7.34157, 1.18493, 2.89529, 0.5, 0.026, 4, 4, 5, 0, 0, 0, 0, 0
1001, 26.3196, 7.22334, 2.20037, 2.95214, 0.5, 0.026, 4, 4, 5, 0, 0, 0, 0, 0
1010, 25.2944, 5.89649, 1.55861, 3.05717, 0.5, 0.026, 4, 4, 5, 0, 0, 0, 0, 0
0000, 24.0027, 8.85228, 1.12583, 2.987, 0.5, 0.026, 4, 4, 5, 0, 0, 0, 0, 0
1000, 25.5828, 9.76576, 2.1112, 2.8932, 0.5, 0.026, 4, 4, 5, 0, 0, 0, 0, 0

0011, 19.8969, 3.5763, 0.0395085, 3.41924, 0.5, 0.026, 4, 4, 5, 0, 0, 0, 0, 0
0101, 19.8506, 5.46243, 0.86956, 3.41406, 0.5, 0.026, 4, 4, 5, 0, 0, 0, 0, 0
0111, 16.8454, 5.04573, 0.618448, 3.36488, 0.5, 0.026, 4, 4, 5, 0, 0, 0, 0, 0
0110, 19.5006, 6.55996, 0.909196, 3.27238, 0.5, 0.026, 4, 4, 5, 0, 0, 0, 0, 0
1111, 22.6478, 1.26229, 0.671588, 3.45018, 0.5, 0.026, 4, 4, 5, 0, 0, 0, 0, 0
1110, 23.6959, 3.45418, 0.737288, 3.32606, 0.5, 0.026, 4, 4, 5, 0, 0, 0, 0, 0
1101, 23.6115, 4.71776, 0.75267, 3.28206, 0.5, 0.026, 4, 4, 5, 0, 0, 0, 0, 0
0001, 22.3273, 6.35979, 0.58326, 3.24856, 0.5, 0.026, 4, 4, 5, 0, 0, 0, 0, 0
0010, 22.2893, 5.22902, 0.522859, 3.46296, 0.5, 0.026, 4, 4, 5, 0, 0, 0, 0, 0
0100, 22.0072, 8.03781, 0.773257, 3.34373, 0.5, 0.026, 4, 4, 5, 0, 0, 0, 0, 0
0000, 23.9845, 9.05206, 1.21044, 3.40169, 0.5, 0.026, 4, 4, 5, 0, 0, 0, 0, 0
1011, 25.2429, 2.75259, 0.978067, 3.43352, 0.5, 0.026, 4, 4, 5, 0, 0, 0, 0, 0
1100, 24.4874, 7.5466, 1.26844, 3.29724, 0.5, 0.026, 4, 4, 5, 0, 0, 0, 0, 0
1001, 26.5157, 7.28083, 2.20331, 3.36198, 0.5, 0.026, 4, 4, 5, 0, 0, 0, 0, 0
1010, 25.4312, 5.88564, 1.59816, 3.48159, 0.5, 0.026, 4, 4, 5, 0, 0, 0, 0, 0
1000, 25.7595, 9.97511, 2.1768, 3.29486, 0.5, 0.026, 4, 4, 5, 0, 0, 0, 0, 0

0011, 19.9075, 3.32468, 0.064468, 3.89392, 0.5, 0.026, 4, 4, 5, 0, 0, 0, 0, 0
0101, 19.6565, 5.36363, 0.883431, 3.88802, 0.5, 0.026, 4, 4, 5, 0, 0, 0, 0, 0
0111, 16.7275, 5.07547, 0.73478, 3.83202, 0.5, 0.026, 4, 4, 5, 0, 0, 0, 0, 0
0110, 19.4626, 6.65215, 0.938189, 3.72668, 0.5, 0.026, 4, 4, 5, 0, 0, 0, 0, 0
1111, 22.6055, 1.36316, 0.630261, 3.92916, 0.5, 0.026, 4, 4, 5, 0, 0, 0, 0, 0
1110, 23.6121, 3.37194, 0.685461, 3.78781, 0.5, 0.026, 4, 4, 5, 0, 0, 0, 0, 0
1101, 23.5587, 4.60457, 0.699223, 3.7377, 0.5, 0.026, 4, 4, 5, 0, 0, 0, 0, 0
0001, 22.1838, 6.19493, 0.558295, 3.69955, 0.5, 0.026, 4, 4, 5, 0, 0, 0, 0, 0
0010, 22.1551, 5.0966, 0.50439, 3.94372, 0.5, 0.026, 4, 4, 5, 0, 0, 0, 0, 0
0100, 22.0794, 8.34279, 0.869208, 3.80794, 0.5, 0.026, 4, 4, 5, 0, 0, 0, 0, 0
0000, 23.9768, 9.2509, 1.2766, 3.87394, 0.5, 0.026, 4, 4, 5, 0, 0, 0, 0, 0
1011, 25.4134, 2.56268, 0.849427, 3.91019, 0.5, 0.026, 4, 4, 5, 0, 0, 0, 0, 0
1100, 24.5576, 7.75028, 1.33392, 3.75499, 0.5, 0.026, 4, 4, 5, 0, 0, 0, 0, 0
1001, 26.663, 7.36921, 2.18235, 3.82872, 0.5, 0.026, 4, 4, 5, 0, 0, 0, 0, 0
1010, 25.5797, 5.84866, 1.63922, 3.96493, 0.5, 0.026, 4, 4, 5, 0, 0, 0, 0, 0
1000, 25.9515, 10.1295, 2.17794, 3.75228, 0.5, 0.026, 4, 4, 5, 0, 0, 0, 0, 0

01111, 15.8914, 4.30686, 0.761301, 2.20171, 0.5, 0.026, 4, 4, 5, 0, 0, 0, 0, 0
00111, 18.6595, 3.0889, 0.179392, 2.2126, 0.5, 0.026, 4, 4, 5, 0, 0, 0, 0, 0
01101, 18.7442, 5.88676, 1.03813, 2.11728, 0.5, 0.026, 4, 4, 5, 0, 0, 0, 0, 0
01011, 18.8273, 4.3672, 0.555143, 2.25048, 0.5, 0.026, 4, 4, 5, 0, 0, 0, 0, 0
01110, 17.4283, 5.85029, 0.835706, 2.1623, 0.5, 0.026, 4, 4, 5, 0, 0, 0, 0, 0
11011, 22.762, 3.94252, 0.660144, 2.16684, 0.5, 0.026, 4, 4, 5, 0, 0, 0, 0, 0
11101, 22.7222, 2.64689, 0.661092, 2.11333, 0.5, 0.026, 4, 4, 5, 0, 0, 0, 0, 0
00110, 20.8527, 3.15872, -0.16185, 2.22191, 0.5, 0.026, 4, 4, 5, 0, 0, 0, 0, 0
11111, 21.6282, 0.798485, 0.491972, 2.26379, 0.5, 0.026, 4, 4, 5, 0, 0, 0, 0, 0
11110, 23.507, 1.9969, 0.678896, 2.21085, 0.5, 0.026, 4, 4, 5, 0, 0, 0, 0, 0
00011, 21.1811, 5.56412, 0.576951, 2.07184, 0.5, 0.026, 4, 4, 5, 0, 0, 0, 0, 0
01100, 20.012, 7.57941, 0.870496, 2.12677, 0.5, 0.026, 4, 4, 5, 0, 0, 0, 0, 0
01001, 21.5483, 7.64495, 1.02943, 2.15857, 0.5, 0.026, 4, 4, 5, 0, 0, 0, 0, 0
01010, 20.0974, 6.08477, 0.92238, 2.17731, 0.5, 0.026, 4, 4, 5, 0, 0, 0, 0, 0
00101, 21.2083, 4.36656, 0.257996, 2.23489, 0.5, 0.026, 4, 4, 5, 0, 0, 0, 0, 0
00010, 22.9722, 6.64447, 0.385196, 2.14132, 0.5, 0.026, 4, 4, 5, 0, 0, 0, 0, 0
00100, 23.0181, 5.5516, 0.437984, 2.25632, 0.5, 0.026, 4, 4, 5, 0, 0, 0, 0, 0
00001, 23.6123, 8.41797, 1.23521, 2.2021, 0.5, 0.026, 4, 4, 5, 0, 0, 0, 0, 0
01000, 22.8045, 9.39883, 1.00167, 2.17802, 0.5, 0.026, 4, 4, 5, 0, 0, 0, 0, 0
11100, 24.442, 3.93959, 0.587376, 2.20034, 0.5, 0.026, 4, 4, 5, 0, 0, 0, 0, 0
10111, 24.6929, 1.67887, 0.824512, 2.24065, 0.5, 0.026, 4, 4, 5, 0, 0, 0, 0, 0
10110, 26.3414, 3.16211, 0.627659, 2.21238, 0.5, 0.026, 4, 4, 5, 0, 0, 0, 0, 0
11010, 24.4914, 5.16107, 0.47315, 2.08975, 0.5, 0.026, 4, 4, 5, 0, 0, 0, 0, 0
11001, 24.4973, 6.8567, 1.53315, 2.1724, 0.5, 0.026, 4, 4, 5, 0, 0, 0, 0, 0
10011, 27.3154, 6.43579, 2.2024, 2.17506, 0.5, 0.026, 4, 4, 5, 0, 0, 0, 0, 0
10101, 25.9532, 4.75311, 1.53939, 2.31317, 0.5, 0.026, 4, 4, 5, 0, 0, 0, 0, 0
10100, 25.5094, 6.88876, 1.55618, 2.2022, 0.5, 0.026, 4, 4, 5, 0, 0, 0, 0, 0
10001, 26.6975, 9.25535, 2.18481, 2.14378, 0.5, 0.026, 4, 4, 5, 0, 0, 0, 0, 0
11000, 24.8442, 8.95196, 1.27301, 2.10388, 0.5, 0.026, 4, 4, 5, 0, 0, 0, 0, 0
10010, 26.1764, 8.2808, 2.20228, 2.18519, 0.5, 0.026, 4, 4, 5, 0, 0, 0, 0, 0
00000, 24.2039, 10.5309, 1.4287, 2.20965, 0.5, 0.026, 4, 4, 5, 0, 0, 0, 0, 0
10000, 25.4892, 11.0066, 2.0787, 2.12942, 0.5, 0.026, 4, 4, 5, 0, 0, 0, 0, 0

01111, 15.7789, 4.19991, 0.761362, 2.50737, 0.5, 0.026, 4, 4, 5, 0, 0, 0, 0, 0
00111, 18.327, 3.06011, 0.333193, 2.51977, 0.5, 0.026, 4, 4, 5, 0, 0, 0, 0, 0
01010, 19.9321, 6.11848, 0.956279, 2.47959, 0.5, 0.026, 4, 4, 5, 0, 0, 0, 0, 0
01101, 18.5624, 5.84854, 1.12864, 2.41122, 0.5, 0.026, 4, 4, 5, 0, 0, 0, 0, 0
01011, 18.7556, 4.26376, 0.331862, 2.56291, 0.5, 0.026, 4, 4, 5, 0, 0, 0, 0, 0
01110, 17.4495, 6.00664, 1.02465, 2.46249, 0.5, 0.026, 4, 4, 5, 0, 0, 0, 0, 0
11011, 22.7141, 3.871, 0.77162, 2.46766, 0.5, 0.026, 4, 4, 5, 0, 0, 0, 0, 0
11101, 22.6244, 2.38807, 0.780665, 2.40672, 0.5, 0.026, 4, 4, 5, 0, 0, 0, 0, 0
00110, 20.7494, 2.87505, -0.287503, 2.53038, 0.5, 0.026, 4, 4, 5, 0, 0, 0, 0, 0
11111, 21.5332, 0.705729, 0.263784, 2.57807, 0.5, 0.026, 4, 4, 5, 0, 0, 0, 0, 0
11110, 23.6399, 2.02607, 0.8155, 2.51777, 0.5, 0.026, 4, 4, 5, 0, 0, 0, 0, 0
00011, 20.9534, 5.48552, 0.652833, 2.35947, 0.5, 0.026, 4, 4, 5, 0, 0, 0, 0, 0
01100, 20.006, 7.74934, 0.737712, 2.42203, 0.5, 0.026, 4, 4, 5, 0, 0, 0, 0, 0
01001, 21.5255, 7.63755, 1.29947, 2.45824, 0.5, 0.026, 4, 4, 5, 0, 0, 0, 0, 0
00101, 21.1082, 4.22585, 0.25844, 2.54516, 0.5, 0.026, 4, 4, 5, 0, 0, 0, 0, 0
00010, 22.9488, 6.69933, 0.213675, 2.4386, 0.5, 0.026, 4, 4, 5, 0, 0, 0, 0, 0
00100, 23.0363, 5.58631, 0.355765, 2.56956, 0.5, 0.026, 4, 4, 5, 0, 0, 0, 0, 0
00001, 23.3912, 8.41584, 1.11529, 2.50781, 0.5, 0.026, 4, 4, 5, 0, 0, 0, 0, 0
01000, 22.8266, 9.59793, 1.15824, 2.48039, 0.5, 0.026, 4, 4, 5, 0, 0, 0, 0, 0
11100, 24.5232, 3.88976, 0.43311, 2.50581, 0.5, 0.026, 4, 4, 5, 0, 0, 0, 0, 0
10111, 24.5904, 1.5579, 0.846668, 2.55171, 0.5, 0.026, 4, 4, 5, 0, 0, 0, 0, 0
10110, 26.5903, 3.07438, 0.533307, 2.51952, 0.5, 0.026, 4, 4, 5, 0, 0, 0, 0, 0
11010, 24.7425, 5.1065, 0.285606, 2.37987, 0.5, 0.026, 4, 4, 5, 0, 0, 0, 0, 0
11001, 24.6476, 6.86972, 1.68178, 2.474, 0.5, 0.026, 4, 4, 5, 0, 0, 0, 0, 0
10011, 27.3761, 6.25409, 2.29792, 2.47702, 0.5, 0.026, 4, 4, 5, 0, 0, 0, 0, 0
10101, 26.3241, 4.79115, 1.39133, 2.63431, 0.5, 0.026, 4, 4, 5, 0, 0, 0, 0, 0
10100, 25.6331, 6.99848, 1.68221, 2.50793, 0.5, 0.026, 4, 4, 5, 0, 0, 0, 0, 0
10001, 27.0367, 9.08718, 2.19669, 2.4414, 0.5, 0.026, 4, 4, 5, 0, 0, 0, 0, 0
11000, 24.8847, 9.22669, 1.1341, 2.39596, 0.5, 0.026, 4, 4, 5, 0, 0, 0, 0, 0
10010, 26.3119, 8.39373, 2.20107, 2.48856, 0.5, 0.026, 4, 4, 5, 0, 0, 0, 0, 0
00000, 24.0875, 10.744, 1.64717, 2.51642, 0.5, 0.026, 4, 4, 5, 0, 0, 0, 0, 0
10000, 25.5106, 10.9736, 2.31025, 2.42505, 0.5, 0.026, 4, 4, 5, 0, 0, 0, 0, 0

01111, 15.6352, 4.08037, 0.781609, 2.85546, 0.5, 0.026, 4, 4, 5, 0, 0, 0, 0, 0
00111, 17.9112, 2.90805, 0.33401, 2.86958, 0.5, 0.026, 4, 4, 5, 0, 0, 0, 0, 0
01010, 19.7524, 6.14385, 1.00698, 2.82382, 0.5, 0.026, 4, 4, 5, 0, 0, 0, 0, 0
01101, 18.3733, 5.82516, 1.08938, 2.74596, 0.5, 0.026, 4, 4, 5, 0, 0, 0, 0, 0
01011, 18.2541, 4.09967, 0.250704, 2.91871, 0.5, 0.026, 4, 4, 5, 0, 0, 0, 0, 0
01110, 17.4472, 6.20243, 1.09245, 2.80435, 0.5, 0.026, 4, 4, 5, 0, 0, 0, 0, 0
01100, 19.9393, 8.0621, 0.830072, 2.75828, 0.5, 0.026, 4, 4, 5, 0, 0, 0, 0, 0
11011, 22.5856, 3.84281, 0.998169, 2.81024, 0.5, 0.026, 4, 4, 5, 0, 0, 0, 0, 0
11101, 22.6587, 2.17622, 0.916803, 2.74084, 0.5, 0.026, 4, 4, 5, 0, 0, 0, 0, 0
00110, 20.5925, 2.53659, -0.266071, 2.88167, 0.5, 0.026, 4, 4, 5, 0, 0, 0, 0, 0
11111, 21.5348, 0.49999, -7.85972e-06, 2.93598, 0.5, 0.026, 4, 4, 5, 0, 0, 0, 0, 0
11110, 23.7304, 1.98228, 0.95128, 2.86731, 0.5, 0.026, 4, 4, 5, 0, 0, 0, 0, 0
00011, 20.6933, 5.34933, 0.737828, 2.68703, 0.5, 0.026, 4, 4, 5, 0, 0, 0, 0, 0
01001, 21.3843, 7.79697, 1.40091, 2.79951, 0.5, 0.026, 4, 4, 5, 0, 0, 0, 0, 0
00101, 20.9696, 4.10409, 0.437395, 2.8985, 0.5, 0.026, 4, 4, 5, 0, 0, 0, 0, 0
00010, 23.0332, 6.61306, 0.21045, 2.77714, 0.5, 0.026, 4, 4, 5, 0, 0, 0, 0, 0
00100, 23.1355, 5.62641, 0.202147, 2.92629, 0.5, 0.026, 4, 4, 5, 0, 0, 0, 0, 0
00000, 23.9654, 10.572, 1.6726, 2.86577, 0.5, 0.026, 4, 4, 5, 0, 0, 0, 0, 0
00001, 23.0111, 8.10038, 0.745172, 2.85596, 0.5, 0.026, 4, 4, 5, 0, 0, 0, 0, 0
01000, 22.7166, 9.87116, 1.31872, 2.82474, 0.5, 0.026, 4, 4, 5, 0, 0, 0, 0, 0
11100, 24.603, 3.86854, 0.160169, 2.85369, 0.5, 0.026, 4, 4, 5, 0, 0, 0, 0, 0
10111, 24.5623, 1.43273, 0.952016, 2.90596, 0.5, 0.026, 4, 4, 5, 0, 0, 0, 0, 0
10110, 26.9195, 2.76256, 0.520322, 2.86931, 0.5, 0.026, 4, 4, 5, 0, 0, 0, 0, 0
11010, 24.8977, 4.90578, 0.199679, 2.71026, 0.5, 0.026, 4, 4, 5, 0, 0, 0, 0, 0
11001, 24.9008, 6.84224, 1.75717, 2.81746, 0.5, 0.026, 4, 4, 5, 0, 0, 0, 0, 0
10011, 27.6683, 6.22989, 2.50432, 2.8209, 0.5, 0.026, 4, 4, 5, 0, 0, 0, 0, 0
10101, 26.6546, 4.61695, 1.36711, 3.00002, 0.5, 0.026, 4, 4, 5, 0, 0, 0, 0, 0
10100, 25.8652, 7.07871, 1.75829, 2.85611, 0.5, 0.026, 4, 4, 5, 0, 0, 0, 0, 0
10001, 27.2914, 9.18241, 2.25994, 2.78034, 0.5, 0.026, 4, 4, 5, 0, 0, 0, 0, 0
11000, 25.0975, 9.48124, 1.07446, 2.72859, 0.5, 0.026, 4, 4, 5, 0, 0, 0, 0, 0
10010, 26.6246, 8.43086, 2.26454, 2.83404, 0.5, 0.026, 4, 4, 5, 0, 0, 0, 0, 0
10000, 25.7202, 11.2151, 2.8122, 2.76171, 0.5, 0.026, 4, 4, 5, 0, 0, 0, 0, 0

01111, 15.4843, 3.9228, 0.765742, 3.25188, 0.5, 0.026, 4, 4, 5, 0, 0, 0, 0, 0
01011, 17.7557, 3.93537, 0.254992, 3.32391, 0.5, 0.026, 4, 4, 5, 0, 0, 0, 0, 0
00111, 17.5038, 2.75835, 0.326528, 3.26796, 0.5, 0.026, 4, 4, 5, 0, 0, 0, 0, 0
01010, 19.5267, 6.2289, 1.29256, 3.21585, 0.5, 0.026, 4, 4, 5, 0, 0, 0, 0, 0
01101, 18.1477, 5.86613, 1.07099, 3.12718, 0.5, 0.026, 4, 4, 5, 0, 0, 0, 0, 0
01110, 17.3649, 6.50001, 1.06546, 3.19368, 0.5, 0.026, 4, 4, 5, 0, 0, 0, 0, 0
01100, 19.6217, 8.56678, 0.853055, 3.14121, 0.5, 0.026, 4, 4, 5, 0, 0, 0, 0, 0
00101, 20.8627, 3.8554, 0.630206, 3.3009, 0.5, 0.026, 4, 4, 5, 0, 0, 0, 0, 0
11011, 22.5134, 3.76937, 1.08629, 3.20038, 0.5, 0.026, 4, 4, 5, 0, 0, 0, 0, 0
11101, 22.8689, 2.26419, 0.817818, 3.12135, 0.5, 0.026, 4, 4, 5, 0, 0, 0, 0, 0
00110, 20.1953, 2.15633, -0.0828931, 3.28172, 0.5, 0.026, 4, 4, 5, 0, 0, 0, 0, 0
11111, 21.1893, 0.49999, -1.43054e-06, 3.34358, 0.5, 0.026, 4, 4, 5, 0, 0, 0, 0, 0
11110, 23.8935, 1.95023, 0.848733, 3.26538, 0.5, 0.026, 4, 4, 5, 0, 0, 0, 0, 0
00001, 22.97, 7.89531, 0.347311, 3.25245, 0.5, 0.026, 4, 4, 5, 0, 0, 0, 0, 0
00011, 20.4749, 5.18755, 0.937623, 3.06006, 0.5, 0.026, 4, 4, 5, 0, 0, 0, 0, 0
00010, 22.9975, 6.77116, 0.251349, 3.16269, 0.5, 0.026, 4, 4, 5, 0, 0, 0, 0, 0
00100, 23.1249, 5.78727, 0.242389, 3.33255, 0.5, 0.026, 4, 4, 5, 0, 0, 0, 0, 0
01001, 21.024, 8.02746, 1.33533, 3.18817, 0.5, 0.026, 4, 4, 5, 0, 0, 0, 0, 0
00000, 23.8397, 10.383, 1.73242, 3.26362, 0.5, 0.026, 4, 4, 5, 0, 0, 0, 0, 0
01000, 22.5973, 9.87123, 1.44681, 3.21689, 0.5, 0.026, 4, 4, 5, 0, 0, 0, 0, 0
11100, 24.858, 3.76081, -0.230413, 3.24986, 0.5, 0.026, 4, 4, 5, 0, 0, 0, 0, 0
10111, 24.6988, 1.36793, 0.85057, 3.3094, 0.5, 0.026, 4, 4, 5, 0, 0, 0, 0, 0
10110, 27.2695, 2.31347, 0.557732, 3.26765, 0.5, 0.026, 4, 4, 5, 0, 0, 0, 0, 0
11010, 25.0097, 4.73078, -0.23629, 3.08653, 0.5, 0.026, 4, 4, 5, 0, 0, 0, 0, 0
11001, 25.1432, 6.71898, 1.80494, 3.2086, 0.5, 0.026, 4, 4, 5, 0, 0, 0, 0, 0
10101, 27.0599, 4.47073, 1.45951, 3.41651, 0.5, 0.026, 4, 4, 5, 0, 0, 0, 0, 0
10100, 26.0359, 7.20379, 1.8102, 3.25261, 0.5, 0.026, 4, 4, 5, 0, 0, 0, 0, 0
10001, 27.686, 9.24781, 2.35165, 3.16632, 0.5, 0.026, 4, 4, 5, 0, 0, 0, 0, 0
11000, 25.4774, 9.64881, 0.972947, 3.10739, 0.5, 0.026, 4, 4, 5, 0, 0, 0, 0, 0
10010, 27.1329, 8.36514, 2.37391, 3.22749, 0.5, 0.026, 4, 4, 5, 0, 0, 0, 0, 0
10000, 25.8044, 11.5, 3.1416, 3.14512, 0.5, 0.026, 4, 4, 5, 0, 0, 0, 0, 0
10011, 28.0088, 6.30662, 2.50926, 3.21252, 0.5, 0.026, 4, 4, 5, 0, 0, 0, 0, 0

01111, 15.2221, 3.77634, 0.729546, 3.70333, 0.5, 0.026, 4, 4, 5, 0, 0, 0, 0, 0
00110, 19.6033, 1.8051, 0.0255735, 3.73732, 0.5, 0.026, 4, 4, 5, 0, 0, 0, 0, 0
01011, 17.36, 3.61616, 0.324663, 3.78537, 0.5, 0.026, 4, 4, 5, 0, 0, 0, 0, 0
00111, 17.5338, 2.62849, 0.328212, 3.72165, 0.5, 0.026, 4, 4, 5, 0, 0, 0, 0, 0
01010, 19.2588, 6.29672, 1.42013, 3.6623, 0.5, 0.026, 4, 4, 5, 0, 0, 0, 0, 0
01101, 17.9456, 5.92095, 1.22612, 3.56132, 0.5, 0.026, 4, 4, 5, 0, 0, 0, 0, 0
01110, 17.1627, 6.777, 1.24921, 3.63705, 0.5, 0.026, 4, 4, 5, 0, 0, 0, 0, 0
01100, 19.4012, 9.08829, 0.871315, 3.57729, 0.5, 0.026, 4, 4, 5, 0, 0, 0, 0, 0
00101, 20.7879, 3.74241, 0.751848, 3.75915, 0.5, 0.026, 4, 4, 5, 0, 0, 0, 0, 0
11011, 22.3508, 3.67785, 1.03881, 3.64469, 0.5, 0.026, 4, 4, 5, 0, 0, 0, 0, 0
11101, 22.9524, 2.20201, 0.595496, 3.55468, 0.5, 0.026, 4, 4, 5, 0, 0, 0, 0, 0
11111, 20.7026, 0.499986, -1.0722e-08, 3.80776, 0.5, 0.026, 4, 4, 5, 0, 0, 0, 0, 0
00001, 22.8994, 7.75861, 0.122107, 3.70399, 0.5, 0.026, 4, 4, 5, 0, 0, 0, 0, 0
00011, 20.3035, 5.12521, 1.03701, 3.48489, 0.5, 0.026, 4, 4, 5, 0, 0, 0, 0, 0
00010, 23.1075, 6.80557, 0.118437, 3.60176, 0.5, 0.026, 4, 4, 5, 0, 0, 0, 0, 0
00100, 23.171, 5.83438, 0.114786, 3.7952, 0.5, 0.026, 4, 4, 5, 0, 0, 0, 0, 0
01001, 20.7201, 8.27502, 1.29943, 3.63077, 0.5, 0.026, 4, 4, 5, 0, 0, 0, 0, 0
00000, 23.4988, 10.1487, 1.46922, 3.7167, 0.5, 0.026, 4, 4, 5, 0, 0, 0, 0, 0
01000, 22.4865, 10.0204, 1.46922, 3.66349, 0.5, 0.026, 4, 4, 5, 0, 0, 0, 0, 0
11110, 24.0522, 1.81575, 0.639401, 3.71871, 0.5, 0.026, 4, 4, 5, 0, 0, 0, 0, 0
11100, 25.0116, 3.68448, -0.241043, 3.70103, 0.5, 0.026, 4, 4, 5, 0, 0, 0, 0, 0
10111, 25.0469, 1.33657, 0.648857, 3.76883, 0.5, 0.026, 4, 4, 5, 0, 0, 0, 0, 0
10110, 27.5775, 1.89132, 0.582794, 3.72129, 0.5, 0.026, 4, 4, 5, 0, 0, 0, 0, 0
11010, 25.2224, 4.64004, -0.242808, 3.51502, 0.5, 0.026, 4, 4, 5, 0, 0, 0, 0, 0
11001, 25.421, 6.87183, 1.73585, 3.65404, 0.5, 0.026, 4, 4, 5, 0, 0, 0, 0, 0
10101, 27.4315, 4.33027, 1.47564, 3.89082, 0.5, 0.026, 4, 4, 5, 0, 0, 0, 0, 0
10100, 26.3559, 7.25783, 1.74013, 3.70417, 0.5, 0.026, 4, 4, 5, 0, 0, 0, 0, 0
11000, 25.4173, 9.70528, 0.683712, 3.53879, 0.5, 0.026, 4, 4, 5, 0, 0, 0, 0, 0
10010, 27.6177, 8.49817, 2.35161, 3.67556, 0.5, 0.026, 4, 4, 5, 0, 0, 0, 0, 0
10000, 25.9212, 11.5, 3.14159, 3.58175, 0.5, 0.026, 4, 4, 5, 0, 0, 0, 0, 0
10011, 28.3418, 6.40417, 2.40365, 3.65851, 0.5, 0.026, 4, 4, 5, 0, 0, 0, 0, 0
10001, 28.2607, 9.25973, 2.34923, 3.6059, 0.5, 0.026, 4, 4, 5, 0, 0, 0, 0, 0

011111, 14.1908, 2.95507, 0.657718, 2.12424, 0.5, 0.026, 4, 4, 5, 0, 0, 0, 0, 0
011110, 15.8818, 4.19906, 0.538508, 2.09322, 0.5, 0.026, 4, 4, 5, 0, 0, 0, 0, 0
001111, 16.277, 2.11558, 0.408907, 2.12738, 0.5, 0.026, 4, 4, 5, 0, 0, 0, 0, 0
001101, 17.964, 1.47773, 0.0650226, 2.12286, 0.5, 0.026, 4, 4, 5, 0, 0, 0, 0, 0
010111, 16.0574, 3.10905, 0.410288, 2.1194, 0.5, 0.026, 4, 4, 5, 0, 0, 0, 0, 0
111111, 19.3202, 0.499995, -9.2174e-06, 2.17265, 0.5, 0.026, 4, 4, 5, 0, 0, 0, 0, 0
010110, 18.0824, 3.73879, 0.486582, 2.19148, 0.5, 0.026, 4, 4, 5, 0, 0, 0, 0, 0
001110, 18.277, 2.7105, 0.464332, 2.11094, 0.5, 0.026, 4, 4, 5, 0, 0, 0, 0, 0
011011, 17.5039, 4.96035, 1.25635, 2.02836, 0.5, 0.026, 4, 4, 5, 0, 0, 0, 0, 0
011101, 16.7527, 5.97327, 1.29925, 2.10461, 0.5, 0.026, 4, 4, 5, 0, 0, 0, 0, 0
010101, 19.0857, 5.44727, 1.45375, 2.06161, 0.5, 0.026, 4, 4, 5, 0, 0, 0, 0, 0
010100, 19.1841, 7.50677, 1.35609, 2.10912, 0.5, 0.026, 4, 4, 5, 0, 0, 0, 0, 0
011010, 18.0244, 6.91122, 1.31659, 2.02737, 0.5, 0.026, 4, 4, 5, 0, 0, 0, 0, 0
011100, 17.1975, 7.98819, 1.43852, 2.03737, 0.5, 0.026, 4, 4, 5, 0, 0, 0, 0, 0
011001, 18.6194, 8.77481, 0.805787, 2.04849, 0.5, 0.026, 4, 4, 5, 0, 0, 0, 0, 0
111011, 22.0976, 1.77608, 0.56945, 2.07113, 0.5, 0.026, 4, 4, 5, 0, 0, 0, 0, 0
110111, 21.4907, 2.79336, 0.951759, 2.04991, 0.5, 0.026, 4, 4, 5, 0, 0, 0, 0, 0
111101, 23.36, 1.3714, 0.522875, 2.15316, 0.5, 0.026, 4, 4, 5, 0, 0, 0, 0, 0
001100, 20.0856, 1.50719, 0.0334496, 2.1333, 0.5, 0.026, 4, 4, 5, 0, 0, 0, 0, 0
001011, 20.0861, 2.81105, 0.643682, 2.10194, 0.5, 0.026, 4, 4, 5, 0, 0, 0, 0, 0
111010, 23.8757, 2.67566, 0.216744, 1.97704, 0.5, 0.026, 4, 4, 5, 0, 0, 0, 0, 0
111110, 21.4817, 0.499986, -1.03555e-05, 2.16373, 0.5, 0.026, 4, 4, 5, 0, 0, 0, 0, 0
000101, 22.2382, 6.66559, 0.0869259, 2.07852, 0.5, 0.026, 4, 4, 5, 0, 0, 0, 0, 0
010011, 20.2149, 7.5845, 1.35729, 2.11363, 0.5, 0.026, 4, 4, 5, 0, 0, 0, 0, 0
110110, 22.8155, 4.30528, 1.15072, 2.10076, 0.5, 0.026, 4, 4, 5, 0, 0, 0, 0, 0
000010, 23.8806, 7.79292, 0.0312072, 2.13761, 0.5, 0.026, 4, 4, 5, 0, 0, 0, 0, 0
000011, 21.7674, 7.61199, 0.0876798, 2.0806, 0.5, 0.026, 4, 4, 5, 0, 0, 0, 0, 0
001010, 21.3818, 4.36544, 0.521051, 2.17909, 0.5, 0.026, 4, 4, 5, 0, 0, 0, 0, 0
001001, 22.066, 5.66523, 0.0753539, 2.1282, 0.5, 0.026, 4, 4, 5, 0, 0, 0, 0, 0
00011, 20.1403, 4.96226, 1.13665, 3.96869, 0.5, 0.026, 4, 4, 5, 0, 0, 0, 0, 0
011000, 20.0525, 10.2122, 0.846001, 2.02543, 0.5, 0.026, 4, 4, 5, 0, 0, 0, 0, 0
010001, 21.8187, 9.06966, 1.09228, 2.08702, 0.5, 0.026, 4, 4, 5, 0, 0, 0, 0, 0
000001, 22.9454, 9.07607, 1.12999, 2.12925, 0.5, 0.026, 4, 4, 5, 0, 0, 0, 0, 0
010010, 20.9272, 9.50963, 1.09099, 2.0212, 0.5, 0.026, 4, 4, 5, 0, 0, 0, 0, 0
000000, 23.762, 10.9483, 1.56087, 2.10343, 0.5, 0.026, 4, 4, 5, 0, 0, 0, 0, 0
010000, 22.6062, 10.9839, 1.25753, 2.08507, 0.5, 0.026, 4, 4, 5, 0, 0, 0, 0, 0
111001, 24.1567, 3.73596, 0.133183, 2.13238, 0.5, 0.026, 4, 4, 5, 0, 0, 0, 0, 0
101101, 26.8407, 1.00021, 0.69817, 2.16152, 0.5, 0.026, 4, 4, 5, 0, 0, 0, 0, 0
101111, 24.3847, 0.707101, 0.358026, 2.18203, 0.5, 0.026, 4, 4, 5, 0, 0, 0, 0, 0
101011, 27.7188, 3.11796, 1.27983, 2.20628, 0.5, 0.026, 4, 4, 5, 0, 0, 0, 0, 0
111100, 25.233, 2.23849, 0.693894, 2.08181, 0.5, 0.026, 4, 4, 5, 0, 0, 0, 0, 0
111000, 26.1916, 3.43224, -0.314225, 2.08246, 0.5, 0.026, 4, 4, 5, 0, 0, 0, 0, 0
101110, 26.217, 1.77941, 0.70583, 2.11003, 0.5, 0.026, 4, 4, 5, 0, 0, 0, 0, 0
110101, 24.6138, 4.80456, -0.109564, 1.95635, 0.5, 0.026, 4, 4, 5, 0, 0, 0, 0, 0
000100, 24.2688, 6.81486, -0.0094549, 2.02326, 0.5, 0.026, 4, 4, 5, 0, 0, 0, 0, 0
110011, 25.8044, 6.02714, 1.67558, 2.13085, 0.5, 0.026, 4, 4, 5, 0, 0, 0, 0, 0
100110, 27.83, 7.29828, 2.28852, 2.12536, 0.5, 0.026, 4, 4, 5, 0, 0, 0, 0, 0
101001, 26.7954, 6.1157, 1.67762, 2.12942, 0.5, 0.026, 4, 4, 5, 0, 0, 0, 0, 0
001000, 24.2228, 5.79938, -0.046423, 2.19388, 0.5, 0.026, 4, 4, 5, 0, 0, 0, 0, 0
110100, 26.5483, 4.35783, -0.284991, 2.04666, 0.5, 0.026, 4, 4, 5, 0, 0, 0, 0, 0
101010, 27.8742, 5.33455, 1.60579, 2.22469, 0.5, 0.026, 4, 4, 5, 0, 0, 0, 0, 0
110001, 24.3562, 9.08275, 0.613247, 2.00776, 0.5, 0.026, 4, 4, 5, 0, 0, 0, 0, 0
100001, 27.3274, 11.5, 3.14159, 2.01433, 0.5, 0.026, 4, 4, 5, 0, 0, 0, 0, 0
100010, 27.7725, 10.1185, 2.3536, 2.09289, 0.5, 0.026, 4, 4, 5, 0, 0, 0, 0, 0
110010, 25.4242, 8.05434, 1.67253, 2.03048, 0.5, 0.026, 4, 4, 5, 0, 0, 0, 0, 0
101000, 26.4112, 8.17919, 1.67383, 2.089, 0.5, 0.026, 4, 4, 5, 0, 0, 0, 0, 0
110000, 25.9848, 10.2624, 0.64642, 2.02231, 0.5, 0.026, 4, 4, 5, 0, 0, 0, 0, 0
100100, 27.2296, 9.2511, 2.34578, 2.05738, 0.5, 0.026, 4, 4, 5, 0, 0, 0, 0, 0
100000, 25.2933, 11.4975, 3.14628, 2.06467, 0.5, 0.026, 4, 4, 5, 0, 0, 0, 0, 0
101100, 28.5538, 2.18386, 0.852696, 2.07639, 0.5, 0.026, 4, 4, 5, 0, 0, 0, 0, 0
100111, 29.2522, 5.77825, 2.34665, 2.04106, 0.5, 0.026, 4, 4, 5, 0, 0, 0, 0, 0
100101, 28.7194, 7.78953, 2.28792, 2.12845, 0.5, 0.026, 4, 4, 5, 0, 0, 0, 0, 0
100011, 29.2531, 8.70662, 2.31767, 2.01361, 0.5, 0.026, 4, 4, 5, 0, 0, 0, 0, 0

001111, 15.7194, 1.90799, 0.669358, 2.42272, 0.5, 0.026, 4, 4, 5, 0, 0, 0, 0, 0
010111, 15.624, 3.09947, 0.673656, 2.41364, 0.5, 0.026, 4, 4, 5, 0, 0, 0, 0, 0
011111, 13.7535, 2.70142, 0.8063, 2.41915, 0.5, 0.026, 4, 4, 5, 0, 0, 0, 0, 0
011110, 15.4049, 4.30975, 0.360398, 2.38382, 0.5, 0.026, 4, 4, 5, 0, 0, 0, 0, 0
001100, 19.8303, 1.48119, -0.00203608, 2.42947, 0.5, 0.026, 4, 4, 5, 0, 0, 0, 0, 0
001101, 17.4323, 1.32422, 0.222368, 2.41758, 0.5, 0.026, 4, 4, 5, 0, 0, 0, 0, 0
111111, 18.9546, 0.499875, 3.40398e-05, 2.47428, 0.5, 0.026, 4, 4, 5, 0, 0, 0, 0, 0
010110, 17.7293, 3.70777, 0.635347, 2.49572, 0.5, 0.026, 4, 4, 5, 0, 0, 0, 0, 0
001110, 17.9484, 2.44356, 0.229781, 2.404, 0.5, 0.026, 4, 4, 5, 0, 0, 0, 0, 0
010011, 19.7422, 7.81387, 1.60399, 2.40706, 0.5, 0.026, 4, 4, 5, 0, 0, 0, 0, 0
000111, 19.3248, 4.05605, 1.32263, 2.2923, 0.5, 0.026, 4, 4, 5, 0, 0, 0, 0, 0
011011, 17.3632, 4.99876, 1.05344, 2.30995, 0.5, 0.026, 4, 4, 5, 0, 0, 0, 0, 0
011101, 16.6159, 6.13401, 1.36935, 2.39678, 0.5, 0.026, 4, 4, 5, 0, 0, 0, 0, 0
010101, 18.9643, 5.65751, 0.942625, 2.34782, 0.5, 0.026, 4, 4, 5, 0, 0, 0, 0, 0
010100, 18.7425, 7.67687, 1.57901, 2.40193, 0.5, 0.026, 4, 4, 5, 0, 0, 0, 0, 0
011010, 17.7612, 7.21336, 1.54592, 2.30883, 0.5, 0.026, 4, 4, 5, 0, 0, 0, 0, 0
011100, 16.7798, 8.47056, 1.5714, 2.32022, 0.5, 0.026, 4, 4, 5, 0, 0, 0, 0, 0
011001, 18.2876, 9.28921, 0.689196, 2.33288, 0.5, 0.026, 4, 4, 5, 0, 0, 0, 0, 0
111010, 23.9419, 2.53735, 0.114414, 2.25151, 0.5, 0.026, 4, 4, 5, 0, 0, 0, 0, 0
111011, 21.935, 2.07769, 0.947877, 2.35866, 0.5, 0.026, 4, 4, 5, 0, 0, 0, 0, 0
110111, 21.3104, 2.93975, 0.977468, 2.3345, 0.5, 0.026, 4, 4, 5, 0, 0, 0, 0, 0
111101, 23.3526, 1.45775, 0.134149, 2.45208, 0.5, 0.026, 4, 4, 5, 0, 0, 0, 0, 0
001011, 20.0885, 3.00264, 0.883997, 2.39375, 0.5, 0.026, 4, 4, 5, 0, 0, 0, 0, 0
111110, 21.4151, 0.499986, 6.3054e-06, 2.46412, 0.5, 0.026, 4, 4, 5, 0, 0, 0, 0, 0
000101, 22.2629, 6.64106, 0.152662, 2.36708, 0.5, 0.026, 4, 4, 5, 0, 0, 0, 0, 0
110110, 22.9465, 4.29121, 1.13768, 2.39241, 0.5, 0.026, 4, 4, 5, 0, 0, 0, 0, 0
000010, 23.8903, 7.76624, 0.0809395, 2.43437, 0.5, 0.026, 4, 4, 5, 0, 0, 0, 0, 0
000011, 21.5065, 7.57737, 0.0883802, 2.36945, 0.5, 0.026, 4, 4, 5, 0, 0, 0, 0, 0
001010, 21.21, 4.51292, -0.0176265, 2.48161, 0.5, 0.026, 4, 4, 5, 0, 0, 0, 0, 0
001001, 21.9087, 5.59724, 0.133849, 2.42365, 0.5, 0.026, 4, 4, 5, 0, 0, 0, 0, 0
000110, 20.3494, 6.00391, 1.15524, 2.22736, 0.5, 0.026, 4, 4, 5, 0, 0, 0, 0, 0
011000, 20.1176, 10.6781, 0.803214, 2.30662, 0.5, 0.026, 4, 4, 5, 0, 0, 0, 0, 0
010001, 21.2682, 8.88515, 0.611311, 2.37676, 0.5, 0.026, 4, 4, 5, 0, 0, 0, 0, 0
000001, 22.8428, 9.21026, 1.26052, 2.42485, 0.5, 0.026, 4, 4, 5, 0, 0, 0, 0, 0
010010, 20.6851, 9.8387, 0.803996, 2.3018, 0.5, 0.026, 4, 4, 5, 0, 0, 0, 0, 0
000000, 23.8053, 10.8324, 1.86564, 2.39545, 0.5, 0.026, 4, 4, 5, 0, 0, 0, 0, 0
010000, 22.369, 10.858, 1.20594, 2.37453, 0.5, 0.026, 4, 4, 5, 0, 0, 0, 0, 0
111001, 24.3779, 3.53542, 0.0439373, 2.42841, 0.5, 0.026, 4, 4, 5, 0, 0, 0, 0, 0
101101, 27.2237, 0.944183, 0.653326, 2.46161, 0.5, 0.026, 4, 4, 5, 0, 0, 0, 0, 0
101111, 24.3879, 0.573987, 0.0998221, 2.48495, 0.5, 0.026, 4, 4, 5, 0, 0, 0, 0, 0
111100, 25.529, 2.17297, 0.791751, 2.37082, 0.5, 0.026, 4, 4, 5, 0, 0, 0, 0, 0
111000, 26.6812, 3.43295, -0.451794, 2.37157, 0.5, 0.026, 4, 4, 5, 0, 0, 0, 0, 0
101110, 26.4428, 1.70494, 0.798954, 2.40296, 0.5, 0.026, 4, 4, 5, 0, 0, 0, 0, 0
110101, 24.8188, 4.67713, -0.27981, 2.22795, 0.5, 0.026, 4, 4, 5, 0, 0, 0, 0, 0
000100, 24.5784, 6.6984, -0.126435, 2.30415, 0.5, 0.026, 4, 4, 5, 0, 0, 0, 0, 0
110011, 26.1376, 5.99868, 1.39082, 2.42667, 0.5, 0.026, 4, 4, 5, 0, 0, 0, 0, 0
101001, 27.1691, 6.1492, 1.39044, 2.42504, 0.5, 0.026, 4, 4, 5, 0, 0, 0, 0, 0
001000, 24.3285, 5.74489, -0.14335, 2.49845, 0.5, 0.026, 4, 4, 5, 0, 0, 0, 0, 0
110100, 27.2428, 4.25385, -0.447231, 2.33079, 0.5, 0.026, 4, 4, 5, 0, 0, 0, 0, 0
110001, 24.2483, 9.12817, 0.642034, 2.28649, 0.5, 0.026, 4, 4, 5, 0, 0, 0, 0, 0
100001, 27.8145, 11.5, 3.14159, 2.29398, 0.5, 0.026, 4, 4, 5, 0, 0, 0, 0, 0
110010, 25.5471, 8.13603, 1.77892, 2.31237, 0.5, 0.026, 4, 4, 5, 0, 0, 0, 0, 0
101000, 26.5187, 8.28546, 1.77628, 2.37901, 0.5, 0.026, 4, 4, 5, 0, 0, 0, 0, 0
110000, 26.1573, 10.2103, 0.855084, 2.30307, 0.5, 0.026, 4, 4, 5, 0, 0, 0, 0, 0
100100, 27.5707, 9.30692, 2.51467, 2.343, 0.5, 0.026, 4, 4, 5, 0, 0, 0, 0, 0
100000, 25.3184, 11.5, 3.1416, 2.3513, 0.5, 0.026, 4, 4, 5, 0, 0, 0, 0, 0
101011, 28.3935, 2.99497, 0.98856, 2.51258, 0.5, 0.026, 4, 4, 5, 0, 0, 0, 0, 0
101100, 29.0812, 2.04509, 1.14049, 2.36465, 0.5, 0.026, 4, 4, 5, 0, 0, 0, 0, 0
100110, 28.0371, 7.53528, 2.27684, 2.42043, 0.5, 0.026, 4, 4, 5, 0, 0, 0, 0, 0
101010, 28.3834, 5.33129, 1.86982, 2.53355, 0.5, 0.026, 4, 4, 5, 0, 0, 0, 0, 0
100111, 29.5115, 5.68329, 2.15604, 2.32441, 0.5, 0.026, 4, 4, 5, 0, 0, 0, 0, 0
100101, 29.2504, 7.64324, 2.27043, 2.42394, 0.5, 0.026, 4, 4, 5, 0, 0, 0, 0, 0
100010, 28.1408, 10.1101, 2.51499, 2.38345, 0.5, 0.026, 4, 4, 5, 0, 0, 0, 0, 0
100011, 29.8132, 8.50517, 2.23983, 2.29316, 0.5, 0.026, 4, 4, 5, 0, 0, 0, 0, 0

001111, 15.1139, 1.61979, 0.88826, 2.75906, 0.5, 0.026, 4, 4, 5, 0, 0, 0, 0, 0
010111, 14.9355, 2.96271, 0.889119, 2.74872, 0.5, 0.026, 4, 4, 5, 0, 0, 0, 0, 0
011111, 13.4762, 2.71926, 0.952347, 2.75499, 0.5, 0.026, 4, 4, 5, 0, 0, 0, 0, 0
011110, 14.8388, 4.55051, 0.138557, 2.71476, 0.5, 0.026, 4, 4, 5, 0, 0, 0, 0, 0
001011, 19.8677, 3.15932, 0.912894, 2.72607, 0.5, 0.026, 4, 4, 5, 0, 0, 0, 0, 0
001100, 19.1462, 1.48106, 0.0102466, 2.76675, 0.5, 0.026, 4, 4, 5, 0, 0, 0, 0, 0
001101, 16.4618, 0.980424, 0.345848, 2.7532, 0.5, 0.026, 4, 4, 5, 0, 0, 0, 0, 0
111111, 18.7991, 0.499887, -1.15933e-06, 2.81778, 0.5, 0.026, 4, 4, 5, 0, 0, 0, 0, 0
010110, 17.1299, 3.52386, 0.486937, 2.8422, 0.5, 0.026, 4, 4, 5, 0, 0, 0, 0, 0
001110, 17.4937, 2.31979, 0.187719, 2.73774, 0.5, 0.026, 4, 4, 5, 0, 0, 0, 0, 0
000111, 19.0582, 4.10937, 1.21077, 2.61054, 0.5, 0.026, 4, 4, 5, 0, 0, 0, 0, 0
011011, 17.1018, 5.06481, 0.977, 2.63064, 0.5, 0.026, 4, 4, 5, 0, 0, 0, 0, 0
011101, 16.2972, 6.37237, 1.46592, 2.72953, 0.5, 0.026, 4, 4, 5, 0, 0, 0, 0, 0
010101, 18.6365, 5.63636, 1.06124, 2.67377, 0.5, 0.026, 4, 4, 5, 0, 0, 0, 0, 0
011010, 17.3391, 7.51831, 1.84541, 2.62936, 0.5, 0.026, 4, 4, 5, 0, 0, 0, 0, 0
010100, 18.2216, 8.00155, 1.85943, 2.73538, 0.5, 0.026, 4, 4, 5, 0, 0, 0, 0, 0
011000, 19.9797, 11.2697, 0.287125, 2.62684, 0.5, 0.026, 4, 4, 5, 0, 0, 0, 0, 0
010011, 19.2235, 8.10291, 1.8588, 2.74123, 0.5, 0.026, 4, 4, 5, 0, 0, 0, 0, 0
011100, 16.1087, 9.00645, 1.57585, 2.64233, 0.5, 0.026, 4, 4, 5, 0, 0, 0, 0, 0
011001, 17.7531, 9.9204, 0.66506, 2.65675, 0.5, 0.026, 4, 4, 5, 0, 0, 0, 0, 0
111010, 23.8479, 2.43964, -0.0147568, 2.56409, 0.5, 0.026, 4, 4, 5, 0, 0, 0, 0, 0
111011, 21.5547, 2.12304, 0.877396, 2.68611, 0.5, 0.026, 4, 4, 5, 0, 0, 0, 0, 0
110111, 21.0392, 3.03372, 0.883679, 2.65859, 0.5, 0.026, 4, 4, 5, 0, 0, 0, 0, 0
111101, 23.2139, 1.48044, -0.0256037, 2.7925, 0.5, 0.026, 4, 4, 5, 0, 0, 0, 0, 0
111110, 21.5964, 0.499944, -4.66282e-06, 2.80621, 0.5, 0.026, 4, 4, 5, 0, 0, 0, 0, 0
000101, 22.255, 6.75464, 0.0326299, 2.6957, 0.5, 0.026, 4, 4, 5, 0, 0, 0, 0, 0
110110, 23.0864, 4.23297, 1.26836, 2.72454, 0.5, 0.026, 4, 4, 5, 0, 0, 0, 0, 0
000010, 23.9402, 7.83938, 0.089465, 2.77233, 0.5, 0.026, 4, 4, 5, 0, 0, 0, 0, 0
000011, 21.2312, 7.92253, -0.215577, 2.69839, 0.5, 0.026, 4, 4, 5, 0, 0, 0, 0, 0
001010, 21.2444, 4.72247, -0.138298, 2.82613, 0.5, 0.026, 4, 4, 5, 0, 0, 0, 0, 0
001001, 21.8176, 5.77479, 0.0149701, 2.76012, 0.5, 0.026, 4, 4, 5, 0, 0, 0, 0, 0
000110, 20.1553, 6.39833, 1.12392, 2.53658, 0.5, 0.026, 4, 4, 5, 0, 0, 0, 0, 0
010001, 20.7646, 9.022, -0.212108, 2.70672, 0.5, 0.026, 4, 4, 5, 0, 0, 0, 0, 0
000001, 22.6946, 9.46786, 1.40824, 2.76149, 0.5, 0.026, 4, 4, 5, 0, 0, 0, 0, 0
010010, 20.0939, 10.2744, 0.287714, 2.62136, 0.5, 0.026, 4, 4, 5, 0, 0, 0, 0, 0
000000, 23.6428, 10.9246, 2.41279, 2.72801, 0.5, 0.026, 4, 4, 5, 0, 0, 0, 0, 0
010000, 21.8879, 10.6556, 1.43635, 2.70419, 0.5, 0.026, 4, 4, 5, 0, 0, 0, 0, 0
111001, 24.7867, 3.43641, -0.425972, 2.76554, 0.5, 0.026, 4, 4, 5, 0, 0, 0, 0, 0
101101, 27.8901, 0.844594, 0.392185, 2.80335, 0.5, 0.026, 4, 4, 5, 0, 0, 0, 0, 0
101111, 24.3991, 0.499887, 3.62142e-05, 2.82994, 0.5, 0.026, 4, 4, 5, 0, 0, 0, 0, 0
111100, 25.783, 1.99344, 0.623514, 2.69996, 0.5, 0.026, 4, 4, 5, 0, 0, 0, 0, 0
111000, 27.2537, 3.24297, -0.371285, 2.70081, 0.5, 0.026, 4, 4, 5, 0, 0, 0, 0, 0
101110, 26.8372, 1.5556, 0.636482, 2.73656, 0.5, 0.026, 4, 4, 5, 0, 0, 0, 0, 0
110101, 24.9804, 4.49188, -0.502411, 2.53725, 0.5, 0.026, 4, 4, 5, 0, 0, 0, 0, 0
000100, 24.8825, 6.60668, -0.325802, 2.62403, 0.5, 0.026, 4, 4, 5, 0, 0, 0, 0, 0
110011, 26.519, 5.71185, 1.32818, 2.76356, 0.5, 0.026, 4, 4, 5, 0, 0, 0, 0, 0
101001, 27.6477, 6.12016, 1.37283, 2.7617, 0.5, 0.026, 4, 4, 5, 0, 0, 0, 0, 0
001000, 24.5477, 5.68219, -0.328423, 2.84531, 0.5, 0.026, 4, 4, 5, 0, 0, 0, 0, 0
110100, 27.9117, 4.03755, -0.361934, 2.65437, 0.5, 0.026, 4, 4, 5, 0, 0, 0, 0, 0
110001, 24.2752, 9.20203, 0.529725, 2.60392, 0.5, 0.026, 4, 4, 5, 0, 0, 0, 0, 0
110010, 25.8089, 8.05202, 1.84967, 2.6334, 0.5, 0.026, 4, 4, 5, 0, 0, 0, 0, 0
101000, 26.752, 8.34014, 1.85046, 2.70928, 0.5, 0.026, 4, 4, 5, 0, 0, 0, 0, 0
110000, 26.4945, 10.4802, 0.741, 2.6228, 0.5, 0.026, 4, 4, 5, 0, 0, 0, 0, 0
100100, 27.9859, 9.43919, 2.6651, 2.66827, 0.5, 0.026, 4, 4, 5, 0, 0, 0, 0, 0
100000, 25.309, 11.5, 3.14159, 2.67773, 0.5, 0.026, 4, 4, 5, 0, 0, 0, 0, 0
101011, 29.2893, 2.91137, 0.903537, 2.8614, 0.5, 0.026, 4, 4, 5, 0, 0, 0, 0, 0
101100, 29.9612, 1.71959, 1.23065, 2.69293, 0.5, 0.026, 4, 4, 5, 0, 0, 0, 0, 0
100110, 28.3791, 7.8205, 2.3566, 2.75645, 0.5, 0.026, 4, 4, 5, 0, 0, 0, 0, 0
101010, 29.0104, 5.37252, 1.92459, 2.88527, 0.5, 0.026, 4, 4, 5, 0, 0, 0, 0, 0
100111, 29.9473, 5.67955, 1.92995, 2.64711, 0.5, 0.026, 4, 4, 5, 0, 0, 0, 0, 0
100101, 29.9402, 7.63224, 2.298, 2.76045, 0.5, 0.026, 4, 4, 5, 0, 0, 0, 0, 0
100001, 28.7662, 11.5, 3.14159, 2.61245, 0.5, 0.026, 4, 4, 5, 0, 0, 0, 0, 0
100010, 28.7998, 10.1394, 2.68191, 2.71434, 0.5, 0.026, 4, 4, 5, 0, 0, 0, 0, 0
100011, 30.6475, 8.32672, 2.29348, 2.61151, 0.5, 0.026, 4, 4, 5, 0, 0, 0, 0, 0

001101, 15.4451, 0.828247, 0.31251, 3.13543, 0.5, 0.026, 4, 4, 5, 0, 0, 0, 0, 0
001111, 13.454, 1.23195, 0.752408, 3.1421, 0.5, 0.026, 4, 4, 5, 0, 0, 0, 0, 0
010111, 14.0011, 3.08272, 0.745869, 3.13032, 0.5, 0.026, 4, 4, 5, 0, 0, 0, 0, 0
011111, 12.7124, 3.23663, 0.748716, 3.13746, 0.5, 0.026, 4, 4, 5, 0, 0, 0, 0, 0
011101, 15.8069, 6.59954, 1.65094, 3.10846, 0.5, 0.026, 4, 4, 5, 0, 0, 0, 0, 0
011110, 14.2773, 4.87042, -0.123982, 3.09164, 0.5, 0.026, 4, 4, 5, 0, 0, 0, 0, 0
011100, 15.451, 9.58844, 1.51315, 3.00916, 0.5, 0.026, 4, 4, 5, 0, 0, 0, 0, 0
000111, 18.6956, 3.67816, 0.805799, 2.97295, 0.5, 0.026, 4, 4, 5, 0, 0, 0, 0, 0
001011, 19.6073, 3.20272, 0.79571, 3.10453, 0.5, 0.026, 4, 4, 5, 0, 0, 0, 0, 0
001100, 18.4838, 1.46485, 0.0054195, 3.15085, 0.5, 0.026, 4, 4, 5, 0, 0, 0, 0, 0
111111, 18.288, 0.499763, 4.0134e-05, 3.20897, 0.5, 0.026, 4, 4, 5, 0, 0, 0, 0, 0
010110, 16.338, 3.28258, 0.400253, 3.23678, 0.5, 0.026, 4, 4, 5, 0, 0, 0, 0, 0
001110, 16.1949, 2.0996, 0.321919, 3.11782, 0.5, 0.026, 4, 4, 5, 0, 0, 0, 0, 0
000110, 19.4845, 6.25941, 1.25503, 2.88872, 0.5, 0.026, 4, 4, 5, 0, 0, 0, 0, 0
011011, 16.7868, 5.09707, 0.93983, 2.99585, 0.5, 0.026, 4, 4, 5, 0, 0, 0, 0, 0
010101, 18.2778, 5.43771, 1.34849, 3.04496, 0.5, 0.026, 4, 4, 5, 0, 0, 0, 0, 0
011010, 16.7133, 7.75039, 1.77156, 2.99439, 0.5, 0.026, 4, 4, 5, 0, 0, 0, 0, 0
010010, 19.8447, 10.5144, -0.000173192, 2.98528, 0.5, 0.026, 4, 4, 5, 0, 0, 0, 0, 0
010100, 17.616, 8.21209, 1.78745, 3.11513, 0.5, 0.026, 4, 4, 5, 0, 0, 0, 0, 0
011000, 19.7954, 11.5, -1.61345e-05, 2.99152, 0.5, 0.026, 4, 4, 5, 0, 0, 0, 0, 0
010011, 18.5737, 8.41584, 1.78742, 3.12179, 0.5, 0.026, 4, 4, 5, 0, 0, 0, 0, 0
011001, 17.1662, 10.4295, 0.785464, 3.02559, 0.5, 0.026, 4, 4, 5, 0, 0, 0, 0, 0
111010, 23.8757, 2.38474, 0.0698401, 2.92006, 0.5, 0.026, 4, 4, 5, 0, 0, 0, 0, 0
111011, 21.3727, 2.18553, 0.758084, 3.05902, 0.5, 0.026, 4, 4, 5, 0, 0, 0, 0, 0
110111, 20.8186, 2.99354, 0.760483, 3.02768, 0.5, 0.026, 4, 4, 5, 0, 0, 0, 0, 0
111101, 23.1849, 1.47305, -0.0300745, 3.18018, 0.5, 0.026, 4, 4, 5, 0, 0, 0, 0, 0
111110, 21.4666, 0.499942, -4.34552e-06, 3.19579, 0.5, 0.026, 4, 4, 5, 0, 0, 0, 0, 0
000101, 21.9084, 6.56972, -0.213121, 3.06994, 0.5, 0.026, 4, 4, 5, 0, 0, 0, 0, 0
110110, 23.2467, 4.32765, 1.34771, 3.10279, 0.5, 0.026, 4, 4, 5, 0, 0, 0, 0, 0
000010, 23.9992, 7.83843, 0.479936, 3.1572, 0.5, 0.026, 4, 4, 5, 0, 0, 0, 0, 0
000011, 20.6063, 7.92904, -0.304712, 3.07301, 0.5, 0.026, 4, 4, 5, 0, 0, 0, 0, 0
001010, 21.2066, 4.76792, -0.223659, 3.21847, 0.5, 0.026, 4, 4, 5, 0, 0, 0, 0, 0
001001, 21.4534, 5.6905, -0.222356, 3.14331, 0.5, 0.026, 4, 4, 5, 0, 0, 0, 0, 0
010001, 20.2949, 9.12792, -0.395839, 3.08249, 0.5, 0.026, 4, 4, 5, 0, 0, 0, 0, 0
000001, 22.8158, 9.119, 1.21116, 3.14486, 0.5, 0.026, 4, 4, 5, 0, 0, 0, 0, 0
000000, 23.6697, 10.9748, 2.61962, 3.10673, 0.5, 0.026, 4, 4, 5, 0, 0, 0, 0, 0
010000, 21.8385, 10.4627, 1.63466, 3.0796, 0.5, 0.026, 4, 4, 5, 0, 0, 0, 0, 0
111001, 25.1051, 3.41111, -0.478467, 3.14948, 0.5, 0.026, 4, 4, 5, 0, 0, 0, 0, 0
101111, 24.651, 0.499599, 6.93136e-06, 3.22281, 0.5, 0.026, 4, 4, 5, 0, 0, 0, 0, 0
111100, 26.2098, 1.91639, 0.419316, 3.07479, 0.5, 0.026, 4, 4, 5, 0, 0, 0, 0, 0
111000, 27.8741, 3.15012, -0.3097, 3.07576, 0.5, 0.026, 4, 4, 5, 0, 0, 0, 0, 0
101110, 27.547, 1.4669, 0.440478, 3.11647, 0.5, 0.026, 4, 4, 5, 0, 0, 0, 0, 0
110010, 26.1415, 7.9753, 1.91556, 2.99899, 0.5, 0.026, 4, 4, 5, 0, 0, 0, 0, 0
110101, 25.2015, 4.43165, -0.534811, 2.88949, 0.5, 0.026, 4, 4, 5, 0, 0, 0, 0, 0
000100, 25.3486, 6.53065, -0.49428, 2.98832, 0.5, 0.026, 4, 4, 5, 0, 0, 0, 0, 0
110011, 27.0907, 5.53322, 1.32433, 3.14722, 0.5, 0.026, 4, 4, 5, 0, 0, 0, 0, 0
001000, 24.8967, 5.69213, -0.494289, 3.24032, 0.5, 0.026, 4, 4, 5, 0, 0, 0, 0, 0
110001, 24.4895, 9.21004, 0.592252, 2.96542, 0.5, 0.026, 4, 4, 5, 0, 0, 0, 0, 0
101000, 26.9767, 8.54217, 1.92618, 3.08541, 0.5, 0.026, 4, 4, 5, 0, 0, 0, 0, 0
110000, 26.9814, 10.5541, 0.106205, 2.98692, 0.5, 0.026, 4, 4, 5, 0, 0, 0, 0, 0
100000, 25.7362, 11.5004, 3.14157, 3.04947, 0.5, 0.026, 4, 4, 5, 0, 0, 0, 0, 0
110100, 28.7265, 3.90063, -0.294023, 3.02288, 0.5, 0.026, 4, 4, 5, 0, 0, 0, 0, 0
101101, 28.8273, 0.796647, 0.274112, 3.19253, 0.5, 0.026, 4, 4, 5, 0, 0, 0, 0, 0
101011, 30.2889, 2.8083, 0.782866, 3.25864, 0.5, 0.026, 4, 4, 5, 0, 0, 0, 0, 0
101100, 31.0433, 1.48536, 1.26472, 3.06678, 0.5, 0.026, 4, 4, 5, 0, 0, 0, 0, 0
101001, 28.3778, 6.06954, 1.66817, 3.14511, 0.5, 0.026, 4, 4, 5, 0, 0, 0, 0, 0
100110, 28.8394, 7.93785, 2.46746, 3.13912, 0.5, 0.026, 4, 4, 5, 0, 0, 0, 0, 0
101010, 29.863, 5.32463, 2.04663, 3.28583, 0.5, 0.026, 4, 4, 5, 0, 0, 0, 0, 0
100111, 30.797, 5.63078, 2.06819, 3.0146, 0.5, 0.026, 4, 4, 5, 0, 0, 0, 0, 0
100101, 30.6711, 7.62425, 2.29344, 3.14368, 0.5, 0.026, 4, 4, 5, 0, 0, 0, 0, 0
100100, 28.6487, 9.50612, 3.01069, 3.03871, 0.5, 0.026, 4, 4, 5, 0, 0, 0, 0, 0
100001, 29.4849, 11.5, 3.14158, 2.97513, 0.5, 0.026, 4, 4, 5, 0, 0, 0, 0, 0
100010, 29.9718, 10.3212, 2.96333, 3.09116, 0.5, 0.026, 4, 4, 5, 0, 0, 0, 0, 0
100011, 31.2779, 8.41332, 2.27665, 2.97407, 0.5, 0.026, 4, 4, 5, 0, 0, 0, 0, 0

010110, 15.6089, 3.23236, 0.298492, 3.68613, 0.5, 0.026, 4, 4, 5, 0, 0, 0, 0, 0
001110, 15.5461, 2.20574, 0.318544, 3.55066, 0.5, 0.026, 4, 4, 5, 0, 0, 0, 0, 0
001101, 14.2068, 0.771537, 0.212873, 3.57071, 0.5, 0.026, 4, 4, 5, 0, 0, 0, 0, 0
001111, 12.4057, 1.32962, 0.676479, 3.57831, 0.5, 0.026, 4, 4, 5, 0, 0, 0, 0, 0
010111, 13.3689, 3.34977, 0.660756, 3.56489, 0.5, 0.026, 4, 4, 5, 0, 0, 0, 0, 0
011111, 12.1501, 3.65079, 0.663254, 3.57303, 0.5, 0.026, 4, 4, 5, 0, 0, 0, 0, 0
011010, 15.7392, 7.83251, 1.99402, 3.41009, 0.5, 0.026, 4, 4, 5, 0, 0, 0, 0, 0
011101, 15.0001, 6.98122, 1.96984, 3.54, 0.5, 0.026, 4, 4, 5, 0, 0, 0, 0, 0
011110, 13.6426, 5.34792, -0.244461, 3.52085, 0.5, 0.026, 4, 4, 5, 0, 0, 0, 0, 0
011100, 14.3843, 10.223, 1.31705, 3.42692, 0.5, 0.026, 4, 4, 5, 0, 0, 0, 0, 0
000111, 18.5587, 3.76336, 0.716892, 3.38568, 0.5, 0.026, 4, 4, 5, 0, 0, 0, 0, 0
001011, 19.4675, 3.30413, 0.740821, 3.53553, 0.5, 0.026, 4, 4, 5, 0, 0, 0, 0, 0
001100, 17.6565, 1.45577, 0.00127896, 3.58828, 0.5, 0.026, 4, 4, 5, 0, 0, 0, 0, 0
111111, 17.6087, 0.499601, -3.37146e-05, 3.65446, 0.5, 0.026, 4, 4, 5, 0, 0, 0, 0, 0
000110, 18.9981, 6.32215, 1.31265, 3.28976, 0.5, 0.026, 4, 4, 5, 0, 0, 0, 0, 0
011011, 16.2227, 5.14629, 0.88814, 3.41176, 0.5, 0.026, 4, 4, 5, 0, 0, 0, 0, 0
010101, 17.8674, 5.47754, 1.38876, 3.46769, 0.5, 0.026, 4, 4, 5, 0, 0, 0, 0, 0
000011, 19.8977, 8.34501, -0.141206, 3.49963, 0.5, 0.026, 4, 4, 5, 0, 0, 0, 0, 0
010001, 19.4302, 9.41692, -0.114338, 3.51042, 0.5, 0.026, 4, 4, 5, 0, 0, 0, 0, 0
010010, 19.4834, 10.5232, -0.0036078, 3.39972, 0.5, 0.026, 4, 4, 5, 0, 0, 0, 0, 0
010100, 16.6472, 8.21393, 1.99265, 3.5476, 0.5, 0.026, 4, 4, 5, 0, 0, 0, 0, 0
011000, 19.5016, 11.5001, -6.23662e-06, 3.40683, 0.5, 0.026, 4, 4, 5, 0, 0, 0, 0, 0
010011, 17.4464, 8.8229, 1.99334, 3.55518, 0.5, 0.026, 4, 4, 5, 0, 0, 0, 0, 0
011001, 16.3303, 10.7669, 0.642923, 3.44562, 0.5, 0.026, 4, 4, 5, 0, 0, 0, 0, 0
111010, 23.8427, 2.41532, 0.129629, 3.32544, 0.5, 0.026, 4, 4, 5, 0, 0, 0, 0, 0
111011, 21.2222, 2.2987, 0.721015, 3.4837, 0.5, 0.026, 4, 4, 5, 0, 0, 0, 0, 0
110111, 20.5361, 2.96961, 0.719877, 3.44801, 0.5, 0.026, 4, 4, 5, 0, 0, 0, 0, 0
111101, 23.046, 1.47513, 0.012711, 3.62168, 0.5, 0.026, 4, 4, 5, 0, 0, 0, 0, 0
111110, 21.2347, 0.499705, -8.68511e-06, 3.63946, 0.5, 0.026, 4, 4, 5, 0, 0, 0, 0, 0
000101, 21.4826, 6.84446, -0.380457, 3.49613, 0.5, 0.026, 4, 4, 5, 0, 0, 0, 0, 0
110110, 23.2825, 4.5618, 1.44166, 3.53354, 0.5, 0.026, 4, 4, 5, 0, 0, 0, 0, 0
001010, 21.0367, 4.97702, -0.371117, 3.66529, 0.5, 0.026, 4, 4, 5, 0, 0, 0, 0, 0
001001, 21.2222, 5.92368, -0.377057, 3.57969, 0.5, 0.026, 4, 4, 5, 0, 0, 0, 0, 0
000001, 22.772, 8.99359, 1.01289, 3.58146, 0.5, 0.026, 4, 4, 5, 0, 0, 0, 0, 0
000000, 23.8376, 11.0014, 2.73778, 3.53803, 0.5, 0.026, 4, 4, 5, 0, 0, 0, 0, 0
010000, 21.6678, 10.247, 1.55191, 3.50714, 0.5, 0.026, 4, 4, 5, 0, 0, 0, 0, 0
111001, 25.3016, 3.55097, -0.583801, 3.58672, 0.5, 0.026, 4, 4, 5, 0, 0, 0, 0, 0
101111, 24.8672, 0.499788, -2.43054e-05, 3.67023, 0.5, 0.026, 4, 4, 5, 0, 0, 0, 0, 0
111100, 26.5223, 1.86544, 0.315392, 3.50166, 0.5, 0.026, 4, 4, 5, 0, 0, 0, 0, 0
000010, 24.0624, 7.85767, 0.416608, 3.59552, 0.5, 0.026, 4, 4, 5, 0, 0, 0, 0, 0
110010, 26.6861, 7.81963, 2.09223, 3.41533, 0.5, 0.026, 4, 4, 5, 0, 0, 0, 0, 0
110101, 25.2714, 4.69369, -0.677094, 3.29064, 0.5, 0.026, 4, 4, 5, 0, 0, 0, 0, 0
000100, 25.8673, 6.51298, -0.565999, 3.40319, 0.5, 0.026, 4, 4, 5, 0, 0, 0, 0, 0
110011, 27.6848, 5.30422, 1.1223, 3.58414, 0.5, 0.026, 4, 4, 5, 0, 0, 0, 0, 0
001000, 25.3132, 5.73168, -0.57146, 3.69017, 0.5, 0.026, 4, 4, 5, 0, 0, 0, 0, 0
110001, 24.6878, 9.18581, 0.530255, 3.37711, 0.5, 0.026, 4, 4, 5, 0, 0, 0, 0, 0
101000, 27.3975, 8.51, 2.10213, 3.51375, 0.5, 0.026, 4, 4, 5, 0, 0, 0, 0, 0
110000, 27.4837, 10.5434, -0.0342813, 3.40158, 0.5, 0.026, 4, 4, 5, 0, 0, 0, 0, 0
100000, 26.3968, 11.5007, 3.14161, 3.47283, 0.5, 0.026, 4, 4, 5, 0, 0, 0, 0, 0
101110, 28.2403, 1.43391, 0.34433, 3.54913, 0.5, 0.026, 4, 4, 5, 0, 0, 0, 0, 0
111000, 28.7768, 3.01329, -0.209241, 3.50277, 0.5, 0.026, 4, 4, 5, 0, 0, 0, 0, 0
110100, 29.3994, 3.87062, -0.198282, 3.44254, 0.5, 0.026, 4, 4, 5, 0, 0, 0, 0, 0
101101, 29.7718, 0.703958, 0.155641, 3.63575, 0.5, 0.026, 4, 4, 5, 0, 0, 0, 0, 0
101011, 31.4129, 2.73311, 0.75667, 3.71103, 0.5, 0.026, 4, 4, 5, 0, 0, 0, 0, 0
101001, 29.4229, 6.00592, 1.89788, 3.58174, 0.5, 0.026, 4, 4, 5, 0, 0, 0, 0, 0
101010, 30.8527, 5.36168, 2.02198, 3.742, 0.5, 0.026, 4, 4, 5, 0, 0, 0, 0, 0
100101, 31.8031, 7.78086, 2.3452, 3.58012, 0.5, 0.026, 4, 4, 5, 0, 0, 0, 0, 0
100110, 29.6405, 8.00306, 2.67569, 3.57492, 0.5, 0.026, 4, 4, 5, 0, 0, 0, 0, 0
100100, 29.1538, 9.54848, 3.13738, 3.46057, 0.5, 0.026, 4, 4, 5, 0, 0, 0, 0, 0
100001, 29.8164, 11.5001, 3.14161, 3.38816, 0.5, 0.026, 4, 4, 5, 0, 0, 0, 0, 0
100010, 30.93, 10.6017, 3.20418, 3.52031, 0.5, 0.026, 4, 4, 5, 0, 0, 0, 0, 0
101100, 32.4481, 1.65097, 1.17723, 3.49254, 0.5, 0.026, 4, 4, 5, 0, 0, 0, 0, 0
100111, 32.033, 5.60624, 2.16798, 3.43312, 0.5, 0.026, 4, 4, 5, 0, 0, 0, 0, 0
100011, 32.181, 8.7581, 2.30819, 3.38695, 0.5, 0.026, 4, 4, 5, 0, 0, 0, 0, 0

0101111, 11.7009, 3.09891, 0.610654, 1.97941, 0.5, 0.026, 4, 4, 5, 0, 0, 0, 0, 0
0111111, 10.588, 3.50574, 0.661767, 2.0616, 0.5, 0.026, 4, 4, 5, 0, 0, 0, 0, 0
0011111, 10.2846, 0.786455, 0.587333, 2.03386, 0.5, 0.026, 4, 4, 5, 0, 0, 0, 0, 0
0011110, 11.9308, 1.9674, 0.727097, 2.04122, 0.5, 0.026, 4, 4, 5, 0, 0, 0, 0, 0
0111101, 11.9235, 6.26842, -0.320706, 2.04321, 0.5, 0.026, 4, 4, 5, 0, 0, 0, 0, 0
0011001, 15.9421, 1.56951, 0.174928, 1.9932, 0.5, 0.026, 4, 4, 5, 0, 0, 0, 0, 0
0011101, 13.6049, 1.89513, 0.353427, 2.0352, 0.5, 0.026, 4, 4, 5, 0, 0, 0, 0, 0
0011011, 12.0671, 0.608329, 0.21208, 2.02927, 0.5, 0.026, 4, 4, 5, 0, 0, 0, 0, 0
1111111, 15.7878, 0.499962, 9.39056e-06, 2.12798, 0.5, 0.026, 4, 4, 5, 0, 0, 0, 0, 0
0101101, 13.666, 2.98831, 0.218851, 2.08085, 0.5, 0.026, 4, 4, 5, 0, 0, 0, 0, 0
0101100, 15.6397, 3.83766, 0.792284, 2.11702, 0.5, 0.026, 4, 4, 5, 0, 0, 0, 0, 0
0011100, 15.5277, 2.49115, 0.178713, 2.00839, 0.5, 0.026, 4, 4, 5, 0, 0, 0, 0, 0
0011010, 14.0352, 0.987662, 0.388178, 2.03716, 0.5, 0.026, 4, 4, 5, 0, 0, 0, 0, 0
0111011, 14.6671, 6.56423, 2.22894, 2.01015, 0.5, 0.026, 4, 4, 5, 0, 0, 0, 0, 0
0101110, 13.3319, 4.25083, 0.842292, 2.08039, 0.5, 0.026, 4, 4, 5, 0, 0, 0, 0, 0
0111110, 12.252, 4.66523, 0.668215, 2.00747, 0.5, 0.026, 4, 4, 5, 0, 0, 0, 0, 0
011011, 15.4188, 5.14019, 0.855165, 3.88541, 0.5, 0.026, 4, 4, 5, 0, 0, 0, 0, 0
0111100, 13.8222, 5.6532, -0.364108, 1.96644, 0.5, 0.026, 4, 4, 5, 0, 0, 0, 0, 0
0111010, 13.7013, 8.31734, 2.12062, 2.02131, 0.5, 0.026, 4, 4, 5, 0, 0, 0, 0, 0
0101000, 15.3684, 9.36908, 2.10533, 1.98389, 0.5, 0.026, 4, 4, 5, 0, 0, 0, 0, 0
011010, 14.9069, 8.1755, 2.08991, 3.88352, 0.5, 0.026, 4, 4, 5, 0, 0, 0, 0, 0
011001, 15.4526, 10.9941, 0.353324, 3.92397, 0.5, 0.026, 4, 4, 5, 0, 0, 0, 0, 0
011100, 12.9003, 10.1373, 1.21959, 3.90267, 0.5, 0.026, 4, 4, 5, 0, 0, 0, 0, 0
0010111, 18.6419, 2.78259, 0.642939, 2.0185, 0.5, 0.026, 4, 4, 5, 0, 0, 0, 0, 0
1111101, 19.8661, 0.499996, 1.40894e-06, 2.03365, 0.5, 0.026, 4, 4, 5, 0, 0, 0, 0, 0
000111, 18.1698, 3.40226, 0.631343, 3.85571, 0.5, 0.026, 4, 4, 5, 0, 0, 0, 0, 0
0011000, 17.9377, 1.47619, -0.00483155, 2.09323, 0.5, 0.026, 4, 4, 5, 0, 0, 0, 0, 0
1111110, 17.852, 0.499953, -4.35658e-05, 2.03383, 0.5, 0.026, 4, 4, 5, 0, 0, 0, 0, 0
0100111, 17.2437, 7.98896, 2.18458, 2.06646, 0.5, 0.026, 4, 4, 5, 0, 0, 0, 0, 0
0101001, 16.3299, 7.60824, 2.18669, 2.05622, 0.5, 0.026, 4, 4, 5, 0, 0, 0, 0, 0
0010011, 19.9041, 6.22187, 0.0257519, 2.02288, 0.5, 0.026, 4, 4, 5, 0, 0, 0, 0, 0
0010101, 19.8128, 5.22492, -0.00832842, 2.10506, 0.5, 0.026, 4, 4, 5, 0, 0, 0, 0, 0
000110, 18.3877, 6.08094, 1.4665, 3.74647, 0.5, 0.026, 4, 4, 5, 0, 0, 0, 0, 0
010101, 17.153, 5.12502, 1.3724, 3.9491, 0.5, 0.026, 4, 4, 5, 0, 0, 0, 0, 0
000011, 19.4496, 8.24253, -0.239468, 3.98548, 0.5, 0.026, 4, 4, 5, 0, 0, 0, 0, 0
010001, 19.0427, 9.55952, -0.00634768, 3.99777, 0.5, 0.026, 4, 4, 5, 0, 0, 0, 0, 0
010010, 19.1922, 10.5323, 0.000149162, 3.8717, 0.5, 0.026, 4, 4, 5, 0, 0, 0, 0, 0
011000, 19.2521, 11.5001, -1.44474e-05, 3.87979, 0.5, 0.026, 4, 4, 5, 0, 0, 0, 0, 0
0100110, 16.3137, 9.75382, 2.13659, 1.98228, 0.5, 0.026, 4, 4, 5, 0, 0, 0, 0, 0
1101101, 23.4133, 3.79709, 1.78141, 2.0111, 0.5, 0.026, 4, 4, 5, 0, 0, 0, 0, 0
0010110, 20.2959, 3.8592, 0.866434, 2.00786, 0.5, 0.026, 4, 4, 5, 0, 0, 0, 0, 0
1011111, 23.9944, 0.500495, -0.000907672, 2.08936, 0.5, 0.026, 4, 4, 5, 0, 0, 0, 0, 0
1111011, 22.2123, 1.46758, 0.030002, 2.01183, 0.5, 0.026, 4, 4, 5, 0, 0, 0, 0, 0
111011, 21.338, 2.41787, 0.67658, 3.96734, 0.5, 0.026, 4, 4, 5, 0, 0, 0, 0, 0
110111, 20.4282, 2.93069, 0.670993, 3.92669, 0.5, 0.026, 4, 4, 5, 0, 0, 0, 0, 0
1111100, 21.917, 0.499941, -1.53361e-05, 2.11106, 0.5, 0.026, 4, 4, 5, 0, 0, 0, 0, 0
0000011, 22.3141, 7.83016, 0.809117, 1.99192, 0.5, 0.026, 4, 4, 5, 0, 0, 0, 0, 0
0000101, 23.6678, 7.30552, 0.0613231, 2.08372, 0.5, 0.026, 4, 4, 5, 0, 0, 0, 0, 0
000101, 20.9576, 6.89251, -0.199926, 3.98149, 0.5, 0.026, 4, 4, 5, 0, 0, 0, 0, 0
1101100, 23.3452, 5.79095, 1.51919, 2.01299, 0.5, 0.026, 4, 4, 5, 0, 0, 0, 0, 0
0010100, 21.8546, 4.75921, -0.312843, 2.06908, 0.5, 0.026, 4, 4, 5, 0, 0, 0, 0, 0
0010010, 21.8522, 5.76962, -0.317578, 2.05377, 0.5, 0.026, 4, 4, 5, 0, 0, 0, 0, 0
0000000, 23.1204, 11.2984, 2.72211, 1.98989, 0.5, 0.026, 4, 4, 5, 0, 0, 0, 0, 0
0000010, 23.0796, 9.72704, 0.705306, 2.08674, 0.5, 0.026, 4, 4, 5, 0, 0, 0, 0, 0
010000, 21.6558, 10.0037, 1.55475, 3.99403, 0.5, 0.026, 4, 4, 5, 0, 0, 0, 0, 0
1011101, 27.9775, 1.05799, 0.567919, 2.02828, 0.5, 0.026, 4, 4, 5, 0, 0, 0, 0, 0
1100111, 27.7342, 3.94107, 1.20416, 2.06806, 0.5, 0.026, 4, 4, 5, 0, 0, 0, 0, 0
1111010, 24.267, 1.50378, -0.00873992, 2.11264, 0.5, 0.026, 4, 4, 5, 0, 0, 0, 0, 0
111010, 24.3225, 2.45794, 0.0125962, 3.78711, 0.5, 0.026, 4, 4, 5, 0, 0, 0, 0, 0
1110010, 26.4597, 3.12524, -0.770813, 2.00274, 0.5, 0.026, 4, 4, 5, 0, 0, 0, 0, 0
1011110, 26.0618, 0.499958, 2.37769e-05, 2.0904, 0.5, 0.026, 4, 4, 5, 0, 0, 0, 0, 0
111100, 27.2606, 1.87526, 0.266943, 3.98779, 0.5, 0.026, 4, 4, 5, 0, 0, 0, 0, 0
1110011, 24.7228, 4.07544, -0.655355, 2.08191, 0.5, 0.026, 4, 4, 5, 0, 0, 0, 0, 0
0010001, 24.9235, 6.26576, -0.193931, 2.12889, 0.5, 0.026, 4, 4, 5, 0, 0, 0, 0, 0
110010, 27.3053, 7.45271, 2.08171, 3.88947, 0.5, 0.026, 4, 4, 5, 0, 0, 0, 0, 0
110101, 25.5435, 4.79134, -0.45105, 3.74747, 0.5, 0.026, 4, 4, 5, 0, 0, 0, 0, 0
000100, 26.3938, 6.26586, -0.708126, 3.87564, 0.5, 0.026, 4, 4, 5, 0, 0, 0, 0, 0
0010000, 25.9648, 5.15443, -0.0124992, 2.07358, 0.5, 0.026, 4, 4, 5, 0, 0, 0, 0, 0
0000001, 24.9456, 10.4722, 2.68074, 2.03933, 0.5, 0.026, 4, 4, 5, 0, 0, 0, 0, 0
0000100, 25.2545, 8.18625, 0.0855587, 2.01096, 0.5, 0.026, 4, 4, 5, 0, 0, 0, 0, 0
110001, 24.8248, 9.187, 0.304216, 3.84595, 0.5, 0.026, 4, 4, 5, 0, 0, 0, 0, 0
1010000, 27.4804, 9.12246, 2.08943, 1.98722, 0.5, 0.026, 4, 4, 5, 0, 0, 0, 0, 0
110000, 27.7802, 10.5333, -0.0350698, 3.87382, 0.5, 0.026, 4, 4, 5, 0, 0, 0, 0, 0
100000, 26.6046, 11.5001, 3.1416, 3.95495, 0.5, 0.026, 4, 4, 5, 0, 0, 0, 0, 0
1011011, 29.4431, 0.49999, 1.23006e-06, 2.01943, 0.5, 0.026, 4, 4, 5, 0, 0, 0, 0, 0
1010111, 31.8055, 1.64957, 0.296437, 2.08906, 0.5, 0.026, 4, 4, 5, 0, 0, 0, 0, 0
1011100, 29.8693, 1.66504, 0.333181, 2.01357, 0.5, 0.026, 4, 4, 5, 0, 0, 0, 0, 0
111000, 29.9949, 2.94824, -0.254724, 3.98905, 0.5, 0.026, 4, 4, 5, 0, 0, 0, 0, 0
110100, 30.324, 3.87646, -0.252711, 3.92046, 0.5, 0.026, 4, 4, 5, 0, 0, 0, 0, 0
1011010, 31.5033, 0.499999, 8.47942e-07, 2.12106, 0.5, 0.026, 4, 4, 5, 0, 0, 0, 0, 0
1010001, 28.4681, 7.39647, 2.08891, 2.01433, 0.5, 0.026, 4, 4, 5, 0, 0, 0, 0, 0
1001101, 31.3223, 7.81333, 2.63773, 2.07249, 0.5, 0.026, 4, 4, 5, 0, 0, 0, 0, 0
1010011, 30.7464, 5.04406, 2.37718, 1.99397, 0.5, 0.026, 4, 4, 5, 0, 0, 0, 0, 0
1100110, 28.8334, 5.60993, 1.04581, 2.01366, 0.5, 0.026, 4, 4, 5, 0, 0, 0, 0, 0
1010010, 29.8391, 6.82443, 1.94508, 2.08501, 0.5, 0.026, 4, 4, 5, 0, 0, 0, 0, 0
1010100, 31.0662, 6.4288, 1.96552, 2.12011, 0.5, 0.026, 4, 4, 5, 0, 0, 0, 0, 0
1001100, 29.3997, 8.43277, 2.86485, 1.99874, 0.5, 0.026, 4, 4, 5, 0, 0, 0, 0, 0
100100, 29.8365, 9.53951, 3.14856, 3.94099, 0.5, 0.026, 4, 4, 5, 0, 0, 0, 0, 0
100001, 30.4994, 11.5, 3.1416, 3.85853, 0.5, 0.026, 4, 4, 5, 0, 0, 0, 0, 0
1000100, 30.721, 10.5496, 3.21588, 1.99052, 0.5, 0.026, 4, 4, 5, 0, 0, 0, 0, 0
1010110, 32.8899, 3.20469, 0.751824, 2.13717, 0.5, 0.026, 4, 4, 5, 0, 0, 0, 0, 0
101100, 33.6446, 1.86741, 1.16434, 3.97741, 0.5, 0.026, 4, 4, 5, 0, 0, 0, 0, 0
1001011, 33.6078, 6.99158, 2.46865, 2.01575, 0.5, 0.026, 4, 4, 5, 0, 0, 0, 0, 0
1010101, 32.2227, 4.68725, 2.03138, 2.14138, 0.5, 0.026, 4, 4, 5, 0, 0, 0, 0, 0
100111, 33.0236, 5.48445, 2.26376, 3.90973, 0.5, 0.026, 4, 4, 5, 0, 0, 0, 0, 0
1000101, 32.757, 10.6373, 3.26103, 2.01851, 0.5, 0.026, 4, 4, 5, 0, 0, 0, 0, 0
1001010, 32.2588, 8.43109, 2.64323, 2.06139, 0.5, 0.026, 4, 4, 5, 0, 0, 0, 0, 0
100011, 33.3367, 8.6274, 2.39576, 3.85716, 0.5, 0.026, 4, 4, 5, 0, 0, 0, 0, 0

0011011, 10.9442, 0.54893, 0.0747204, 2.31099, 0.5, 0.026, 4, 4, 5, 0, 0, 0, 0, 0
0101111, 10.7864, 2.85118, 0.799378, 2.25421, 0.5, 0.026, 4, 4, 5, 0, 0, 0, 0, 0
0111111, 10.0929, 3.56347, 0.797498, 2.34781, 0.5, 0.026, 4, 4, 5, 0, 0, 0, 0, 0
0011111, 9.44489, 1.03478, 0.855651, 2.31622, 0.5, 0.026, 4, 4, 5, 0, 0, 0, 0, 0
0011110, 11.3524, 2.01752, 0.788486, 2.3246, 0.5, 0.026, 4, 4, 5, 0, 0, 0, 0, 0
0111110, 11.6382, 5.26872, 0.969041, 2.28617, 0.5, 0.026, 4, 4, 5, 0, 0, 0, 0, 0
0111101, 11.2754, 6.69621, 0.148833, 2.32686, 0.5, 0.026, 4, 4, 5, 0, 0, 0, 0, 0
0111001, 11.8714, 9.094, 1.46976, 2.23079, 0.5, 0.026, 4, 4, 5, 0, 0, 0, 0, 0
0011001, 15.1789, 1.51971, 0.0614606, 2.26992, 0.5, 0.026, 4, 4, 5, 0, 0, 0, 0, 0
0011101, 12.6494, 1.85371, 0.717761, 2.31775, 0.5, 0.026, 4, 4, 5, 0, 0, 0, 0, 0
1111111, 14.7816, 0.499922, 3.18498e-05, 2.4234, 0.5, 0.026, 4, 4, 5, 0, 0, 0, 0, 0
0101101, 13.2013, 3.28517, 0.141317, 2.36974, 0.5, 0.026, 4, 4, 5, 0, 0, 0, 0, 0
0011100, 14.7737, 2.47024, 0.066224, 2.28721, 0.5, 0.026, 4, 4, 5, 0, 0, 0, 0, 0
0011010, 13.0768, 0.933837, 0.717316, 2.31998, 0.5, 0.026, 4, 4, 5, 0, 0, 0, 0, 0
0101001, 15.6043, 7.74839, 2.36222, 2.34169, 0.5, 0.026, 4, 4, 5, 0, 0, 0, 0, 0
0110110, 15.5931, 5.90625, 0.726922, 2.16919, 0.5, 0.026, 4, 4, 5, 0, 0, 0, 0, 0
0101100, 15.2696, 4.1231, 0.936319, 2.41092, 0.5, 0.026, 4, 4, 5, 0, 0, 0, 0, 0
0110101, 14.7307, 7.23563, 2.40059, 2.17383, 0.5, 0.026, 4, 4, 5, 0, 0, 0, 0, 0
0110111, 13.9404, 4.53146, 0.383298, 2.25563, 0.5, 0.026, 4, 4, 5, 0, 0, 0, 0, 0
0111011, 13.9607, 6.62555, 2.38623, 2.28921, 0.5, 0.026, 4, 4, 5, 0, 0, 0, 0, 0
0101110, 12.3289, 4.54366, 0.956273, 2.36921, 0.5, 0.026, 4, 4, 5, 0, 0, 0, 0, 0
0111100, 13.2747, 5.9334, -0.754368, 2.23944, 0.5, 0.026, 4, 4, 5, 0, 0, 0, 0, 0
0100110, 15.7722, 9.95406, 1.96399, 2.25747, 0.5, 0.026, 4, 4, 5, 0, 0, 0, 0, 0
0110010, 15.6854, 11.5002, -3.29402e-05, 2.20308, 0.5, 0.026, 4, 4, 5, 0, 0, 0, 0, 0
0110011, 13.6395, 11.0087, 0.762611, 2.26565, 0.5, 0.026, 4, 4, 5, 0, 0, 0, 0, 0
0111010, 13.1354, 8.65041, 1.96881, 2.30193, 0.5, 0.026, 4, 4, 5, 0, 0, 0, 0, 0
0101000, 14.7854, 9.79083, 1.96371, 2.25931, 0.5, 0.026, 4, 4, 5, 0, 0, 0, 0, 0
0110100, 13.9774, 9.187, 1.96152, 2.24883, 0.5, 0.026, 4, 4, 5, 0, 0, 0, 0, 0
0111000, 12.2892, 11.0987, 0.722645, 2.21368, 0.5, 0.026, 4, 4, 5, 0, 0, 0, 0, 0
0101011, 16.2715, 3.85786, 0.884436, 2.24796, 0.5, 0.026, 4, 4, 5, 0, 0, 0, 0, 0
0001111, 16.8249, 3.00427, 0.88858, 2.23149, 0.5, 0.026, 4, 4, 5, 0, 0, 0, 0, 0
1101111, 19.4816, 2.01445, 1.0052, 2.28324, 0.5, 0.026, 4, 4, 5, 0, 0, 0, 0, 0
0010111, 18.2228, 2.62468, 0.307235, 2.29872, 0.5, 0.026, 4, 4, 5, 0, 0, 0, 0, 0
1111101, 19.416, 0.49942, -9.9715e-05, 2.31598, 0.5, 0.026, 4, 4, 5, 0, 0, 0, 0, 0
0011000, 17.4742, 1.46367, -0.0175452, 2.38383, 0.5, 0.026, 4, 4, 5, 0, 0, 0, 0, 0
1111110, 17.1281, 0.499855, 8.63592e-06, 2.31618, 0.5, 0.026, 4, 4, 5, 0, 0, 0, 0, 0
0100111, 16.7613, 7.9649, 2.3563, 2.35335, 0.5, 0.026, 4, 4, 5, 0, 0, 0, 0, 0
0010110, 19.89, 4.05969, 0.888497, 2.28661, 0.5, 0.026, 4, 4, 5, 0, 0, 0, 0, 0
0001101, 17.7291, 5.00892, 1.4064, 2.09726, 0.5, 0.026, 4, 4, 5, 0, 0, 0, 0, 0
0001110, 18.6028, 4.05835, 0.795622, 2.15951, 0.5, 0.026, 4, 4, 5, 0, 0, 0, 0, 0
0001011, 19.8582, 7.46851, 0.0817954, 2.32132, 0.5, 0.026, 4, 4, 5, 0, 0, 0, 0, 0
0010011, 19.7, 6.47929, 0.0851567, 2.30371, 0.5, 0.026, 4, 4, 5, 0, 0, 0, 0, 0
0010101, 19.4995, 5.48957, 0.0655821, 2.3973, 0.5, 0.026, 4, 4, 5, 0, 0, 0, 0, 0
0001100, 18.1635, 7.06973, 1.42402, 2.16933, 0.5, 0.026, 4, 4, 5, 0, 0, 0, 0, 0
0101010, 16.9378, 5.91556, 1.30987, 2.24939, 0.5, 0.026, 4, 4, 5, 0, 0, 0, 0, 0
0100100, 19.6305, 10.515, 0.0173613, 2.20367, 0.5, 0.026, 4, 4, 5, 0, 0, 0, 0, 0
0100010, 19.8692, 9.53914, 0.0270758, 2.25367, 0.5, 0.026, 4, 4, 5, 0, 0, 0, 0, 0
0100101, 17.436, 10.5452, -0.0126827, 2.20553, 0.5, 0.026, 4, 4, 5, 0, 0, 0, 0, 0
0110001, 17.8551, 11.5002, -0.000100401, 2.1703, 0.5, 0.026, 4, 4, 5, 0, 0, 0, 0, 0
0000111, 18.1562, 8.62015, 0.0123558, 2.32406, 0.5, 0.026, 4, 4, 5, 0, 0, 0, 0, 0
0100011, 17.6192, 9.58023, 0.00188512, 2.2991, 0.5, 0.026, 4, 4, 5, 0, 0, 0, 0, 0
1110101, 23.1664, 2.44383, 0.0256138, 2.10963, 0.5, 0.026, 4, 4, 5, 0, 0, 0, 0, 0
1110111, 20.6375, 1.93609, 0.92974, 2.23957, 0.5, 0.026, 4, 4, 5, 0, 0, 0, 0, 0
1101101, 23.8014, 3.92967, 2.05533, 2.2903, 0.5, 0.026, 4, 4, 5, 0, 0, 0, 0, 0
1111011, 22.1279, 1.45061, 0.0259011, 2.29113, 0.5, 0.026, 4, 4, 5, 0, 0, 0, 0, 0
1110110, 22.2773, 3.41145, 0.710292, 2.27854, 0.5, 0.026, 4, 4, 5, 0, 0, 0, 0, 0
1101110, 20.9669, 3.61099, 0.636442, 2.18859, 0.5, 0.026, 4, 4, 5, 0, 0, 0, 0, 0
1111100, 21.7507, 0.499852, -0.000182421, 2.40414, 0.5, 0.026, 4, 4, 5, 0, 0, 0, 0, 0
0000101, 23.5815, 7.66737, 0.130625, 2.373, 0.5, 0.026, 4, 4, 5, 0, 0, 0, 0, 0
0001010, 21.8813, 6.78012, -0.117617, 2.21292, 0.5, 0.026, 4, 4, 5, 0, 0, 0, 0, 0
1101100, 23.5168, 6.07904, 1.32414, 2.29246, 0.5, 0.026, 4, 4, 5, 0, 0, 0, 0, 0
0010100, 21.8783, 4.87311, -0.114598, 2.35632, 0.5, 0.026, 4, 4, 5, 0, 0, 0, 0, 0
0010010, 21.7702, 5.83927, -0.117388, 2.33889, 0.5, 0.026, 4, 4, 5, 0, 0, 0, 0, 0
1100011, 23.7834, 9.19798, 1.06627, 2.13608, 0.5, 0.026, 4, 4, 5, 0, 0, 0, 0, 0
0000011, 21.9874, 8.13606, 0.550872, 2.26846, 0.5, 0.026, 4, 4, 5, 0, 0, 0, 0, 0
0110000, 20.0438, 11.5001, 1.98722e-07, 2.24812, 0.5, 0.026, 4, 4, 5, 0, 0, 0, 0, 0
0000110, 20.3781, 8.55067, 0.17213, 2.21471, 0.5, 0.026, 4, 4, 5, 0, 0, 0, 0, 0
0100001, 21.4986, 9.74869, 2.06863, 2.27157, 0.5, 0.026, 4, 4, 5, 0, 0, 0, 0, 0
0000000, 23.3971, 11.5005, 3.1416, 2.26614, 0.5, 0.026, 4, 4, 5, 0, 0, 0, 0, 0
0000010, 23.1359, 9.96495, 1.00044, 2.37644, 0.5, 0.026, 4, 4, 5, 0, 0, 0, 0, 0
0100000, 21.9522, 10.9403, 2.07226, 2.27695, 0.5, 0.026, 4, 4, 5, 0, 0, 0, 0, 0
1011111, 24.1136, 0.499653, -0.000165812, 2.37942, 0.5, 0.026, 4, 4, 5, 0, 0, 0, 0, 0
1111001, 27.0838, 1.52113, 0.0829266, 2.30381, 0.5, 0.026, 4, 4, 5, 0, 0, 0, 0, 0
1111010, 24.4573, 1.45987, -0.0251147, 2.40593, 0.5, 0.026, 4, 4, 5, 0, 0, 0, 0, 0
1110100, 25.2656, 2.412, -0.296589, 2.20324, 0.5, 0.026, 4, 4, 5, 0, 0, 0, 0, 0
1110010, 26.5668, 2.88709, -0.652806, 2.28078, 0.5, 0.026, 4, 4, 5, 0, 0, 0, 0, 0
1011110, 26.4646, 0.499872, 3.60159e-05, 2.38061, 0.5, 0.026, 4, 4, 5, 0, 0, 0, 0, 0
1110011, 24.7957, 4.10594, -1.10499, 2.37094, 0.5, 0.026, 4, 4, 5, 0, 0, 0, 0, 0
1101011, 24.9917, 5.56909, -0.355862, 2.16028, 0.5, 0.026, 4, 4, 5, 0, 0, 0, 0, 0
0001001, 25.7564, 7.34369, -0.336211, 2.17143, 0.5, 0.026, 4, 4, 5, 0, 0, 0, 0, 0
0010001, 25.3318, 6.46914, -0.356832, 2.42444, 0.5, 0.026, 4, 4, 5, 0, 0, 0, 0, 0
1101010, 27.2152, 4.28283, 0.692919, 2.10744, 0.5, 0.026, 4, 4, 5, 0, 0, 0, 0, 0
0001000, 27.4611, 6.10583, -1.00054, 2.24226, 0.5, 0.026, 4, 4, 5, 0, 0, 0, 0, 0
0010000, 26.3092, 4.75741, 0.769626, 2.36145, 0.5, 0.026, 4, 4, 5, 0, 0, 0, 0, 0
1100001, 27.3242, 10.4779, -0.205084, 2.1819, 0.5, 0.026, 4, 4, 5, 0, 0, 0, 0, 0
1100100, 26.9559, 8.1895, 1.94015, 2.26599, 0.5, 0.026, 4, 4, 5, 0, 0, 0, 0, 0
1000001, 27.8524, 11.5, 3.14157, 2.30161, 0.5, 0.026, 4, 4, 5, 0, 0, 0, 0, 0
0000001, 25.1233, 10.5816, 3.09835, 2.32244, 0.5, 0.026, 4, 4, 5, 0, 0, 0, 0, 0
0000100, 25.23, 8.50342, -0.25171, 2.29014, 0.5, 0.026, 4, 4, 5, 0, 0, 0, 0, 0
1100010, 25.7671, 9.59868, 0.12287, 2.24379, 0.5, 0.026, 4, 4, 5, 0, 0, 0, 0, 0
1010000, 27.7484, 8.83467, 1.93943, 2.26311, 0.5, 0.026, 4, 4, 5, 0, 0, 0, 0, 0
1000000, 25.6156, 11.5006, 3.14156, 2.20241, 0.5, 0.026, 4, 4, 5, 0, 0, 0, 0, 0
1100111, 28.0832, 3.79016, 0.761238, 2.35518, 0.5, 0.026, 4, 4, 5, 0, 0, 0, 0, 0
1011101, 28.534, 1.01227, 0.898607, 2.30986, 0.5, 0.026, 4, 4, 5, 0, 0, 0, 0, 0
1111000, 28.7385, 2.49005, -0.00904846, 2.23761, 0.5, 0.026, 4, 4, 5, 0, 0, 0, 0, 0
1110001, 29.8124, 3.39838, -0.14846, 2.26768, 0.5, 0.026, 4, 4, 5, 0, 0, 0, 0, 0
1011011, 30.0254, 0.499977, 1.19957e-05, 2.29978, 0.5, 0.026, 4, 4, 5, 0, 0, 0, 0, 0
1011100, 30.5552, 1.58046, 0.137213, 2.29311, 0.5, 0.026, 4, 4, 5, 0, 0, 0, 0, 0
1110000, 31.8166, 2.57038, -0.154635, 2.27516, 0.5, 0.026, 4, 4, 5, 0, 0, 0, 0, 0
1100101, 28.3293, 6.729, 1.98473, 2.16346, 0.5, 0.026, 4, 4, 5, 0, 0, 0, 0, 0
1101001, 30.1509, 4.33295, -0.143619, 2.23777, 0.5, 0.026, 4, 4, 5, 0, 0, 0, 0, 0
1010001, 29.2518, 7.02616, 1.97429, 2.29398, 0.5, 0.026, 4, 4, 5, 0, 0, 0, 0, 0
1010011, 31.4243, 4.9657, 2.44254, 2.27079, 0.5, 0.026, 4, 4, 5, 0, 0, 0, 0, 0
1100110, 29.337, 5.37821, 0.238458, 2.29322, 0.5, 0.026, 4, 4, 5, 0, 0, 0, 0, 0
1010010, 30.329, 6.94565, 1.94428, 2.37447, 0.5, 0.026, 4, 4, 5, 0, 0, 0, 0, 0
1010100, 31.4844, 6.64631, 1.93336, 2.41445, 0.5, 0.026, 4, 4, 5, 0, 0, 0, 0, 0
1001101, 31.7451, 8.13815, 2.60268, 2.36021, 0.5, 0.026, 4, 4, 5, 0, 0, 0, 0, 0
1100000, 29.472, 10.5354, -0.0348396, 2.22972, 0.5, 0.026, 4, 4, 5, 0, 0, 0, 0, 0
1001001, 31.3427, 9.49104, 3.21761, 2.2412, 0.5, 0.026, 4, 4, 5, 0, 0, 0, 0, 0
1001100, 29.5347, 8.58707, 3.11742, 2.27622, 0.5, 0.026, 4, 4, 5, 0, 0, 0, 0, 0
1001000, 29.1312, 9.56931, 3.1071, 2.24691, 0.5, 0.026, 4, 4, 5, 0, 0, 0, 0, 0
1000010, 30.0658, 11.5001, 3.14156, 2.15943, 0.5, 0.026, 4, 4, 5, 0, 0, 0, 0, 0
1000100, 31.7018, 10.5234, 3.12747, 2.26686, 0.5, 0.026, 4, 4, 5, 0, 0, 0, 0, 0
1101000, 32.1223, 3.51714, -0.148398, 2.22697, 0.5, 0.026, 4, 4, 5, 0, 0, 0, 0, 0
1011010, 32.3683, 0.499989, 6.11205e-07, 2.41553, 0.5, 0.026, 4, 4, 5, 0, 0, 0, 0, 0
1010111, 32.8464, 1.49123, 0.0127998, 2.37909, 0.5, 0.026, 4, 4, 5, 0, 0, 0, 0, 0
1011001, 34.4058, 1.0277, 1.00319, 2.2517, 0.5, 0.026, 4, 4, 5, 0, 0, 0, 0, 0
1010110, 33.8127, 3.10228, 1.01578, 2.43387, 0.5, 0.026, 4, 4, 5, 0, 0, 0, 0, 0
1011000, 35.0141, 3.05361, 0.928735, 2.27788, 0.5, 0.026, 4, 4, 5, 0, 0, 0, 0, 0
1000111, 34.7919, 7.83718, 1.68996, 2.17064, 0.5, 0.026, 4, 4, 5, 0, 0, 0, 0, 0
1001111, 34.3964, 4.79146, 2.51469, 2.24524, 0.5, 0.026, 4, 4, 5, 0, 0, 0, 0, 0
1001011, 34.0111, 6.69665, 2.35049, 2.29559, 0.5, 0.026, 4, 4, 5, 0, 0, 0, 0, 0
1010101, 32.9333, 4.80674, 2.16045, 2.43867, 0.5, 0.026, 4, 4, 5, 0, 0, 0, 0, 0
1001110, 32.9176, 6.40035, 2.39237, 2.20727, 0.5, 0.026, 4, 4, 5, 0, 0, 0, 0, 0
1000011, 32.2489, 11.5, 3.1416, 2.23478, 0.5, 0.026, 4, 4, 5, 0, 0, 0, 0, 0
1000101, 33.9536, 10.77, 3.37028, 2.29873, 0.5, 0.026, 4, 4, 5, 0, 0, 0, 0, 0
1001010, 33.1713, 8.45174, 2.63514, 2.34757, 0.5, 0.026, 4, 4, 5, 0, 0, 0, 0, 0
1000110, 33.463, 9.40673, 2.61327, 2.22201, 0.5, 0.026, 4, 4, 5, 0, 0, 0, 0, 0

0011111, 7.68083, 0.992058, 0.64461, 2.63778, 0.5, 0.026, 4, 4, 5, 0, 0, 0, 0, 0
0101101, 11.8632, 3.58526, -0.0732193, 2.69872, 0.5, 0.026, 4, 4, 5, 0, 0, 0, 0, 0
0011010, 11.8293, 1.10817, 0.834461, 2.64205, 0.5, 0.026, 4, 4, 5, 0, 0, 0, 0, 0
0011101, 11.3174, 1.98334, 0.834953, 2.63952, 0.5, 0.026, 4, 4, 5, 0, 0, 0, 0, 0
0011011, 9.48308, 0.499987, -3.20132e-06, 2.63182, 0.5, 0.026, 4, 4, 5, 0, 0, 0, 0, 0
0101111, 9.46985, 2.83741, 0.843837, 2.56715, 0.5, 0.026, 4, 4, 5, 0, 0, 0, 0, 0
0111111, 8.8068, 3.6761, 0.917864, 2.67375, 0.5, 0.026, 4, 4, 5, 0, 0, 0, 0, 0
0011110, 10.1256, 2.10863, 0.838411, 2.64732, 0.5, 0.026, 4, 4, 5, 0, 0, 0, 0, 0
0101110, 10.9012, 4.95074, 0.788461, 2.69813, 0.5, 0.026, 4, 4, 5, 0, 0, 0, 0, 0
0111110, 10.3598, 5.7875, 0.801302, 2.60355, 0.5, 0.026, 4, 4, 5, 0, 0, 0, 0, 0
0111101, 10.8099, 7.38166, 0.374606, 2.64989, 0.5, 0.026, 4, 4, 5, 0, 0, 0, 0, 0
0111010, 11.9373, 8.85645, 2.20539, 2.6215, 0.5, 0.026, 4, 4, 5, 0, 0, 0, 0, 0
0111000, 10.5479, 11.1449, 0.485928, 2.521, 0.5, 0.026, 4, 4, 5, 0, 0, 0, 0, 0
0111001, 10.5346, 9.15711, 1.93376, 2.54049, 0.5, 0.026, 4, 4, 5, 0, 0, 0, 0, 0
0101011, 15.4904, 3.73389, 0.619597, 2.56005, 0.5, 0.026, 4, 4, 5, 0, 0, 0, 0, 0
0011001, 14.1332, 1.46291, -0.0425134, 2.58504, 0.5, 0.026, 4, 4, 5, 0, 0, 0, 0, 0
1111111, 13.4636, 0.499274, -9.60475e-05, 2.75984, 0.5, 0.026, 4, 4, 5, 0, 0, 0, 0, 0
0011100, 13.651, 2.481, -0.0936846, 2.60474, 0.5, 0.026, 4, 4, 5, 0, 0, 0, 0, 0
0100111, 15.8952, 7.67527, 2.19046, 2.68006, 0.5, 0.026, 4, 4, 5, 0, 0, 0, 0, 0
0101001, 14.7436, 7.63635, 2.1958, 2.66678, 0.5, 0.026, 4, 4, 5, 0, 0, 0, 0, 0
0110110, 14.7496, 5.57291, 0.615021, 2.47033, 0.5, 0.026, 4, 4, 5, 0, 0, 0, 0, 0
0101100, 14.3558, 4.01457, 0.70747, 2.74563, 0.5, 0.026, 4, 4, 5, 0, 0, 0, 0, 0
0110101, 13.9425, 7.10083, 2.2006, 2.47562, 0.5, 0.026, 4, 4, 5, 0, 0, 0, 0, 0
0110111, 12.6315, 4.50469, -0.0124684, 2.56877, 0.5, 0.026, 4, 4, 5, 0, 0, 0, 0, 0
0111011, 13.122, 6.60213, 2.19371, 2.60702, 0.5, 0.026, 4, 4, 5, 0, 0, 0, 0, 0
0111100, 12.2977, 6.10456, -0.944937, 2.55033, 0.5, 0.026, 4, 4, 5, 0, 0, 0, 0, 0
0100110, 14.741, 9.92543, 2.21432, 2.57088, 0.5, 0.026, 4, 4, 5, 0, 0, 0, 0, 0
0110010, 14.486, 11.5006, -3.17474e-06, 2.50893, 0.5, 0.026, 4, 4, 5, 0, 0, 0, 0, 0
0110011, 12.1389, 10.9949, 0.693597, 2.58019, 0.5, 0.026, 4, 4, 5, 0, 0, 0, 0, 0
0101000, 13.5748, 9.89244, 2.21341, 2.57296, 0.5, 0.026, 4, 4, 5, 0, 0, 0, 0, 0
0110100, 12.8325, 9.27688, 2.21305, 2.56103, 0.5, 0.026, 4, 4, 5, 0, 0, 0, 0, 0
0001111, 16.0065, 2.83555, 0.707121, 2.54128, 0.5, 0.026, 4, 4, 5, 0, 0, 0, 0, 0
1101111, 19.1071, 2.10044, 0.873939, 2.60021, 0.5, 0.026, 4, 4, 5, 0, 0, 0, 0, 0
0010111, 17.7217, 2.62923, 0.300599, 2.61785, 0.5, 0.026, 4, 4, 5, 0, 0, 0, 0, 0
1111101, 18.732, 0.49828, 4.66277e-05, 2.63751, 0.5, 0.026, 4, 4, 5, 0, 0, 0, 0, 0
0011000, 16.7593, 1.44497, -0.0295826, 2.71477, 0.5, 0.026, 4, 4, 5, 0, 0, 0, 0, 0
1111110, 16.1306, 0.499863, 3.82193e-05, 2.63773, 0.5, 0.026, 4, 4, 5, 0, 0, 0, 0, 0
0010110, 19.6775, 4.18533, 0.865218, 2.60406, 0.5, 0.026, 4, 4, 5, 0, 0, 0, 0, 0
0001101, 17.3311, 4.82541, 1.21907, 2.38841, 0.5, 0.026, 4, 4, 5, 0, 0, 0, 0, 0
0001110, 18.4582, 4.23618, 0.785987, 2.45931, 0.5, 0.026, 4, 4, 5, 0, 0, 0, 0, 0
0001011, 19.0448, 7.69807, -0.025828, 2.64358, 0.5, 0.026, 4, 4, 5, 0, 0, 0, 0, 0
0010011, 19.6758, 6.70658, 0.054764, 2.62353, 0.5, 0.026, 4, 4, 5, 0, 0, 0, 0, 0
0010101, 19.3681, 5.73645, 0.0316218, 2.73011, 0.5, 0.026, 4, 4, 5, 0, 0, 0, 0, 0
0001100, 17.4927, 7.08595, 2.17344, 2.4705, 0.5, 0.026, 4, 4, 5, 0, 0, 0, 0, 0
0101010, 16.3825, 5.65572, 0.781444, 2.56167, 0.5, 0.026, 4, 4, 5, 0, 0, 0, 0, 0
0000110, 19.8112, 8.63608, 0.0375272, 2.52218, 0.5, 0.026, 4, 4, 5, 0, 0, 0, 0, 0
0110000, 19.4413, 11.5003, 3.85964e-06, 2.56022, 0.5, 0.026, 4, 4, 5, 0, 0, 0, 0, 0
0100100, 18.932, 10.5288, 0.0177126, 2.5096, 0.5, 0.026, 4, 4, 5, 0, 0, 0, 0, 0
0100010, 19.4798, 9.56383, 0.046284, 2.56655, 0.5, 0.026, 4, 4, 5, 0, 0, 0, 0, 0
0100101, 16.432, 10.5637, -0.0145859, 2.51172, 0.5, 0.026, 4, 4, 5, 0, 0, 0, 0, 0
0110001, 16.9534, 11.5006, -3.24755e-05, 2.4716, 0.5, 0.026, 4, 4, 5, 0, 0, 0, 0, 0
0000111, 17.244, 8.66287, 0.0263138, 2.6467, 0.5, 0.026, 4, 4, 5, 0, 0, 0, 0, 0
0100011, 16.9343, 9.61017, 0.0210167, 2.61828, 0.5, 0.026, 4, 4, 5, 0, 0, 0, 0, 0
1110101, 23.2512, 2.53359, 0.236107, 2.4025, 0.5, 0.026, 4, 4, 5, 0, 0, 0, 0, 0
1110111, 20.2711, 2.00293, 0.851235, 2.55049, 0.5, 0.026, 4, 4, 5, 0, 0, 0, 0, 0
1111011, 21.9719, 1.47714, -0.101906, 2.60921, 0.5, 0.026, 4, 4, 5, 0, 0, 0, 0, 0
1110110, 22.3626, 3.3335, 0.484581, 2.59487, 0.5, 0.026, 4, 4, 5, 0, 0, 0, 0, 0
1101110, 20.9799, 3.72673, 0.40963, 2.49243, 0.5, 0.026, 4, 4, 5, 0, 0, 0, 0, 0
1111100, 21.3409, 0.62516, -0.145273, 2.7379, 0.5, 0.026, 4, 4, 5, 0, 0, 0, 0, 0
0000101, 23.5427, 7.81235, 0.106923, 2.70244, 0.5, 0.026, 4, 4, 5, 0, 0, 0, 0, 0
0001010, 22.214, 6.82364, -0.150412, 2.52014, 0.5, 0.026, 4, 4, 5, 0, 0, 0, 0, 0
1101100, 23.8344, 6.13712, 1.35632, 2.61071, 0.5, 0.026, 4, 4, 5, 0, 0, 0, 0, 0
0010100, 21.9717, 4.94249, -0.158253, 2.68345, 0.5, 0.026, 4, 4, 5, 0, 0, 0, 0, 0
0010010, 21.9664, 5.9063, -0.160268, 2.6636, 0.5, 0.026, 4, 4, 5, 0, 0, 0, 0, 0
1100011, 23.8211, 9.23976, 0.779957, 2.43263, 0.5, 0.026, 4, 4, 5, 0, 0, 0, 0, 0
0000011, 21.4944, 8.10129, 0.570058, 2.58338, 0.5, 0.026, 4, 4, 5, 0, 0, 0, 0, 0
0100001, 21.1568, 10.0003, 2.23616, 2.58692, 0.5, 0.026, 4, 4, 5, 0, 0, 0, 0, 0
0000000, 23.2321, 11.5006, 3.14158, 2.58075, 0.5, 0.026, 4, 4, 5, 0, 0, 0, 0, 0
0000010, 23.2349, 9.95774, 0.764555, 2.70636, 0.5, 0.026, 4, 4, 5, 0, 0, 0, 0, 0
0100000, 21.6868, 10.8749, 2.23761, 2.59306, 0.5, 0.026, 4, 4, 5, 0, 0, 0, 0, 0
1101101, 24.2422, 3.81844, 2.29878, 2.60826, 0.5, 0.026, 4, 4, 5, 0, 0, 0, 0, 0
1011111, 24.0181, 0.498627, -8.38624e-05, 2.70975, 0.5, 0.026, 4, 4, 5, 0, 0, 0, 0, 0
1111001, 27.2719, 1.42907, 0.0246791, 2.62364, 0.5, 0.026, 4, 4, 5, 0, 0, 0, 0, 0
1111010, 24.6038, 1.46481, -0.0946297, 2.73994, 0.5, 0.026, 4, 4, 5, 0, 0, 0, 0, 0
1110100, 25.5691, 2.33146, 0.0573988, 2.50912, 0.5, 0.026, 4, 4, 5, 0, 0, 0, 0, 0
1110010, 27.2486, 2.87014, -0.64449, 2.59742, 0.5, 0.026, 4, 4, 5, 0, 0, 0, 0, 0
1011110, 26.6915, 0.497805, -0.00012268, 2.71111, 0.5, 0.026, 4, 4, 5, 0, 0, 0, 0, 0
1110011, 25.111, 4.27037, -0.858807, 2.70009, 0.5, 0.026, 4, 4, 5, 0, 0, 0, 0, 0
1101011, 25.3862, 5.56861, -0.525128, 2.46019, 0.5, 0.026, 4, 4, 5, 0, 0, 0, 0, 0
0001001, 26.0855, 7.58408, -0.231202, 2.47289, 0.5, 0.026, 4, 4, 5, 0, 0, 0, 0, 0
0010001, 25.752, 6.44405, -0.503028, 2.76102, 0.5, 0.026, 4, 4, 5, 0, 0, 0, 0, 0
1101010, 27.9919, 4.37111, 0.552324, 2.40002, 0.5, 0.026, 4, 4, 5, 0, 0, 0, 0, 0
0001000, 27.9996, 6.21805, -0.478429, 2.55355, 0.5, 0.026, 4, 4, 5, 0, 0, 0, 0, 0
0010000, 27.0285, 4.79629, 0.665589, 2.68928, 0.5, 0.026, 4, 4, 5, 0, 0, 0, 0, 0
1100100, 27.6156, 8.03344, 1.99742, 2.58057, 0.5, 0.026, 4, 4, 5, 0, 0, 0, 0, 0
0000001, 25.6406, 10.5776, 3.13104, 2.64486, 0.5, 0.026, 4, 4, 5, 0, 0, 0, 0, 0
0000100, 25.5503, 8.65914, -0.163234, 2.60808, 0.5, 0.026, 4, 4, 5, 0, 0, 0, 0, 0
1100010, 26.0654, 9.63615, -0.0374076, 2.55529, 0.5, 0.026, 4, 4, 5, 0, 0, 0, 0, 0
1000000, 25.7579, 11.5016, 3.14181, 2.50816, 0.5, 0.026, 4, 4, 5, 0, 0, 0, 0, 0
1100111, 28.8543, 3.84865, 0.63617, 2.68214, 0.5, 0.026, 4, 4, 5, 0, 0, 0, 0, 0
1011101, 29.1117, 1.03745, 0.720328, 2.63054, 0.5, 0.026, 4, 4, 5, 0, 0, 0, 0, 0
1111000, 29.6221, 2.54004, -0.098162, 2.54825, 0.5, 0.026, 4, 4, 5, 0, 0, 0, 0, 0
1110001, 30.7409, 3.37244, -0.112938, 2.5825, 0.5, 0.026, 4, 4, 5, 0, 0, 0, 0, 0
1011011, 30.79, 0.499743, -2.66829e-05, 2.61906, 0.5, 0.026, 4, 4, 5, 0, 0, 0, 0, 0
1011100, 31.4899, 1.47434, -0.0503852, 2.61146, 0.5, 0.026, 4, 4, 5, 0, 0, 0, 0, 0
1100101, 29.2222, 6.89201, 2.06935, 2.46381, 0.5, 0.026, 4, 4, 5, 0, 0, 0, 0, 0
1101001, 31.2621, 4.28034, -0.103313, 2.54843, 0.5, 0.026, 4, 4, 5, 0, 0, 0, 0, 0
1010001, 30.2232, 6.99656, 2.03117, 2.61245, 0.5, 0.026, 4, 4, 5, 0, 0, 0, 0, 0
1100110, 30.3109, 5.31121, 0.0140501, 2.61158, 0.5, 0.026, 4, 4, 5, 0, 0, 0, 0, 0
1010010, 31.2987, 6.93756, 2.00105, 2.70412, 0.5, 0.026, 4, 4, 5, 0, 0, 0, 0, 0
1100001, 28.1663, 10.5606, 0.0134127, 2.48481, 0.5, 0.026, 4, 4, 5, 0, 0, 0, 0, 0
1010000, 28.3683, 9.04409, 2.35582, 2.57729, 0.5, 0.026, 4, 4, 5, 0, 0, 0, 0, 0
1000001, 28.3037, 11.5007, 3.14157, 2.62114, 0.5, 0.026, 4, 4, 5, 0, 0, 0, 0, 0
1100000, 30.6459, 10.5547, -0.0101289, 2.53927, 0.5, 0.026, 4, 4, 5, 0, 0, 0, 0, 0
1001100, 30.6676, 8.67154, 3.13878, 2.59222, 0.5, 0.026, 4, 4, 5, 0, 0, 0, 0, 0
1001000, 29.9429, 9.61542, 3.12219, 2.55885, 0.5, 0.026, 4, 4, 5, 0, 0, 0, 0, 0
1000010, 30.8281, 11.5007, 3.14157, 2.45922, 0.5, 0.026, 4, 4, 5, 0, 0, 0, 0, 0
1110000, 32.762, 2.41919, 0.00692299, 2.59102, 0.5, 0.026, 4, 4, 5, 0, 0, 0, 0, 0
1101000, 33.283, 3.38525, 0.0266892, 2.53614, 0.5, 0.026, 4, 4, 5, 0, 0, 0, 0, 0
1011010, 33.4664, 0.499598, -2.29085e-05, 2.75087, 0.5, 0.026, 4, 4, 5, 0, 0, 0, 0, 0
1010111, 34.1193, 1.46958, 0.0164404, 2.70937, 0.5, 0.026, 4, 4, 5, 0, 0, 0, 0, 0
1011001, 35.9289, 1.06176, 0.801287, 2.5643, 0.5, 0.026, 4, 4, 5, 0, 0, 0, 0, 0
1010110, 35.1002, 3.15482, 0.901595, 2.77175, 0.5, 0.026, 4, 4, 5, 0, 0, 0, 0, 0
1010100, 32.343, 6.95782, 1.98971, 2.74964, 0.5, 0.026, 4, 4, 5, 0, 0, 0, 0, 0
1010011, 32.7725, 4.84526, 2.47521, 2.58604, 0.5, 0.026, 4, 4, 5, 0, 0, 0, 0, 0
1001111, 35.9509, 4.81367, 2.66058, 2.55694, 0.5, 0.026, 4, 4, 5, 0, 0, 0, 0, 0
1001011, 35.2499, 6.62467, 2.29042, 2.61428, 0.5, 0.026, 4, 4, 5, 0, 0, 0, 0, 0
1010101, 34.1104, 4.92845, 2.36164, 2.77722, 0.5, 0.026, 4, 4, 5, 0, 0, 0, 0, 0
1001110, 34.0115, 6.38749, 2.42206, 2.51371, 0.5, 0.026, 4, 4, 5, 0, 0, 0, 0, 0
1001001, 32.4819, 9.59903, 3.13157, 2.55235, 0.5, 0.026, 4, 4, 5, 0, 0, 0, 0, 0
1001101, 33.1634, 8.18822, 2.59839, 2.68788, 0.5, 0.026, 4, 4, 5, 0, 0, 0, 0, 0
1000100, 33.1803, 10.5514, 3.13809, 2.58156, 0.5, 0.026, 4, 4, 5, 0, 0, 0, 0, 0
1000011, 33.3187, 11.5005, 3.14148, 2.54503, 0.5, 0.026, 4, 4, 5, 0, 0, 0, 0, 0
1000101, 35.6067, 11.0169, 3.78165, 2.61786, 0.5, 0.026, 4, 4, 5, 0, 0, 0, 0, 0
1001010, 34.6344, 8.44017, 2.60839, 2.67348, 0.5, 0.026, 4, 4, 5, 0, 0, 0, 0, 0
1000110, 35.1012, 9.29737, 2.60518, 2.53048, 0.5, 0.026, 4, 4, 5, 0, 0, 0, 0, 0
1011000, 36.1068, 2.85829, 0.856426, 2.59412, 0.5, 0.026, 4, 4, 5, 0, 0, 0, 0, 0
1000111, 36.3733, 7.86102, 1.14331, 2.47198, 0.5, 0.026, 4, 4, 5, 0, 0, 0, 0, 0

0101111, 7.67137, 3.37344, 1.30498, 2.92355, 0.5, 0.026, 4, 4, 5, 0, 0, 0, 0, 0
0011011, 7.59696, 0.499842, -3.02184e-05, 2.99719, 0.5, 0.026, 4, 4, 5, 0, 0, 0, 0, 0
0011111, 5.88757, 1.18369, 0.750956, 3.00397, 0.5, 0.026, 4, 4, 5, 0, 0, 0, 0, 0
0111111, 6.96789, 4.38743, 1.25614, 3.04494, 0.5, 0.026, 4, 4, 5, 0, 0, 0, 0, 0
1111111, 11.943, 0.499596, 2.12649e-05, 3.14298, 0.5, 0.026, 4, 4, 5, 0, 0, 0, 0, 0
0101101, 9.89738, 3.90654, -0.132358, 3.07338, 0.5, 0.026, 4, 4, 5, 0, 0, 0, 0, 0
0011010, 10.2418, 1.25557, 0.851539, 3.00885, 0.5, 0.026, 4, 4, 5, 0, 0, 0, 0, 0
0011101, 9.71571, 2.11151, 0.851962, 3.00596, 0.5, 0.026, 4, 4, 5, 0, 0, 0, 0, 0
0011110, 8.54774, 2.2487, 0.854992, 3.01485, 0.5, 0.026, 4, 4, 5, 0, 0, 0, 0, 0
0110111, 11.5192, 4.84065, 0.0477929, 2.92539, 0.5, 0.026, 4, 4, 5, 0, 0, 0, 0, 0
0111100, 11.1667, 6.60388, -0.976424, 2.90439, 0.5, 0.026, 4, 4, 5, 0, 0, 0, 0, 0
0101110, 9.56106, 5.42045, 0.420893, 3.0727, 0.5, 0.026, 4, 4, 5, 0, 0, 0, 0, 0
0111110, 9.04639, 6.25774, 0.413722, 2.965, 0.5, 0.026, 4, 4, 5, 0, 0, 0, 0, 0
0111101, 9.01914, 7.48119, 0.557386, 3.01778, 0.5, 0.026, 4, 4, 5, 0, 0, 0, 0, 0
0110100, 11.4528, 9.33537, 2.28026, 2.91657, 0.5, 0.026, 4, 4, 5, 0, 0, 0, 0, 0
0110011, 10.278, 10.9886, 0.555989, 2.93839, 0.5, 0.026, 4, 4, 5, 0, 0, 0, 0, 0
0111010, 10.3881, 8.87402, 2.42741, 2.98544, 0.5, 0.026, 4, 4, 5, 0, 0, 0, 0, 0
0111000, 8.336, 11.3638, 0.146235, 2.87099, 0.5, 0.026, 4, 4, 5, 0, 0, 0, 0, 0
0111001, 8.64681, 9.45353, 1.76714, 2.89318, 0.5, 0.026, 4, 4, 5, 0, 0, 0, 0, 0
0011000, 15.9069, 1.4424, -0.0078272, 3.09166, 0.5, 0.026, 4, 4, 5, 0, 0, 0, 0, 0
0101100, 12.925, 3.99468, 0.237452, 3.1268, 0.5, 0.026, 4, 4, 5, 0, 0, 0, 0, 0
1111110, 14.9846, 0.499074, -1.83697e-05, 3.00392, 0.5, 0.026, 4, 4, 5, 0, 0, 0, 0, 0
0001111, 15.0347, 2.70158, 0.546186, 2.89408, 0.5, 0.026, 4, 4, 5, 0, 0, 0, 0, 0
0101011, 14.8725, 3.67468, 0.541709, 2.91546, 0.5, 0.026, 4, 4, 5, 0, 0, 0, 0, 0
0011001, 12.7192, 1.48104, -0.0586659, 2.94392, 0.5, 0.026, 4, 4, 5, 0, 0, 0, 0, 0
0011100, 12.3219, 2.65612, -0.219071, 2.96635, 0.5, 0.026, 4, 4, 5, 0, 0, 0, 0, 0
0101010, 15.6133, 5.2095, 0.540291, 2.91731, 0.5, 0.026, 4, 4, 5, 0, 0, 0, 0, 0
0100111, 15.283, 7.32698, 2.14783, 3.05213, 0.5, 0.026, 4, 4, 5, 0, 0, 0, 0, 0
0101001, 13.9664, 7.56846, 2.15493, 3.037, 0.5, 0.026, 4, 4, 5, 0, 0, 0, 0, 0
0110110, 14.246, 5.4929, 0.475786, 2.81328, 0.5, 0.026, 4, 4, 5, 0, 0, 0, 0, 0
0110101, 13.1676, 7.05695, 2.1567, 2.8193, 0.5, 0.026, 4, 4, 5, 0, 0, 0, 0, 0
0111011, 12.2927, 6.65116, 2.14507, 2.96895, 0.5, 0.026, 4, 4, 5, 0, 0, 0, 0, 0
0100011, 15.8847, 9.64103, 0.0226434, 2.98177, 0.5, 0.026, 4, 4, 5, 0, 0, 0, 0, 0
0110001, 15.8213, 11.5008, -6.71168e-05, 2.81473, 0.5, 0.026, 4, 4, 5, 0, 0, 0, 0, 0
0100101, 15.3801, 10.558, -0.0115799, 2.86042, 0.5, 0.026, 4, 4, 5, 0, 0, 0, 0, 0
0100110, 13.6109, 9.76172, 2.20696, 2.92779, 0.5, 0.026, 4, 4, 5, 0, 0, 0, 0, 0
0110010, 13.0149, 11.5003, 1.25238e-05, 2.85724, 0.5, 0.026, 4, 4, 5, 0, 0, 0, 0, 0
0101000, 12.2077, 9.92633, 2.27992, 2.93016, 0.5, 0.026, 4, 4, 5, 0, 0, 0, 0, 0
1110111, 19.9703, 2.0053, 0.688551, 2.90458, 0.5, 0.026, 4, 4, 5, 0, 0, 0, 0, 0
1101111, 18.6729, 2.11626, 0.717581, 2.9612, 0.5, 0.026, 4, 4, 5, 0, 0, 0, 0, 0
0010111, 17.1907, 2.63913, 0.287811, 2.98128, 0.5, 0.026, 4, 4, 5, 0, 0, 0, 0, 0
1111101, 17.9448, 0.496299, 9.77932e-07, 3.00367, 0.5, 0.026, 4, 4, 5, 0, 0, 0, 0, 0
0010110, 19.5733, 4.2197, 0.760495, 2.96557, 0.5, 0.026, 4, 4, 5, 0, 0, 0, 0, 0
0001101, 16.9547, 4.5397, 1.14145, 2.71999, 0.5, 0.026, 4, 4, 5, 0, 0, 0, 0, 0
0001110, 18.3576, 4.35891, 0.681521, 2.80073, 0.5, 0.026, 4, 4, 5, 0, 0, 0, 0, 0
0001011, 18.3178, 7.7367, 0.00413087, 3.01058, 0.5, 0.026, 4, 4, 5, 0, 0, 0, 0, 0
0010011, 19.0217, 6.80068, -0.00465545, 2.98775, 0.5, 0.026, 4, 4, 5, 0, 0, 0, 0, 0
0010101, 19.1277, 5.87895, 0.00225046, 3.10913, 0.5, 0.026, 4, 4, 5, 0, 0, 0, 0, 0
0001100, 16.6322, 7.01018, 2.25026, 2.81347, 0.5, 0.026, 4, 4, 5, 0, 0, 0, 0, 0
0000110, 19.4972, 8.71474, 0.079121, 2.87233, 0.5, 0.026, 4, 4, 5, 0, 0, 0, 0, 0
0110000, 18.6507, 11.5012, 2.74844e-05, 2.91565, 0.5, 0.026, 4, 4, 5, 0, 0, 0, 0, 0
0100100, 18.2264, 10.5651, 0.0138681, 2.858, 0.5, 0.026, 4, 4, 5, 0, 0, 0, 0, 0
0100010, 18.7878, 9.64139, 0.033712, 2.92286, 0.5, 0.026, 4, 4, 5, 0, 0, 0, 0, 0
0000111, 16.5748, 8.68241, 0.00729527, 3.01414, 0.5, 0.026, 4, 4, 5, 0, 0, 0, 0, 0
1110101, 23.1962, 2.90079, 0.476168, 2.73604, 0.5, 0.026, 4, 4, 5, 0, 0, 0, 0, 0
1111011, 21.7264, 1.4757, 0.0591112, 2.97144, 0.5, 0.026, 4, 4, 5, 0, 0, 0, 0, 0
1110110, 22.4298, 3.47397, 0.529723, 2.95511, 0.5, 0.026, 4, 4, 5, 0, 0, 0, 0, 0
1101110, 20.9601, 3.81867, 0.455127, 2.83845, 0.5, 0.026, 4, 4, 5, 0, 0, 0, 0, 0
1111100, 20.9694, 0.499583, -7.45816e-06, 3.118, 0.5, 0.026, 4, 4, 5, 0, 0, 0, 0, 0
0000101, 23.8616, 7.85024, 0.0582563, 3.07762, 0.5, 0.026, 4, 4, 5, 0, 0, 0, 0, 0
0001010, 22.5447, 6.91504, -0.288478, 2.87001, 0.5, 0.026, 4, 4, 5, 0, 0, 0, 0, 0
0010100, 22.009, 5.16307, -0.318913, 3.05598, 0.5, 0.026, 4, 4, 5, 0, 0, 0, 0, 0
0010010, 21.9077, 6.1709, -0.324046, 3.03338, 0.5, 0.026, 4, 4, 5, 0, 0, 0, 0, 0
1100011, 23.7942, 9.24075, 0.601958, 2.77035, 0.5, 0.026, 4, 4, 5, 0, 0, 0, 0, 0
0000011, 21.204, 8.06169, 0.372464, 2.94203, 0.5, 0.026, 4, 4, 5, 0, 0, 0, 0, 0
0100001, 20.7644, 9.92458, 2.28051, 2.94606, 0.5, 0.026, 4, 4, 5, 0, 0, 0, 0, 0
0000000, 23.1485, 11.5015, 3.14152, 2.93903, 0.5, 0.026, 4, 4, 5, 0, 0, 0, 0, 0
0000010, 23.197, 9.94888, 0.616665, 3.08208, 0.5, 0.026, 4, 4, 5, 0, 0, 0, 0, 0
0100000, 21.3585, 10.9227, 2.50717, 2.95305, 0.5, 0.026, 4, 4, 5, 0, 0, 0, 0, 0
1101101, 24.8229, 3.86997, 2.43315, 2.97036, 0.5, 0.026, 4, 4, 5, 0, 0, 0, 0, 0
1011111, 24.0325, 0.497177, 0.000101671, 3.08594, 0.5, 0.026, 4, 4, 5, 0, 0, 0, 0, 0
1111001, 27.6338, 1.58568, -0.223636, 2.98787, 0.5, 0.026, 4, 4, 5, 0, 0, 0, 0, 0
1111010, 24.72, 1.39754, -0.0120862, 3.12032, 0.5, 0.026, 4, 4, 5, 0, 0, 0, 0, 0
1110100, 24.8661, 2.27009, 0.00980633, 2.85745, 0.5, 0.026, 4, 4, 5, 0, 0, 0, 0, 0
1110010, 27.4789, 2.61629, -0.251665, 2.95801, 0.5, 0.026, 4, 4, 5, 0, 0, 0, 0, 0
1011110, 27.08, 0.496477, 6.15304e-05, 3.08748, 0.5, 0.026, 4, 4, 5, 0, 0, 0, 0, 0
1101100, 24.3346, 6.19613, 0.916753, 2.97316, 0.5, 0.026, 4, 4, 5, 0, 0, 0, 0, 0
1110011, 25.5562, 4.49685, -0.716323, 3.07494, 0.5, 0.026, 4, 4, 5, 0, 0, 0, 0, 0
1101011, 26.0422, 5.33429, -0.74562, 2.80173, 0.5, 0.026, 4, 4, 5, 0, 0, 0, 0, 0
0001001, 26.7175, 7.55006, -0.25484, 2.8162, 0.5, 0.026, 4, 4, 5, 0, 0, 0, 0, 0
0010001, 26.6555, 6.04168, -0.740729, 3.14433, 0.5, 0.026, 4, 4, 5, 0, 0, 0, 0, 0
0010000, 27.9571, 4.4405, 0.886428, 3.06263, 0.5, 0.026, 4, 4, 5, 0, 0, 0, 0, 0
0000001, 26.0128, 10.5961, 3.14117, 3.01205, 0.5, 0.026, 4, 4, 5, 0, 0, 0, 0, 0
0000100, 25.9185, 8.68384, -0.166939, 2.97015, 0.5, 0.026, 4, 4, 5, 0, 0, 0, 0, 0
1100010, 26.4385, 9.67314, -0.0249938, 2.91004, 0.5, 0.026, 4, 4, 5, 0, 0, 0, 0, 0
1000000, 26.013, 11.503, 3.14164, 2.85637, 0.5, 0.026, 4, 4, 5, 0, 0, 0, 0, 0
1100111, 29.8397, 3.60743, 1.01808, 3.0545, 0.5, 0.026, 4, 4, 5, 0, 0, 0, 0, 0
1011101, 29.8784, 1.09125, 0.634706, 2.99573, 0.5, 0.026, 4, 4, 5, 0, 0, 0, 0, 0
1111000, 31.3379, 2.54329, -0.145729, 2.90202, 0.5, 0.026, 4, 4, 5, 0, 0, 0, 0, 0
1110001, 31.887, 3.40519, -0.154713, 2.94102, 0.5, 0.026, 4, 4, 5, 0, 0, 0, 0, 0
1011011, 31.7134, 0.499138, -9.00934e-06, 2.98266, 0.5, 0.026, 4, 4, 5, 0, 0, 0, 0, 0
1100100, 28.3271, 7.95477, 2.10303, 2.93883, 0.5, 0.026, 4, 4, 5, 0, 0, 0, 0, 0
0001000, 28.642, 6.19406, -0.184768, 2.90806, 0.5, 0.026, 4, 4, 5, 0, 0, 0, 0, 0
1101010, 28.8218, 4.07168, 0.831171, 2.73321, 0.5, 0.026, 4, 4, 5, 0, 0, 0, 0, 0
1100101, 29.9553, 7.15766, 2.20274, 2.80586, 0.5, 0.026, 4, 4, 5, 0, 0, 0, 0, 0
1010001, 31.1407, 7.0552, 2.1558, 2.97513, 0.5, 0.026, 4, 4, 5, 0, 0, 0, 0, 0
1100110, 31.3418, 5.33113, -0.114586, 2.97414, 0.5, 0.026, 4, 4, 5, 0, 0, 0, 0, 0
1100001, 28.8909, 10.5602, 0.00106176, 2.82977, 0.5, 0.026, 4, 4, 5, 0, 0, 0, 0, 0
1010000, 29.1974, 9.12904, 2.62849, 2.93509, 0.5, 0.026, 4, 4, 5, 0, 0, 0, 0, 0
1000001, 28.9038, 11.5007, 3.14167, 2.98503, 0.5, 0.026, 4, 4, 5, 0, 0, 0, 0, 0
1100000, 31.7191, 10.5844, -0.00310893, 2.89179, 0.5, 0.026, 4, 4, 5, 0, 0, 0, 0, 0
1001100, 31.9992, 8.73752, 3.14951, 2.95209, 0.5, 0.026, 4, 4, 5, 0, 0, 0, 0, 0
1001000, 31.1428, 9.66094, 3.13119, 2.91409, 0.5, 0.026, 4, 4, 5, 0, 0, 0, 0, 0
1000010, 31.7734, 11.5022, 3.14158, 2.80063, 0.5, 0.026, 4, 4, 5, 0, 0, 0, 0, 0
1011100, 32.5976, 1.44705, 0.00395137, 2.974, 0.5, 0.026, 4, 4, 5, 0, 0, 0, 0, 0
1110000, 34.2314, 2.41865, 0.0230002, 2.95073, 0.5, 0.026, 4, 4, 5, 0, 0, 0, 0, 0
1101000, 34.7726, 3.39252, 0.0424875, 2.88823, 0.5, 0.026, 4, 4, 5, 0, 0, 0, 0, 0
1011010, 34.7619, 0.499168, 2.62347e-05, 3.13277, 0.5, 0.026, 4, 4, 5, 0, 0, 0, 0, 0
1010111, 35.595, 1.47769, 0.0195458, 3.08551, 0.5, 0.026, 4, 4, 5, 0, 0, 0, 0, 0
1010010, 32.3353, 6.89911, 2.11309, 3.07953, 0.5, 0.026, 4, 4, 5, 0, 0, 0, 0, 0
1101001, 32.2913, 4.2766, -0.148822, 2.90223, 0.5, 0.026, 4, 4, 5, 0, 0, 0, 0, 0
1010100, 33.4543, 6.85929, 2.0973, 3.13137, 0.5, 0.026, 4, 4, 5, 0, 0, 0, 0, 0
1010011, 34.2098, 4.76461, 2.73275, 2.94506, 0.5, 0.026, 4, 4, 5, 0, 0, 0, 0, 0
1010101, 35.8, 4.98386, 2.58453, 3.16278, 0.5, 0.026, 4, 4, 5, 0, 0, 0, 0, 0
1001110, 35.0481, 6.68222, 2.45478, 2.86268, 0.5, 0.026, 4, 4, 5, 0, 0, 0, 0, 0
1001001, 34.0124, 9.55301, 2.99455, 2.90668, 0.5, 0.026, 4, 4, 5, 0, 0, 0, 0, 0
1001101, 34.8032, 8.01281, 2.56198, 3.06103, 0.5, 0.026, 4, 4, 5, 0, 0, 0, 0, 0
1000100, 34.6147, 10.562, 3.14161, 2.93995, 0.5, 0.026, 4, 4, 5, 0, 0, 0, 0, 0
1000011, 34.607, 11.5008, 3.14153, 2.89835, 0.5, 0.026, 4, 4, 5, 0, 0, 0, 0, 0
1010110, 36.9378, 3.23856, 0.789428, 3.15655, 0.5, 0.026, 4, 4, 5, 0, 0, 0, 0, 0
1011001, 37.7015, 1.13868, 0.727787, 2.9203, 0.5, 0.026, 4, 4, 5, 0, 0, 0, 0, 0
1011000, 37.9744, 2.92307, 0.733967, 2.95425, 0.5, 0.026, 4, 4, 5, 0, 0, 0, 0, 0
1001011, 37.3082, 6.38058, 2.67152, 2.97722, 0.5, 0.026, 4, 4, 5, 0, 0, 0, 0, 0
1001111, 37.4643, 5.16893, 2.74355, 2.91192, 0.5, 0.026, 4, 4, 5, 0, 0, 0, 0, 0
1000111, 38.3613, 7.92229, 1.41734, 2.81516, 0.5, 0.026, 4, 4, 5, 0, 0, 0, 0, 0
1001010, 36.4405, 8.10696, 2.57025, 3.04464, 0.5, 0.026, 4, 4, 5, 0, 0, 0, 0, 0
1000110, 36.6862, 9.10033, 2.54068, 2.88179, 0.5, 0.026, 4, 4, 5, 0, 0, 0, 0, 0
1000101, 37.3735, 10.9437, 3.7379, 2.9813, 0.5, 0.026, 4, 4, 5, 0, 0, 0, 0, 0

0011111, 3.94676, 1.6834, 0.824786, 3.42101, 0.5, 0.026, 4, 4, 5, 0, 0, 0, 0, 0
0011110, 6.79187, 2.35314, 0.730215, 3.43339, 0.5, 0.026, 4, 4, 5, 0, 0, 0, 0, 0
0101111, 5.76572, 3.89181, 1.55088, 3.32942, 0.5, 0.026, 4, 4, 5, 0, 0, 0, 0, 0
0011011, 5.39871, 0.499963, -1.06495e-05, 3.41329, 0.5, 0.026, 4, 4, 5, 0, 0, 0, 0, 0
0101101, 7.98422, 4.10635, -0.17689, 3.50006, 0.5, 0.026, 4, 4, 5, 0, 0, 0, 0, 0
0101110, 7.94628, 5.61309, 0.24915, 3.49928, 0.5, 0.026, 4, 4, 5, 0, 0, 0, 0, 0
0111110, 7.27036, 6.42783, 0.224529, 3.37663, 0.5, 0.026, 4, 4, 5, 0, 0, 0, 0, 0
0111101, 6.97667, 7.41566, 0.266514, 3.43673, 0.5, 0.026, 4, 4, 5, 0, 0, 0, 0, 0
0111111, 4.85295, 4.79658, 1.49886, 3.46767, 0.5, 0.026, 4, 4, 5, 0, 0, 0, 0, 0
0111001, 6.29955, 9.3778, 1.53083, 3.29484, 0.5, 0.026, 4, 4, 5, 0, 0, 0, 0, 0
0111000, 6.43553, 11.5002, -1.35232e-05, 3.26957, 0.5, 0.026, 4, 4, 5, 0, 0, 0, 0, 0
0101100, 11.4508, 3.95635, 0.0902745, 3.56089, 0.5, 0.026, 4, 4, 5, 0, 0, 0, 0, 0
0011001, 11.1122, 1.41747, 0.0865778, 3.35262, 0.5, 0.026, 4, 4, 5, 0, 0, 0, 0, 0
0011100, 11.1114, 2.84827, -0.0427908, 3.37816, 0.5, 0.026, 4, 4, 5, 0, 0, 0, 0, 0
1111111, 10.318, 0.498918, 3.84035e-05, 3.57932, 0.5, 0.026, 4, 4, 5, 0, 0, 0, 0, 0
0011010, 8.48458, 1.30577, 0.726553, 3.42656, 0.5, 0.026, 4, 4, 5, 0, 0, 0, 0, 0
0011101, 8.01135, 2.15131, 0.726845, 3.42327, 0.5, 0.026, 4, 4, 5, 0, 0, 0, 0, 0
0111011, 11.0447, 6.71036, 2.27467, 3.38112, 0.5, 0.026, 4, 4, 5, 0, 0, 0, 0, 0
0110111, 10.1045, 4.80715, -0.0515048, 3.33152, 0.5, 0.026, 4, 4, 5, 0, 0, 0, 0, 0
0111100, 9.86019, 6.57829, -0.828363, 3.3076, 0.5, 0.026, 4, 4, 5, 0, 0, 0, 0, 0
0110010, 11.3824, 11.5008, 2.79106e-05, 3.2539, 0.5, 0.026, 4, 4, 5, 0, 0, 0, 0, 0
0101000, 10.5669, 9.88369, 2.38203, 3.33695, 0.5, 0.026, 4, 4, 5, 0, 0, 0, 0, 0
0110100, 9.80086, 9.32139, 2.38326, 3.32148, 0.5, 0.026, 4, 4, 5, 0, 0, 0, 0, 0
0110011, 8.25842, 10.8031, 0.636512, 3.34633, 0.5, 0.026, 4, 4, 5, 0, 0, 0, 0, 0
0111010, 8.40249, 8.70093, 2.78119, 3.3999, 0.5, 0.026, 4, 4, 5, 0, 0, 0, 0, 0
0011000, 14.9434, 1.41101, -0.0045433, 3.52087, 0.5, 0.026, 4, 4, 5, 0, 0, 0, 0, 0
1111110, 13.7774, 0.497903, -8.08364e-06, 3.42095, 0.5, 0.026, 4, 4, 5, 0, 0, 0, 0, 0
0001111, 14.044, 2.64151, 0.454164, 3.29586, 0.5, 0.026, 4, 4, 5, 0, 0, 0, 0, 0
0101011, 14.2164, 3.73022, 0.44692, 3.32021, 0.5, 0.026, 4, 4, 5, 0, 0, 0, 0, 0
0001100, 15.6309, 7.06155, 2.41198, 3.20407, 0.5, 0.026, 4, 4, 5, 0, 0, 0, 0, 0
0101010, 14.654, 4.95405, 0.445935, 3.32231, 0.5, 0.026, 4, 4, 5, 0, 0, 0, 0, 0
0100111, 14.3306, 7.17382, 2.27755, 3.47585, 0.5, 0.026, 4, 4, 5, 0, 0, 0, 0, 0
0101001, 12.8599, 7.44244, 2.28623, 3.45862, 0.5, 0.026, 4, 4, 5, 0, 0, 0, 0, 0
0110110, 13.2546, 5.32782, 0.380644, 3.20384, 0.5, 0.026, 4, 4, 5, 0, 0, 0, 0, 0
0110101, 12.0246, 6.98287, 2.31045, 3.2107, 0.5, 0.026, 4, 4, 5, 0, 0, 0, 0, 0
0000111, 15.4983, 8.7401, 0.00706929, 3.43259, 0.5, 0.026, 4, 4, 5, 0, 0, 0, 0, 0
0100011, 14.6553, 9.67976, 0.0226368, 3.39573, 0.5, 0.026, 4, 4, 5, 0, 0, 0, 0, 0
0110001, 14.5819, 11.5016, -0.000131653, 3.20549, 0.5, 0.026, 4, 4, 5, 0, 0, 0, 0, 0
0100101, 14.1411, 10.5701, -0.0110319, 3.25753, 0.5, 0.026, 4, 4, 5, 0, 0, 0, 0, 0
0100110, 12.1211, 9.70237, 2.32852, 3.33425, 0.5, 0.026, 4, 4, 5, 0, 0, 0, 0, 0
1110111, 19.7002, 2.02152, 0.563895, 3.30781, 0.5, 0.026, 4, 4, 5, 0, 0, 0, 0, 0
1101111, 18.1441, 2.11991, 0.60043, 3.3723, 0.5, 0.026, 4, 4, 5, 0, 0, 0, 0, 0
0010111, 16.6203, 2.6479, 0.296512, 3.39517, 0.5, 0.026, 4, 4, 5, 0, 0, 0, 0, 0
1111101, 17.1506, 0.49408, -2.52811e-05, 3.42066, 0.5, 0.026, 4, 4, 5, 0, 0, 0, 0, 0
0010110, 19.5379, 4.14659, 0.431629, 3.37728, 0.5, 0.026, 4, 4, 5, 0, 0, 0, 0, 0
0001101, 16.3326, 4.39152, 1.23534, 3.09761, 0.5, 0.026, 4, 4, 5, 0, 0, 0, 0, 0
0001110, 18.3567, 4.65032, 0.35092, 3.18955, 0.5, 0.026, 4, 4, 5, 0, 0, 0, 0, 0
0001011, 17.4437, 7.81817, 0.00373159, 3.42854, 0.5, 0.026, 4, 4, 5, 0, 0, 0, 0, 0
0010011, 18.4517, 6.89194, -0.00819287, 3.40254, 0.5, 0.026, 4, 4, 5, 0, 0, 0, 0, 0
0010101, 18.6175, 5.99012, 0.00230146, 3.54077, 0.5, 0.026, 4, 4, 5, 0, 0, 0, 0, 0
0000110, 18.8243, 8.78979, 0.0689508, 3.27109, 0.5, 0.026, 4, 4, 5, 0, 0, 0, 0, 0
0110000, 17.8062, 11.5067, -9.42702e-05, 3.32043, 0.5, 0.026, 4, 4, 5, 0, 0, 0, 0, 0
0100100, 17.3796, 10.6036, 0.0136053, 3.25477, 0.5, 0.026, 4, 4, 5, 0, 0, 0, 0, 0
0100010, 17.9663, 9.70929, 0.0334434, 3.32863, 0.5, 0.026, 4, 4, 5, 0, 0, 0, 0, 0
1110101, 23.53, 2.961, 0.465374, 3.11588, 0.5, 0.026, 4, 4, 5, 0, 0, 0, 0, 0
1111011, 21.562, 1.43844, 0.0755506, 3.38396, 0.5, 0.026, 4, 4, 5, 0, 0, 0, 0, 0
1110110, 22.6613, 3.45184, 0.534696, 3.36536, 0.5, 0.026, 4, 4, 5, 0, 0, 0, 0, 0
1101110, 20.9237, 3.74983, 0.35254, 3.23251, 0.5, 0.026, 4, 4, 5, 0, 0, 0, 0, 0
1111100, 20.5875, 0.4984, -3.76642e-05, 3.55086, 0.5, 0.026, 4, 4, 5, 0, 0, 0, 0, 0
0001010, 22.528, 6.86494, -0.31598, 3.26844, 0.5, 0.026, 4, 4, 5, 0, 0, 0, 0, 0
0010100, 21.8745, 5.17583, -0.355727, 3.48024, 0.5, 0.026, 4, 4, 5, 0, 0, 0, 0, 0
0010010, 21.7503, 6.1947, -0.361204, 3.4545, 0.5, 0.026, 4, 4, 5, 0, 0, 0, 0, 0
1100011, 23.7339, 9.22409, 0.531558, 3.15496, 0.5, 0.026, 4, 4, 5, 0, 0, 0, 0, 0
0000011, 20.7761, 8.04602, 0.176848, 3.35047, 0.5, 0.026, 4, 4, 5, 0, 0, 0, 0, 0
0100001, 20.3061, 9.89001, 2.36237, 3.35506, 0.5, 0.026, 4, 4, 5, 0, 0, 0, 0, 0
0000000, 23.0684, 11.5025, 3.14157, 3.34705, 0.5, 0.026, 4, 4, 5, 0, 0, 0, 0, 0
0000010, 23.1164, 9.90333, 0.561014, 3.50996, 0.5, 0.026, 4, 4, 5, 0, 0, 0, 0, 0
0100000, 20.9912, 10.9155, 2.62256, 3.36301, 0.5, 0.026, 4, 4, 5, 0, 0, 0, 0, 0
1101101, 25.4111, 3.96651, 2.51233, 3.38273, 0.5, 0.026, 4, 4, 5, 0, 0, 0, 0, 0
1011111, 24.0678, 0.497372, 2.89658e-05, 3.51436, 0.5, 0.026, 4, 4, 5, 0, 0, 0, 0, 0
1111010, 24.9723, 1.41399, 0.00312769, 3.55351, 0.5, 0.026, 4, 4, 5, 0, 0, 0, 0, 0
1110100, 25.2162, 2.28425, 0.040959, 3.25415, 0.5, 0.026, 4, 4, 5, 0, 0, 0, 0, 0
1011110, 27.5309, 0.494646, -2.13802e-06, 3.51611, 0.5, 0.026, 4, 4, 5, 0, 0, 0, 0, 0
0000101, 24.0079, 7.82734, 0.0617288, 3.50488, 0.5, 0.026, 4, 4, 5, 0, 0, 0, 0, 0
1101100, 24.6114, 6.16465, 0.776855, 3.38591, 0.5, 0.026, 4, 4, 5, 0, 0, 0, 0, 0
1110011, 26.1498, 4.59414, -0.640792, 3.50183, 0.5, 0.026, 4, 4, 5, 0, 0, 0, 0, 0
1101011, 26.7131, 5.33651, -0.639635, 3.19069, 0.5, 0.026, 4, 4, 5, 0, 0, 0, 0, 0
0001001, 27.2826, 7.57167, -0.237567, 3.20717, 0.5, 0.026, 4, 4, 5, 0, 0, 0, 0, 0
0010001, 27.3911, 6.01031, -0.662297, 3.58085, 0.5, 0.026, 4, 4, 5, 0, 0, 0, 0, 0
0000001, 26.341, 10.6171, 3.14156, 3.4302, 0.5, 0.026, 4, 4, 5, 0, 0, 0, 0, 0
0000100, 26.1753, 8.79328, -0.0413633, 3.38249, 0.5, 0.026, 4, 4, 5, 0, 0, 0, 0, 0
1100010, 26.7667, 9.70833, -0.0238179, 3.31404, 0.5, 0.026, 4, 4, 5, 0, 0, 0, 0, 0
1000000, 26.341, 11.5052, 3.14152, 3.25291, 0.5, 0.026, 4, 4, 5, 0, 0, 0, 0, 0
1110010, 28.4712, 2.37985, 0.0458089, 3.36867, 0.5, 0.026, 4, 4, 5, 0, 0, 0, 0, 0
1111001, 28.4031, 1.44887, 0.0441832, 3.40268, 0.5, 0.026, 4, 4, 5, 0, 0, 0, 0, 0
1100111, 30.9093, 3.08122, 1.21152, 3.47855, 0.5, 0.026, 4, 4, 5, 0, 0, 0, 0, 0
1011101, 30.8194, 1.03099, 0.456936, 3.41162, 0.5, 0.026, 4, 4, 5, 0, 0, 0, 0, 0
0010000, 28.7663, 4.22079, 0.840456, 3.48782, 0.5, 0.026, 4, 4, 5, 0, 0, 0, 0, 0
1100100, 29.0871, 7.91269, 2.26131, 3.34682, 0.5, 0.026, 4, 4, 5, 0, 0, 0, 0, 0
0001000, 29.6017, 6.10823, -0.222443, 3.31178, 0.5, 0.026, 4, 4, 5, 0, 0, 0, 0, 0
1101010, 29.7662, 4.05974, 0.722513, 3.11266, 0.5, 0.026, 4, 4, 5, 0, 0, 0, 0, 0
1100101, 31.0346, 7.01501, 2.26727, 3.19539, 0.5, 0.026, 4, 4, 5, 0, 0, 0, 0, 0
1100001, 29.6112, 10.5723, 0.00208165, 3.22262, 0.5, 0.026, 4, 4, 5, 0, 0, 0, 0, 0
1010000, 29.9375, 9.11282, 2.69792, 3.34257, 0.5, 0.026, 4, 4, 5, 0, 0, 0, 0, 0
1000001, 29.6346, 11.5013, 3.1417, 3.39943, 0.5, 0.026, 4, 4, 5, 0, 0, 0, 0, 0
1111000, 32.8753, 2.4436, -0.0701434, 3.3049, 0.5, 0.026, 4, 4, 5, 0, 0, 0, 0, 0
1011011, 33.0729, 0.497405, 0.000150825, 3.39674, 0.5, 0.026, 4, 4, 5, 0, 0, 0, 0, 0
1110001, 33.2247, 3.32099, -0.0763199, 3.34932, 0.5, 0.026, 4, 4, 5, 0, 0, 0, 0, 0
1011100, 34.0347, 1.44416, 0.00433312, 3.38688, 0.5, 0.026, 4, 4, 5, 0, 0, 0, 0, 0
1010001, 32.3615, 6.95658, 2.30893, 3.38817, 0.5, 0.026, 4, 4, 5, 0, 0, 0, 0, 0
1100110, 32.6359, 5.15651, -0.0389811, 3.38704, 0.5, 0.026, 4, 4, 5, 0, 0, 0, 0, 0
1010010, 33.6531, 6.81861, 2.25723, 3.50706, 0.5, 0.026, 4, 4, 5, 0, 0, 0, 0, 0
1101001, 33.4631, 4.20128, -0.0726795, 3.30514, 0.5, 0.026, 4, 4, 5, 0, 0, 0, 0, 0
1010100, 34.8586, 6.78587, 2.23764, 3.56609, 0.5, 0.026, 4, 4, 5, 0, 0, 0, 0, 0
1001000, 32.159, 9.65042, 3.12992, 3.31865, 0.5, 0.026, 4, 4, 5, 0, 0, 0, 0, 0
1100000, 32.8251, 10.5837, -0.00404736, 3.29326, 0.5, 0.026, 4, 4, 5, 0, 0, 0, 0, 0
1000010, 32.9031, 11.5021, 3.14159, 3.18944, 0.5, 0.026, 4, 4, 5, 0, 0, 0, 0, 0
1001100, 33.1457, 8.7282, 3.14958, 3.36193, 0.5, 0.026, 4, 4, 5, 0, 0, 0, 0, 0
1001001, 35.4402, 9.63452, 3.11026, 3.31021, 0.5, 0.026, 4, 4, 5, 0, 0, 0, 0, 0
1110000, 36.1726, 2.38952, -0.0696732, 3.36037, 0.5, 0.026, 4, 4, 5, 0, 0, 0, 0, 0
1011010, 36.5333, 0.497904, 6.45848e-05, 3.56769, 0.5, 0.026, 4, 4, 5, 0, 0, 0, 0, 0
1101000, 36.5043, 3.32434, -0.0610743, 3.2892, 0.5, 0.026, 4, 4, 5, 0, 0, 0, 0, 0
1010111, 37.4408, 1.45755, 0.0205588, 3.51387, 0.5, 0.026, 4, 4, 5, 0, 0, 0, 0, 0
1010110, 39.2351, 3.37113, 0.777957, 3.59477, 0.5, 0.026, 4, 4, 5, 0, 0, 0, 0, 0
1011001, 39.9105, 1.31958, 0.782211, 3.32572, 0.5, 0.026, 4, 4, 5, 0, 0, 0, 0, 0
1010011, 36.0312, 4.63063, 2.81003, 3.35392, 0.5, 0.026, 4, 4, 5, 0, 0, 0, 0, 0
1001110, 36.4029, 6.97426, 2.57334, 3.26011, 0.5, 0.026, 4, 4, 5, 0, 0, 0, 0, 0
1010101, 37.7335, 5.02446, 2.61449, 3.60186, 0.5, 0.026, 4, 4, 5, 0, 0, 0, 0, 0
1001011, 39.3949, 6.53399, 2.86578, 3.39055, 0.5, 0.026, 4, 4, 5, 0, 0, 0, 0, 0
1001111, 39.3204, 5.54795, 2.85923, 3.31617, 0.5, 0.026, 4, 4, 5, 0, 0, 0, 0, 0
1000100, 36.1164, 10.5792, 3.14115, 3.34811, 0.5, 0.026, 4, 4, 5, 0, 0, 0, 0, 0
1000011, 36.1297, 11.5018, 3.14148, 3.30073, 0.5, 0.026, 4, 4, 5, 0, 0, 0, 0, 0
1001101, 36.3871, 8.0637, 2.63216, 3.48613, 0.5, 0.026, 4, 4, 5, 0, 0, 0, 0, 0
1001010, 38.1944, 8.17789, 2.64408, 3.46732, 0.5, 0.026, 4, 4, 5, 0, 0, 0, 0, 0
1000110, 38.5646, 9.08361, 2.63514, 3.28186, 0.5, 0.026, 4, 4, 5, 0, 0, 0, 0, 0
1000101, 39.3122, 10.9422, 3.62614, 3.39519, 0.5, 0.026, 4, 4, 5, 0, 0, 0, 0, 0
1011000, 40.2197, 3.01271, 0.731243, 3.36439, 0.5, 0.026, 4, 4, 5, 0, 0, 0, 0, 0
1000111, 40.53, 8.38181, 1.38898, 3.20599, 0.5, 0.026, 4, 4, 5, 0, 0, 0, 0, 0

