1, 23.5, 5.75, 1.5708, 2, 0.5, 0.013, 4, 3.98567, 5, 0, 0, 0, 0, 0
0, 22, 6, 0, 2, 0.5, 0.013, 4, 3.96944, 5, 0, 0, 0, 0, 0

1, 23.5295, 5.75, 1.5708, 2.13432, 0.5, 0.013, 4, 3.98567, 5, 0.00640848, -3.20482e-09, -1.20677e-07, 0.000982715, -1.27714e-09
0, 21.9705, 6, 4.134e-13, 2.13432, 0.5, 0.013, 4, 3.96944, 5, -0.00640848, 3.20482e-09, 1.69197e-13, -0.000982715, 1.27714e-09

1, 23.5653, 5.75, 1.5708, 2.27766, 0.5, 0.013, 4, 3.98567, 5, 0.00737928, -7.71177e-09, -1.07632e-07, 0.000205269, -9.9507e-10
0, 21.9347, 6, 1.61893e-12, 2.27766, 0.5, 0.013, 4, 3.96944, 5, -0.00737928, 7.71177e-09, 3.22841e-13, -0.000205269, 9.9507e-10

1, 23.6034, 5.75, 1.57079, 2.43062, 0.5, 0.013, 4, 3.98567, 5, 0.00787112, -1.22107e-08, -9.92824e-08, 0.000110479, -9.4484e-10
0, 21.8966, 6, 3.60442e-12, 2.43062, 0.5, 0.013, 4, 3.96944, 5, -0.00787112, 1.22107e-08, 4.78814e-13, -0.000110479, 9.4484e-10

1, 23.644, 5.75, 1.57079, 2.59386, 0.5, 0.013, 4, 3.98567, 5, 0.0083928, -1.70137e-08, -9.29885e-08, 0.000109507, -9.96445e-10
0, 21.856, 6, 6.40128e-12, 2.59386, 0.5, 0.013, 4, 3.96944, 5, -0.0083928, 1.70137e-08, 6.41842e-13, -0.000109507, 9.96445e-10

1, 23.6874, 5.75, 1.57079, 2.76806, 0.5, 0.013, 4, 3.98567, 5, 0.00895543, -2.21604e-08, -8.7273e-08, 0.000116539, -1.06508e-09
0, 21.8126, 6, 1.00229e-11, 2.76806, 0.5, 0.013, 4, 3.96944, 5, -0.00895543, 2.21604e-08, 8.0723e-13, -0.000116539, 1.06508e-09

1, 23.7336, 5.75, 1.57079, 2.95396, 0.5, 0.013, 4, 3.98567, 5, 0.00955731, -2.76685e-08, -8.19299e-08, 0.00012442, -1.13928e-09
0, 21.7664, 6, 1.44732e-11, 2.95396, 0.5, 0.013, 4, 3.96944, 5, -0.00955731, 2.76685e-08, 9.72877e-13, -0.00012442, 1.13928e-09

1, 23.783, 5.75, 1.57079, 3.15235, 0.5, 0.013, 4, 3.98567, 5, 0.0102, -3.356e-08, -7.69188e-08, 0.000132793, -1.21837e-09
0, 21.717, 6, 1.97498e-11, 3.15235, 0.5, 0.013, 4, 3.96944, 5, -0.0102, 3.356e-08, 1.13756e-12, -0.000132793, 1.21837e-09

1, 23.8357, 5.75, 1.57079, 3.36406, 0.5, 0.013, 4, 3.98567, 5, 0.0108859, -3.98601e-08, -7.22177e-08, 0.000141713, -1.30272e-09
0, 21.6643, 6, 2.58455e-11, 3.36406, 0.5, 0.013, 4, 3.96944, 5, -0.0108859, 3.98601e-08, 1.30035e-12, -0.000141713, 1.30272e-09

1, 23.892, 5.75, 1.57079, 3.58998, 0.5, 0.013, 4, 3.98567, 5, 0.011618, -4.6596e-08, -6.78075e-08, 0.000151231, -1.39272e-09
0, 21.608, 6, 3.27489e-11, 3.58998, 0.5, 0.013, 4, 3.96944, 5, -0.011618, 4.6596e-08, 1.46054e-12, -0.000151231, 1.39272e-09

1, 23.952, 5.75, 1.57079, 3.83108, 0.5, 0.013, 4, 3.98567, 5, 0.0123992, -5.37971e-08, -6.36706e-08, 0.000161391, -1.48877e-09
0, 21.548, 6, 4.04456e-11, 3.83108, 0.5, 0.013, 4, 3.96944, 5, -0.0123992, 5.37971e-08, 1.61756e-12, -0.000161391, 1.48877e-09

10, 23.9488, 6.83994, 1.5708, 2.07918, 0.5, 0.013, 4, 3.98567, 5, -0.0206277, 0.0303982, 4.11634e-06, 0.0245697, 0.00852479
01, 20.4887, 6.00127, 0.0350433, 2.01128, 0.5, 0.013, 4, 3.95207, 5, -0.0446858, 0.000679776, 5.64845e-08, 0.00894016, 7.06492e-05
00, 22.5151, 5.98643, -1.22139e-06, 2.07709, 0.5, 0.013, 4, 3.96944, 5, -0.0445204, -0.0224255, -1.41636e-06, -0.0422138, -0.0166549
11, 24.1257, 4.80783, 1.58083, 2.00919, 0.5, 0.013, 4, 3.9241, 5, 0.0827929, -0.00875425, 0, 0.00647578, 0.00869771

10, 23.7672, 6.99214, 1.57081, 2.21882, 0.5, 0.013, 4, 3.98567, 5, -0.0479584, 0.0349015, 1.93661e-06, -0.00455772, 0.00220324
01, 20.2289, 6.01707, 0.0350443, 2.14636, 0.5, 0.013, 4, 3.95207, 5, -0.0449378, 0.00523924, 2.4218e-07, 0.0049368, 0.000439689
00, 22.3684, 5.82809, -6.19896e-06, 2.21659, 0.5, 0.013, 4, 3.96944, 5, -0.0264578, -0.0399972, -1.15152e-06, -0.00040089, -0.00274869
11, 24.5656, 4.79889, 1.58083, 2.14413, 0.5, 0.013, 4, 3.9241, 5, 0.0892543, -7.5844e-05, 0, 5.40989e-05, 7.2661e-05

10, 23.4389, 7.16361, 1.57081, 2.36783, 0.5, 0.013, 4, 3.98567, 5, -0.082714, 0.0311238, 5.64681e-07, -0.00629453, -0.00239358
01, 20.0559, 6.04494, 0.0350454, 2.29051, 0.5, 0.013, 4, 3.95207, 5, -0.024609, 0.00462386, 1.39822e-07, 0.00335754, -0.000769576
00, 22.2726, 5.62888, -1.12068e-05, 2.36545, 0.5, 0.013, 4, 3.96944, 5, -0.0121321, -0.0357866, -8.63691e-07, 0.00291054, 0.00314576
11, 25.0121, 4.79883, 1.58083, 2.28813, 0.5, 0.013, 4, 3.9241, 5, 0.0893152, 5.93153e-06, 0, 7.82947e-07, 1.05159e-06

01, 19.9596, 6.06069, 0.0350459, 2.44433, 0.5, 0.013, 4, 3.95207, 5, -0.0174195, 0.00296075, 1.46003e-07, -0.000662243, 0.000676501
10, 22.9605, 7.26969, 1.57081, 2.52685, 0.5, 0.013, 4, 3.98567, 5, -0.104749, 0.00794327, 1.29533e-10, -0.00164449, -0.00519149
00, 22.2494, 5.50687, -1.32985e-05, 2.52431, 0.5, 0.013, 4, 3.96944, 5, 0.0024532, -0.0108953, 1.32814e-07, 0.00224117, 0.00454706
11, 25.4587, 4.79887, 1.58083, 2.4418, 0.5, 0.013, 4, 3.9241, 5, 0.0893161, 7.25377e-06, 0, 1.79922e-08, 2.41655e-08

01, 19.8693, 6.07968, 0.0350466, 2.60849, 0.5, 0.013, 4, 3.95207, 5, -0.0165934, 0.00296184, 9.4263e-08, 0.000417548, -0.000216147
10, 22.428, 7.29909, 1.57081, 2.69655, 0.5, 0.013, 4, 3.98567, 5, -0.107148, 0.00764624, 4.76637e-10, -6.72476e-05, -0.000483959
00, 22.2734, 5.45851, -1.30934e-05, 2.69384, 0.5, 0.013, 4, 3.96944, 5, 0.00402973, -0.0106502, 4.62394e-08, -0.000362091, 0.00070903
11, 25.9053, 4.7989, 1.58083, 2.60579, 0.5, 0.013, 4, 3.9241, 5, 0.0893162, 7.28743e-06, 0, 6.12927e-10, 8.23231e-10

01, 19.785, 6.09746, 0.0350472, 2.78368, 0.5, 0.013, 4, 3.95207, 5, -0.0165571, 0.00361003, 1.13609e-07, 0.000337374, -0.000192309
10, 21.8919, 7.3351, 1.57081, 2.87765, 0.5, 0.013, 4, 3.98567, 5, -0.107255, 0.00738662, 4.85346e-10, -3.62666e-06, 0.000228643
00, 22.2951, 5.40468, -1.2287e-05, 2.87476, 0.5, 0.013, 4, 3.96944, 5, 0.00406333, -0.011012, 2.21646e-07, -0.000327258, -4.34136e-05
11, 26.3518, 4.79894, 1.58083, 2.78079, 0.5, 0.013, 4, 3.9241, 5, 0.0893162, 7.28869e-06, 0, 2.92938e-11, 3.93449e-11

01, 19.5529, 6.07302, 0.0350456, 2.97063, 0.5, 0.013, 4, 3.95207, 5, -0.0768281, -0.0149226, 0, 0.0321775, 0.00748105
10, 21.5049, 7.40681, 1.57082, 3.07091, 0.5, 0.013, 4, 3.98567, 5, -0.0450328, 0.0190406, 0, -0.0297446, -0.0092035
00, 22.3108, 5.35605, -1.14553e-05, 3.06782, 0.5, 0.013, 4, 3.96944, 5, 0.00146548, -0.00436651, 0, -0.000538081, 0.00221321
11, 26.7984, 4.79898, 1.58083, 2.96754, 0.5, 0.013, 4, 3.9241, 5, 0.0893162, 7.28875e-06, 0, 1.87801e-12, 2.52238e-12

01, 19.2219, 6.00068, 0.0350436, 3.17013, 0.5, 0.013, 4, 3.95207, 5, -0.0619062, -0.0147839, -3.21414e-07, 0.00665228, 0.00147202
10, 21.233, 7.48627, 1.57083, 3.27715, 0.5, 0.013, 4, 3.98567, 5, -0.0579596, 0.0150307, 1.05836e-06, -0.00641705, -0.0015319
00, 22.3146, 5.3484, -1.1455e-05, 3.27386, 0.5, 0.013, 4, 3.96944, 5, 0.000454414, -0.000212376, 5.90135e-09, -5.1168e-05, 0.000120255
11, 27.245, 4.79901, 1.58083, 3.16684, 0.5, 0.013, 4, 3.9241, 5, 0.0893162, 7.28876e-06, 0, 1.55633e-13, 2.09033e-13

01, 18.8892, 5.90857, 0.0350407, 3.38303, 0.5, 0.013, 4, 3.95207, 5, -0.0645961, -0.0200314, -7.07283e-07, -0.00274896, -0.00232891
10, 20.9653, 7.58646, 1.57084, 3.49724, 0.5, 0.013, 4, 3.98567, 5, -0.0553748, 0.0210033, 1.72343e-06, 0.00259482, 0.00174049
00, 22.3166, 5.34001, -1.11127e-05, 3.49372, 0.5, 0.013, 4, 3.96944, 5, 0.000364684, -0.00102008, 0, -1.03335e-05, 0.000510075
11, 27.6916, 4.79905, 1.58083, 3.37952, 0.5, 0.013, 4, 3.9241, 5, 0.0893162, 7.28876e-06, 0, 1.6165e-14, 2.17115e-14

01, 18.5618, 5.79066, 0.0350371, 3.61023, 0.5, 0.013, 4, 3.95207, 5, -0.0635875, -0.0263976, -8.58169e-07, -0.000356023, -0.00197419
10, 20.6926, 7.70541, 1.57085, 3.73211, 0.5, 0.013, 4, 3.98567, 5, -0.0563931, 0.0262093, 1.46659e-06, 0.000317032, 0.00186613
00, 22.3184, 5.33851, -1.11127e-05, 3.72836, 0.5, 0.013, 4, 3.96944, 5, 0.000342438, 7.80264e-05, 0, -1.43897e-06, 7.10297e-05
11, 28.1382, 4.79909, 1.58083, 3.60649, 0.5, 0.013, 4, 3.9241, 5, 0.0893162, 7.28876e-06, 0, 2.0503e-15, 2.75379e-15

01, 18.2608, 5.64451, 0.0350327, 3.85269, 0.5, 0.013, 4, 3.95207, 5, -0.0559382, -0.0320923, -9.47408e-07, 0.00189115, -0.00123027
001, 21.2288, 5.33944, -0.0445194, 2.03931, 0.5, 0.013, 4, 3.97196, 5, 0.000201923, 0.000237141, -6.08644e-09, -0.00224129, -4.16037e-05
10, 20.3941, 7.85011, 1.57085, 3.98275, 0.5, 0.013, 4, 3.98567, 5, -0.0639277, 0.0317383, 1.02695e-06, -0.00187165, 0.00121581
000, 23.2136, 5.33941, -1.11128e-05, 1.93944, 0.5, 0.013, 4, 3.96944, 5, 0.000490313, 0.0002438, -2.08643e-09, 0.00246404, 6.74084e-05
11, 28.5848, 4.79912, 1.58083, 3.8487, 0.5, 0.013, 4, 3.9241, 5, 0.0893162, 7.28876e-06, 0, 3.10618e-16, 4.17195e-16

011, 17.0024, 5.4615, 0.0410415, 2.04374, 0.5, 0.013, 4, 3.95298, 5, -0.0540046, -0.0216574, 9.74486e-09, 0.00497822, 0.000624883
010, 19.0474, 5.5159, 0.0350299, 2.0677, 0.5, 0.013, 4, 3.95207, 5, -0.0320552, -0.0300284, -4.84062e-07, -0.00658798, -0.00403291
100, 19.9071, 8.96731, 1.57085, 2.09206, 0.5, 0.013, 4, 3.98567, 5, -0.109599, 0.0314116, -3.00331e-07, -0.00148112, -0.00221472
101, 20.169, 6.89644, 1.58967, 2.15817, 0.5, 0.013, 4, 4.02979, 5, -0.0507501, 0.0100168, 1.16624e-07, 0.00309786, 0.00496013
001, 21.1717, 5.32657, -0.0445192, 2.17627, 0.5, 0.013, 4, 3.97196, 5, -0.0140315, -0.000482831, -5.20848e-08, -0.00172935, 2.68406e-05
000, 23.2795, 5.34283, -1.12132e-05, 2.06969, 0.5, 0.013, 4, 3.96944, 5, 0.014883, 0.00084545, -2.57729e-08, 0.00171985, 0.000103018
111, 29.0432, 3.73748, 1.52405, 2.07534, 0.5, 0.013, 4, 4.09134, 5, 0.0897895, -0.0114142, -3.22425e-08, -4.49936e-05, 0.00150117
110, 29.0203, 5.77981, 1.58083, 2.03183, 0.5, 0.013, 4, 3.9241, 5, 0.0888454, 0.0113535, -1.19359e-08, 4.46157e-05, -0.00149751

101, 19.899, 6.97371, 1.58967, 2.30311, 0.5, 0.013, 4, 4.02979, 5, -0.0572322, 0.0178857, -2.82739e-07, -0.000518447, 0.0018908
011, 16.7104, 5.35668, 0.0410417, 2.181, 0.5, 0.013, 4, 3.95298, 5, -0.0649735, -0.0205919, 5.00969e-08, 7.36777e-05, 3.54365e-05
010, 18.8846, 5.39035, 0.0350298, 2.20656, 0.5, 0.013, 4, 3.95207, 5, -0.0353005, -0.019708, 1.3614e-07, -0.00215439, 0.000360455
100, 19.3539, 9.07235, 1.57085, 2.23256, 0.5, 0.013, 4, 3.98567, 5, -0.111204, 0.0136057, -2.93274e-07, 9.02283e-05, -0.00248856
001, 21.1277, 5.31882, -0.0445195, 2.32242, 0.5, 0.013, 4, 3.97196, 5, -0.00365761, -0.00297903, -7.56233e-08, 0.0033883, 5.63704e-05
000, 23.3727, 5.34847, -1.14089e-05, 2.20869, 0.5, 0.013, 4, 3.96944, 5, 0.0265927, 0.0017001, -5.46102e-08, -0.00102333, 4.85807e-05
111, 29.4929, 3.67035, 1.52405, 2.21472, 0.5, 0.013, 4, 4.09134, 5, 0.0900235, -0.0140925, -5.3157e-08, 5.70192e-05, -0.000600764
110, 29.4638, 5.84701, 1.58083, 2.16828, 0.5, 0.013, 4, 3.9241, 5, 0.0886075, 0.0141116, -2.27885e-08, -5.77763e-05, 0.000614063

101, 19.606, 7.0875, 1.58967, 2.45778, 0.5, 0.013, 4, 4.02979, 5, -0.0611212, 0.0280257, -9.93471e-08, -0.00141631, 0.00195094
011, 16.3895, 5.25392, 0.0410419, 2.32747, 0.5, 0.013, 4, 3.95298, 5, -0.0647134, -0.0204951, 5.40496e-08, -0.000541538, 3.89691e-05
010, 18.7107, 5.28951, 0.0350303, 2.35475, 0.5, 0.013, 4, 3.95207, 5, -0.0343401, -0.0210451, 5.47626e-08, -0.000326461, -0.000445252
100, 18.8028, 9.11322, 1.57085, 2.3825, 0.5, 0.013, 4, 3.98567, 5, -0.107788, 0.0027295, -1.01756e-07, 0.00142422, -0.00195473
001, 21.1087, 5.30686, -0.0445201, 2.4784, 0.5, 0.013, 4, 3.97196, 5, -0.00418806, -0.00181438, -1.83029e-07, 0.000120954, 0.000223602
000, 23.5028, 5.35835, -1.17492e-05, 2.35703, 0.5, 0.013, 4, 3.96944, 5, 0.0266163, 0.00234941, -8.40963e-08, 0.000736723, 0.000191281
111, 29.9435, 3.5973, 1.52405, 2.36346, 0.5, 0.013, 4, 4.09134, 5, 0.0902278, -0.0150851, -6.01714e-08, 4.44786e-05, -0.000173278
110, 29.9063, 5.92014, 1.58083, 2.3139, 0.5, 0.013, 4, 3.9241, 5, 0.0884029, 0.0151016, -2.93213e-08, -4.44908e-05, 0.000171877

101, 19.285, 7.24405, 1.58967, 2.62285, 0.5, 0.013, 4, 4.02979, 5, -0.0657862, 0.0328318, 0, -0.000175177, 0.000161194
011, 16.0605, 5.1522, 0.0410422, 2.48378, 0.5, 0.013, 4, 3.95298, 5, -0.0665806, -0.0201298, 7.2281e-08, -0.00027557, 0.000116182
010, 18.5377, 5.1778, 0.0350304, 2.51289, 0.5, 0.013, 4, 3.95207, 5, -0.0344207, -0.023805, -1.90913e-08, 0.000196355, -0.000655858
100, 18.2791, 9.11064, 1.57085, 2.54251, 0.5, 0.013, 4, 3.98567, 5, -0.103181, -0.00197231, 0, 0.000156525, -0.000141964
001, 21.0885, 5.30135, -0.0445213, 2.64484, 0.5, 0.013, 4, 3.97196, 5, -0.00426551, -0.000264599, -3.01591e-07, -0.000213674, 0.000377903
000, 23.6419, 5.37227, -1.22389e-05, 2.51532, 0.5, 0.013, 4, 3.96944, 5, 0.0286652, 0.0031921, -1.11169e-07, 0.000302072, 0.000159314
111, 30.3952, 3.5196, 1.52405, 2.52219, 0.5, 0.013, 4, 4.09134, 5, 0.0904861, -0.0160322, -7.05875e-08, 5.85609e-05, -0.000192465
110, 30.3477, 5.99791, 1.58083, 2.4693, 0.5, 0.013, 4, 3.9241, 5, 0.088144, 0.016048, -3.84883e-08, -5.86887e-05, 0.000192315

011, 15.7251, 5.05346, 0.0410427, 2.65059, 0.5, 0.013, 4, 3.95298, 5, -0.0673318, -0.0192731, 1.07141e-07, 3.70553e-05, 0.000227636
101, 18.9551, 7.40911, 1.58967, 2.79899, 0.5, 0.013, 4, 4.02979, 5, -0.0660567, 0.0330806, 0, -8.63909e-06, 7.9495e-06
010, 18.3679, 5.04959, 0.0350301, 2.68166, 0.5, 0.013, 4, 3.95207, 5, -0.033287, -0.0276191, -9.03297e-08, 0.000361647, -0.000822009
100, 17.7641, 9.10001, 1.57085, 2.71326, 0.5, 0.013, 4, 3.98567, 5, -0.10295, -0.00218212, 0, 6.61978e-06, -6.00397e-06
001, 21.0642, 5.30542, -0.0445231, 2.82247, 0.5, 0.013, 4, 3.97196, 5, -0.00568944, 0.00198398, -4.17985e-07, -0.000457513, 0.000488121
000, 23.7883, 5.39008, -1.2848e-05, 2.68425, 0.5, 0.013, 4, 3.96944, 5, 0.0297446, 0.00388765, -1.29895e-07, 7.06068e-05, 0.00010515
111, 30.8485, 3.43689, 1.52405, 2.69158, 0.5, 0.013, 4, 4.09134, 5, 0.0908251, -0.0170589, -8.34837e-08, 7.72373e-05, -0.000209526
110, 30.7876, 6.0807, 1.58083, 2.63514, 0.5, 0.013, 4, 3.9241, 5, 0.0878042, 0.0170753, -5.02413e-08, -7.74439e-05, 0.000209629

011, 15.3909, 4.96033, 0.0410433, 2.8286, 0.5, 0.013, 4, 3.95298, 5, -0.0659357, -0.017919, 1.51541e-07, 0.000523048, 0.000298412
101, 18.6248, 7.57456, 1.58967, 2.98697, 0.5, 0.013, 4, 4.02979, 5, -0.0660712, 0.033094, 0, -5.69193e-07, 5.23759e-07
010, 18.2075, 4.90165, 0.0350295, 2.86175, 0.5, 0.013, 4, 3.95207, 5, -0.0306245, -0.0313687, -1.10433e-07, 0.000694001, -0.000588552
100, 17.2494, 9.08907, 1.57085, 2.89548, 0.5, 0.013, 4, 3.98567, 5, -0.102939, -0.00219182, 0, 3.81574e-07, -3.46078e-07
001, 21.0281, 5.32106, -0.0445254, 3.01202, 0.5, 0.013, 4, 3.97196, 5, -0.00910193, 0.00411832, -4.60539e-07, -0.000888432, 0.00029697
000, 23.9364, 5.41043, -1.35053e-05, 2.86452, 0.5, 0.013, 4, 3.96944, 5, 0.0291705, 0.00416305, -1.29527e-07, -0.000313774, 1.07796e-06
111, 31.3036, 3.34894, 1.52405, 2.87234, 0.5, 0.013, 4, 4.09134, 5, 0.0912687, -0.0181272, -9.93648e-08, 0.000101304, -0.000216771
110, 31.2256, 6.16874, 1.58083, 2.81211, 0.5, 0.013, 4, 3.9241, 5, 0.0873593, 0.018144, -6.52019e-08, -0.000101593, 0.000216851

011, 15.0693, 4.87442, 0.0410442, 3.01857, 0.5, 0.013, 4, 3.95298, 5, -0.0625048, -0.0164705, 1.87961e-07, 0.000760069, 0.000270653
101, 18.2944, 7.74003, 1.58967, 3.18757, 0.5, 0.013, 4, 4.02979, 5, -0.0660722, 0.033095, 0, -4.83144e-08, 4.44579e-08
010, 18.064, 4.74007, 0.0350291, 3.05395, 0.5, 0.013, 4, 3.95207, 5, -0.0266181, -0.0326792, -2.89013e-08, 0.000861481, 9.65229e-05
100, 16.7347, 9.0781, 1.57085, 3.08994, 0.5, 0.013, 4, 3.98567, 5, -0.102938, -0.00219243, 0, 2.88089e-08, -2.6129e-08
001, 20.9704, 5.34322, -0.0445275, 3.21431, 0.5, 0.013, 4, 3.97196, 5, -0.0141294, 0.00424953, -3.74195e-07, -0.0010509, -0.000285025
000, 24.0769, 5.43088, -1.41179e-05, 3.0569, 0.5, 0.013, 4, 3.96944, 5, 0.0268137, 0.00396191, -1.14784e-07, -0.000566426, -6.40772e-05
111, 31.7614, 3.25558, 1.52405, 3.06524, 0.5, 0.013, 4, 4.09134, 5, 0.091851, -0.019218, -1.19119e-07, 0.000133149, -0.000218801
110, 31.661, 6.26218, 1.58083, 3.00097, 0.5, 0.013, 4, 3.9241, 5, 0.0867753, 0.0192351, -8.42972e-08, -0.000133554, 0.00021882

011, 14.7656, 4.79532, 0.0410452, 3.22129, 0.5, 0.013, 4, 3.95298, 5, -0.0592158, -0.0151771, 2.18864e-07, 0.000497108, 0.00026029
101, 17.9641, 7.90551, 1.58967, 3.40165, 0.5, 0.013, 4, 4.02979, 5, -0.0660723, 0.0330951, 0, -5.12558e-09, 4.71645e-09
010, 17.9415, 4.58055, 0.0350294, 3.25905, 0.5, 0.013, 4, 3.95207, 5, -0.0224699, -0.0306722, 1.42823e-07, 0.000758644, 0.000639322
100, 16.22, 9.06714, 1.57085, 3.29745, 0.5, 0.013, 4, 3.98567, 5, -0.102938, -0.00219248, 0, 2.75641e-09, -2.49999e-09
001, 20.8872, 5.35827, -0.044529, 3.43018, 0.5, 0.013, 4, 3.97196, 5, -0.0189486, 0.00128078, -2.07626e-07, -0.000826475, -0.000868548
000, 24.2042, 5.44999, -1.4665e-05, 3.2622, 0.5, 0.013, 4, 3.96944, 5, 0.0241794, 0.00372443, -1.06734e-07, -0.000439297, -1.32846e-05
111, 32.2225, 3.15677, 1.52405, 3.2711, 0.5, 0.013, 4, 4.09134, 5, 0.092617, -0.0203011, -1.43798e-07, 0.00017515, -0.000212874
110, 32.093, 6.36108, 1.58083, 3.20251, 0.5, 0.013, 4, 3.9241, 5, 0.0860069, 0.0203179, -1.08661e-07, -0.000175717, 0.000212811

011, 14.4739, 4.72297, 0.0410464, 3.43763, 0.5, 0.013, 4, 3.95298, 5, -0.0578099, -0.0136801, 2.63107e-07, 8.91313e-05, 0.000353036
100, 15.7053, 9.05618, 1.57085, 3.51891, 0.5, 0.013, 4, 3.98567, 5, -0.102938, -0.00219248, 0, 3.25076e-10, -2.94835e-10
010, 17.8369, 4.43442, 0.0350305, 3.47792, 0.5, 0.013, 4, 3.95207, 5, -0.0199151, -0.0284761, 2.57948e-07, 0.000198405, -4.89809e-05
101, 17.6337, 8.07099, 1.58967, 3.6301, 0.5, 0.013, 4, 4.02979, 5, -0.0660723, 0.0330951, 0, -6.6243e-10, 6.09554e-10
001, 20.7843, 5.35366, -0.0445298, 3.66054, 0.5, 0.013, 4, 3.97196, 5, -0.0217928, -0.00268982, -1.49588e-07, -0.000390292, -0.000476936
000, 24.321, 5.46898, -1.52254e-05, 3.48128, 0.5, 0.013, 4, 3.96944, 5, 0.0229792, 0.00401278, -1.23839e-07, 8.87611e-05, 0.00015748
111, 32.6879, 3.05268, 1.52405, 3.49079, 0.5, 0.013, 4, 4.09134, 5, 0.0936227, -0.0213195, -1.74523e-07, 0.000229378, -0.000191647
110, 32.5207, 6.46526, 1.58083, 3.41759, 0.5, 0.013, 4, 3.9241, 5, 0.0849979, 0.0213354, -1.39556e-07, -0.000230141, 0.000191338

011, 14.1862, 4.65904, 0.0410478, 3.6685, 0.5, 0.013, 4, 3.95298, 5, -0.0571914, -0.0118818, 3.06671e-07, 0.000175214, 0.000370889
100, 15.1906, 9.04522, 1.57085, 3.75523, 0.5, 0.013, 4, 3.98567, 5, -0.102938, -0.00219248, 0, 4.61579e-11, -4.1864e-11
010, 17.738, 4.28971, 0.0350319, 3.71149, 0.5, 0.013, 4, 3.95207, 5, -0.0199155, -0.0296224, 3.01379e-07, -0.000134976, -0.000328908
101, 17.3033, 8.23646, 1.58967, 3.8739, 0.5, 0.013, 4, 4.02979, 5, -0.0660723, 0.0330951, 0, -1.02052e-10, 9.39059e-11
001, 20.6714, 5.33543, -0.0445306, 3.90638, 0.5, 0.013, 4, 3.97196, 5, -0.023187, -0.0044646, -1.82923e-07, -0.000221326, -0.000312567
000, 24.4376, 5.49151, -1.59271e-05, 3.71508, 0.5, 0.013, 4, 3.96944, 5, 0.0237042, 0.00507967, -1.58518e-07, 0.000176401, 0.000265617
111, 33.1592, 2.94385, 1.52404, 3.72523, 0.5, 0.013, 4, 4.09134, 5, 0.0949325, -0.0221731, -2.12245e-07, 0.00029662, -0.000144267
110, 32.9425, 6.57416, 1.58083, 3.64711, 0.5, 0.013, 4, 3.9241, 5, 0.0836838, 0.0221865, -1.78152e-07, -0.000297613, 0.000143546

1001, 14.676, 7.99733, 1.59712, 2.02406, 0.5, 0.013, 4, 4.00489, 5, -0.102959, -0.00375388, 1.54506e-08, -0.000120025, -0.0088525
011, 13.9025, 4.60476, 0.04105, 3.91487, 0.5, 0.013, 4, 3.95298, 5, -0.064576, -0.00350306, 3.51358e-06, -0.0462151, 0.0353678
1000, 14.6759, 9.99055, 1.57085, 1.98337, 0.5, 0.013, 4, 3.98567, 5, -0.102916, -0.000573789, 5.27044e-09, 0.000124193, 0.00915951
0101, 16.6033, 4.09933, -0.0184557, 2.00438, 0.5, 0.013, 4, 4.08728, 5, 0.00522991, -0.0512178, 4.25997e-06, 0.12862, -0.100331
1011, 16.9914, 7.39575, 1.6503, 2.0573, 0.5, 0.013, 4, 3.91952, 5, -0.066332, 0.0142724, 6.33511e-08, -1.24633e-05, 0.000376708
0011, 19.5155, 5.35673, -0.0354624, 2.09432, 0.5, 0.013, 4, 4.05669, 5, -0.0405166, -0.00446481, 7.91033e-09, -0.0100818, 0.000440228
0100, 18.5756, 4.17046, 0.0350334, 1.95638, 0.5, 0.013, 4, 3.95207, 5, -0.0236294, -0.0294235, -4.70368e-09, -0.0099739, 0.0101164
1010, 16.9538, 9.44614, 1.58967, 2.07676, 0.5, 0.013, 4, 4.02979, 5, -0.0658147, 0.0517715, 2.26428e-08, 1.42578e-05, -0.00022949
0010, 21.5786, 5.27102, -0.0445317, 2.07441, 0.5, 0.013, 4, 3.97196, 5, -0.0134791, -0.00840655, -3.62227e-07, 0.0109736, -0.000553196
000, 24.539, 5.51556, -1.66887e-05, 3.96458, 0.5, 0.013, 4, 3.96944, 5, 0.0247107, 0.00658991, -2.36047e-07, 0.00190542, 0.000776549
111, 33.6379, 2.83151, 1.52404, 3.97541, 0.5, 0.013, 4, 4.09134, 5, 0.0966037, -0.0226869, -2.56888e-07, 0.000372399, -5.16841e-05
110, 33.3569, 6.68656, 1.58083, 3.89205, 0.5, 0.013, 4, 3.9241, 5, 0.0820071, 0.022695, -2.24708e-07, -0.000373572, 5.02214e-05

0111, 12.5606, 4.56605, 0.00777354, 2.07024, 0.5, 0.013, 4, 3.91374, 5, -0.0736501, -0.00162004, -1.7899e-08, -0.00295654, -0.000214618
1001, 14.1603, 7.92088, 1.59712, 2.15999, 0.5, 0.013, 4, 4.00489, 5, -0.103181, -0.0168919, 2.47871e-08, -2.42019e-05, -0.000788403
0110, 14.6372, 4.64497, 0.0410517, 2.10755, 0.5, 0.013, 4, 3.95298, 5, -0.0507643, -0.00662307, -4.6061e-09, 0.00347378, -0.000301601
1000, 14.1622, 10.0456, 1.57085, 2.11657, 0.5, 0.013, 4, 3.98567, 5, -0.102694, 0.012553, 9.91299e-09, 2.39536e-05, 0.000770623
0101, 16.464, 3.85007, -0.0184546, 2.13899, 0.5, 0.013, 4, 4.08728, 5, -0.0443383, -0.0374419, -2.51091e-07, -0.00454402, -0.00044434
1011, 16.6598, 7.49054, 1.6503, 2.19546, 0.5, 0.013, 4, 3.91952, 5, -0.0663797, 0.0190149, 4.96906e-08, -1.05357e-05, 0.000699066
0011, 19.3443, 5.33297, -0.0354624, 2.23497, 0.5, 0.013, 4, 4.05669, 5, -0.0399994, -0.00459224, 9.09474e-10, -0.00254091, 9.59752e-05
0100, 18.5324, 4.07721, 0.0350329, 2.08777, 0.5, 0.013, 4, 3.95207, 5, -0.0133161, -0.0151253, -1.97155e-07, 0.00335471, 0.00133915
1010, 16.6247, 9.68225, 1.58967, 2.21624, 0.5, 0.013, 4, 4.02979, 5, -0.0657653, 0.0471815, 2.06204e-08, 1.0717e-05, -0.000689303
0001, 23.6237, 5.57026, 0.0134472, 2.09755, 0.5, 0.013, 4, 4.05807, 5, 0.00894355, 0.0169837, -2.90779e-07, 0.0108402, 0.00340369
0010, 21.5517, 5.24788, -0.0445327, 2.21373, 0.5, 0.013, 4, 3.97196, 5, -0.00541806, -0.00755257, -4.55167e-07, -0.00367541, -0.0028957
0000, 25.7142, 5.51559, -1.65232e-05, 2.1333, 0.5, 0.013, 4, 3.96944, 5, 0.0371623, -0.00281732, 8.20506e-08, -0.0040826, -0.000450325
1111, 34.06, 1.68982, 1.5419, 2.12221, 0.5, 0.013, 4, 4.00406, 5, 0.0919322, -0.0351261, 2.82429e-08, 4.7712e-05, 0.00344687
1110, 34.1698, 3.79245, 1.52404, 2.12019, 0.5, 0.013, 4, 4.09134, 5, 0.102337, -0.00551358, -4.55293e-07, 0.00121226, -0.00468196
1101, 33.7554, 5.77752, 1.64318, 2.06603, 0.5, 0.013, 4, 3.97599, 5, 0.0689433, 0.00955154, -1.12811e-07, -0.00258064, -0.00510679
1100, 33.7871, 7.82313, 1.58083, 2.0874, 0.5, 0.013, 4, 3.9241, 5, 0.0920804, 0.0376678, 1.43562e-07, 0.00124836, 0.00653179

0111, 12.1802, 4.55755, 0.00777348, 2.20928, 0.5, 0.013, 4, 3.91374, 5, -0.0765298, -0.00158614, -5.94957e-09, -0.000474191, 5.04946e-05
1001, 13.6443, 7.83794, 1.59712, 2.30506, 0.5, 0.013, 4, 4.00489, 5, -0.103246, -0.0169845, 2.56178e-08, -1.34418e-05, 2.1167e-05
0110, 14.398, 4.61006, 0.0410517, 2.24909, 0.5, 0.013, 4, 3.95298, 5, -0.047225, -0.00721065, 7.54915e-09, 0.0004788, -5.67162e-05
1000, 13.6488, 10.1066, 1.57085, 2.25872, 0.5, 0.013, 4, 3.98567, 5, -0.10263, 0.0125992, 1.17527e-08, 1.3333e-05, -2.80588e-05
0101, 16.2588, 3.6658, -0.0184557, 2.28264, 0.5, 0.013, 4, 4.08728, 5, -0.0400889, -0.0374628, -2.27016e-07, 0.00113809, -7.37871e-05
1011, 16.3275, 7.58288, 1.6503, 2.34291, 0.5, 0.013, 4, 3.91952, 5, -0.0665631, 0.0179965, 6.35214e-08, -4.47133e-05, -0.000276259
0011, 19.1561, 5.30986, -0.0354624, 2.38507, 0.5, 0.013, 4, 4.05669, 5, -0.0356323, -0.00462389, 6.22018e-09, 0.000510023, 6.56118e-06
0100, 18.4432, 4.00234, 0.035032, 2.22798, 0.5, 0.013, 4, 3.95207, 5, -0.0190967, -0.0141552, -1.9507e-07, -0.00118151, 7.75705e-05
1010, 16.2963, 9.92086, 1.58967, 2.36508, 0.5, 0.013, 4, 4.02979, 5, -0.0655823, 0.0481941, 3.00249e-08, 4.45978e-05, 0.000274237
0001, 23.673, 5.66985, 0.0134465, 2.23842, 0.5, 0.013, 4, 4.05807, 5, 0.00773042, 0.0216416, -5.36852e-08, -0.000318505, 0.00112232
0010, 21.5168, 5.20456, -0.0445345, 2.3624, 0.5, 0.013, 4, 3.97196, 5, -0.00459901, -0.00842774, -3.4021e-07, 0.000480326, -0.000223641
0000, 25.8897, 5.49207, -1.56971e-05, 2.27657, 0.5, 0.013, 4, 3.96944, 5, 0.0326937, -0.0067126, 2.43108e-07, -0.000619914, -0.00088048
1111, 34.5189, 1.53398, 1.5419, 2.26473, 0.5, 0.013, 4, 4.00406, 5, 0.0915514, -0.029132, 5.38352e-08, -0.000187551, -0.000353698
1110, 34.6768, 3.77596, 1.52404, 2.26258, 0.5, 0.013, 4, 4.09134, 5, 0.100981, -0.000538436, -2.79279e-07, 2.18859e-05, 0.00174615
1101, 34.0978, 5.81708, 1.64318, 2.20478, 0.5, 0.013, 4, 3.97599, 5, 0.0674563, 0.00667877, 2.37766e-08, -0.000442587, -0.000122343
1100, 34.2554, 7.98952, 1.58083, 2.22759, 0.5, 0.013, 4, 3.9241, 5, 0.095311, 0.029794, 2.31136e-07, 0.000613616, -0.00125846

0111, 11.7961, 4.55044, 0.00777349, 2.35765, 0.5, 0.013, 4, 3.91374, 5, -0.0772674, -0.00124486, 7.9255e-09, -0.000142801, 7.70275e-05
1011, 15.994, 7.67003, 1.6503, 2.50026, 0.5, 0.013, 4, 3.91952, 5, -0.0668082, 0.0169252, 7.45825e-08, -5.67201e-05, -0.000222722
1001, 13.1278, 7.7508, 1.59712, 2.45986, 0.5, 0.013, 4, 4.00489, 5, -0.103349, -0.0179211, 3.05274e-08, -2.36865e-05, -0.000203312
0110, 14.1635, 4.57316, 0.0410518, 2.40013, 0.5, 0.013, 4, 3.95298, 5, -0.0464708, -0.00755865, 2.15637e-08, 0.000144547, -7.70082e-05
1010, 15.969, 10.1647, 1.58967, 2.52391, 0.5, 0.013, 4, 4.02979, 5, -0.0653375, 0.0492643, 3.9512e-08, 5.66433e-05, 0.000222473
1000, 13.1359, 10.1718, 1.57085, 2.41042, 0.5, 0.013, 4, 3.98567, 5, -0.102527, 0.0135367, 1.57918e-08, 2.37565e-05, 0.000203912
0100, 18.3439, 3.93654, 0.0350308, 2.37761, 0.5, 0.013, 4, 3.95207, 5, -0.0208786, -0.0122383, -2.77429e-07, -0.000386566, 0.000400245
0101, 16.0622, 3.4736, -0.018457, 2.43594, 0.5, 0.013, 4, 4.08728, 5, -0.0383226, -0.0393602, -3.06252e-07, 0.000388853, -0.000398078
0011, 18.984, 5.28679, -0.0354624, 2.54525, 0.5, 0.013, 4, 4.05669, 5, -0.0328469, -0.00464657, 7.67632e-09, 0.0005551, -1.72409e-05
0001, 23.7107, 5.78538, 0.0134467, 2.38875, 0.5, 0.013, 4, 4.05807, 5, 0.00696029, 0.0236101, 1.60037e-07, -0.000207656, -3.34329e-05
0010, 21.5053, 5.16426, -0.0445359, 2.52106, 0.5, 0.013, 4, 3.97196, 5, 0.000175919, -0.00685552, -2.18385e-07, 0.00104469, 0.000679107
0000, 26.0369, 5.44919, -1.41884e-05, 2.42946, 0.5, 0.013, 4, 3.96944, 5, 0.0259155, -0.010299, 3.58277e-07, -0.0013889, -0.000644026
1111, 34.9758, 1.39524, 1.5419, 2.41683, 0.5, 0.013, 4, 4.00406, 5, 0.0912735, -0.0263064, 6.03001e-08, -3.95474e-05, 0.000413398
1110, 35.1759, 3.7865, 1.52404, 2.41453, 0.5, 0.013, 4, 4.09134, 5, 0.0981436, 0.00449049, -1.13177e-07, -0.000686404, 0.000838243
1101, 34.4347, 5.84579, 1.64318, 2.35286, 0.5, 0.013, 4, 3.97599, 5, 0.0678926, 0.00496383, 2.21037e-07, 0.000234995, -0.000171188
1100, 34.7391, 8.12302, 1.58083, 2.37719, 0.5, 0.013, 4, 3.9241, 5, 0.098031, 0.0236616, 3.19375e-07, 0.000491859, -0.00107291

0111, 11.4077, 4.54527, 0.00777357, 2.51599, 0.5, 0.013, 4, 3.91374, 5, -0.0781098, -0.000803561, 2.50033e-08, -0.00016606, 9.96731e-05
0101, 15.8773, 3.2728, -0.0184587, 2.59954, 0.5, 0.013, 4, 4.08728, 5, -0.0353181, -0.0407847, -3.36755e-07, 0.00073498, -0.000185905
1011, 15.6592, 7.75208, 1.6503, 2.66817, 0.5, 0.013, 4, 3.91952, 5, -0.0671314, 0.0158855, 8.79668e-08, -7.44064e-05, -0.000212442
1001, 12.6107, 7.6585, 1.59712, 2.62506, 0.5, 0.013, 4, 4.00489, 5, -0.103485, -0.0189889, 3.61109e-08, -3.14201e-05, -0.000221948
0110, 13.9331, 4.53432, 0.0410519, 2.56133, 0.5, 0.013, 4, 3.95298, 5, -0.0456274, -0.00799922, 3.92625e-08, 0.000166344, -9.94826e-05
1010, 15.6431, 10.4136, 1.58967, 2.69342, 0.5, 0.013, 4, 4.02979, 5, -0.0650146, 0.0503038, 5.15058e-08, 7.43136e-05, 0.000212427
1000, 12.6236, 10.2422, 1.57085, 2.5723, 0.5, 0.013, 4, 3.98567, 5, -0.10239, 0.0146057, 2.07535e-08, 3.15073e-05, 0.00022227
0100, 18.2327, 3.87934, 0.0350293, 2.53729, 0.5, 0.013, 4, 3.95207, 5, -0.0238964, -0.0108201, -3.16077e-07, -0.000737818, 0.000183616
0011, 18.8253, 5.2633, -0.0354623, 2.71618, 0.5, 0.013, 4, 4.05669, 5, -0.0308064, -0.00476333, 4.73923e-09, 0.000275915, -2.90938e-05
0001, 23.7454, 5.90121, 0.0134481, 2.54917, 0.5, 0.013, 4, 4.05807, 5, 0.00735115, 0.0223488, 3.83911e-07, 0.000319902, -0.000464407
0010, 21.5181, 5.13942, -0.0445366, 2.69037, 0.5, 0.013, 4, 3.97196, 5, 0.00462022, -0.00287299, -5.98121e-08, 0.000735194, 0.000903798
0000, 26.1493, 5.3906, -1.21908e-05, 2.59262, 0.5, 0.013, 4, 3.96944, 5, 0.019104, -0.0129527, 4.32996e-07, -0.001315, -0.000417287
1111, 35.4317, 1.28992, 1.5419, 2.57914, 0.5, 0.013, 4, 4.00406, 5, 0.0903368, 0.0437251, 3.07565e-07, -0.00485962, -0.0737526
1110, 35.6567, 3.81915, 1.52404, 2.57669, 0.5, 0.013, 4, 4.09134, 5, 0.0948311, 0.0127172, 2.66124e-07, 0.00413051, 0.0282158
1101, 34.7791, 5.86985, 1.64318, 2.51087, 0.5, 0.013, 4, 3.97599, 5, 0.0700509, 0.00502098, 4.15859e-07, 0.00035613, 0.0002994
1100, 35.2348, 8.22851, 1.58083, 2.53684, 0.5, 0.013, 4, 3.9241, 5, 0.100134, 0.0186792, 3.80742e-07, 0.000375287, -0.0008917

0111, 11.015, 4.54261, 0.00777374, 2.68496, 0.5, 0.013, 4, 3.91374, 5, -0.0789847, -0.000234134, 4.618e-08, -0.000171428, 0.000128512
0101, 15.7112, 3.06809, -0.0184603, 2.77412, 0.5, 0.013, 4, 4.08728, 5, -0.0309546, -0.0407784, -3.01922e-07, 0.000972101, 0.00021506
1011, 15.3186, 7.78676, 1.6503, 2.84736, 0.5, 0.013, 4, 3.91952, 5, -0.0752615, -0.0647517, 1.10202e-06, -0.00520845, -0.0460472
1001, 12.0929, 7.56079, 1.59712, 2.80136, 0.5, 0.013, 4, 4.00489, 5, -0.103666, -0.020107, 4.29598e-08, -4.1429e-05, -0.000230812
0110, 13.7072, 4.49296, 0.0410522, 2.73334, 0.5, 0.013, 4, 3.95298, 5, -0.0447525, -0.00856746, 6.08954e-08, 0.000171503, -0.000128242
1010, 15.3229, 10.5714, 1.58967, 2.87431, 0.5, 0.013, 4, 4.02979, 5, -0.0569691, 0.0133275, 1.02326e-06, 0.00518463, -0.139695
1000, 12.1121, 10.318, 1.57085, 2.74505, 0.5, 0.013, 4, 3.98567, 5, -0.102209, 0.0157246, 2.70743e-08, 4.15448e-05, 0.000230975
0100, 18.1027, 3.82598, 0.0350277, 2.70769, 0.5, 0.013, 4, 3.95207, 5, -0.0282753, -0.0108465, -2.90868e-07, -0.000974597, -0.00022059
0011, 18.6732, 5.23909, -0.0354623, 2.8986, 0.5, 0.013, 4, 4.05669, 5, -0.0303849, -0.00492149, -1.42018e-09, -0.000169463, -3.29545e-05
0001, 23.7895, 6.00787, 0.0134503, 2.72037, 0.5, 0.013, 4, 4.05807, 5, 0.0111943, 0.0207288, 4.51521e-07, 0.00130111, -0.000158202
0010, 21.5483, 5.13465, -0.0445367, 2.87105, 0.5, 0.013, 4, 3.97196, 5, 0.00703725, 0.00025059, -3.55348e-09, 0.00031547, 0.000199144
0000, 26.2286, 5.32176, -9.95523e-06, 2.76673, 0.5, 0.013, 4, 3.96944, 5, 0.0125448, -0.0142527, 4.4238e-07, -0.00142035, 8.80559e-06
1111, 35.8246, 1.4067, 1.5419, 2.75235, 0.5, 0.013, 4, 4.00406, 5, 0.0720253, -0.0218789, 0, 0.012092, 0.00579049
1101, 35.1221, 5.90858, 1.64319, 2.6795, 0.5, 0.013, 4, 3.97599, 5, 0.0693982, 0.0097406, 4.2487e-07, 0.000253733, 0.000633515
1100, 35.7382, 8.30877, 1.58084, 2.70721, 0.5, 0.013, 4, 3.9241, 5, 0.101111, 0.0133965, 3.98668e-07, 0.000270618, -0.00086711
1110, 36.1939, 4.1345, 1.52404, 2.74974, 0.5, 0.013, 4, 4.09134, 5, 0.11281, 0.0779188, 0, -0.0126399, -0.046716

1001, 11.574, 7.45732, 1.59712, 2.9895, 0.5, 0.013, 4, 4.00489, 5, -0.103905, -0.0212894, 5.15651e-08, -5.51496e-05, -0.000243222
0111, 10.618, 4.54319, 0.00777404, 2.86528, 0.5, 0.013, 4, 3.91374, 5, -0.0798237, 0.000493749, 7.19751e-08, -0.000160136, 0.00016354
1000, 11.6016, 10.3996, 1.57085, 2.9294, 0.5, 0.013, 4, 3.98567, 5, -0.101968, 0.0169077, 3.52219e-08, 5.5314e-05, 0.000243372
0101, 15.5689, 2.86922, -0.0184615, 2.96043, 0.5, 0.013, 4, 4.08728, 5, -0.0259864, -0.0382745, -1.699e-07, 0.000952955, 0.000805474
1011, 14.9325, 7.49467, 1.6503, 3.03859, 0.5, 0.013, 4, 3.91952, 5, -0.0816054, -0.0516654, 1.20665e-06, -0.00620348, -0.0174263
0110, 13.4855, 4.44838, 0.0410525, 2.91691, 0.5, 0.013, 4, 3.95298, 5, -0.043913, -0.00929378, 8.68924e-08, 0.000160281, -0.000163188
1010, 15.0481, 10.467, 1.58968, 3.06734, 0.5, 0.013, 4, 4.02979, 5, -0.0506027, -0.0206987, 1.02615e-06, 0.00615024, 0.039671
0100, 17.9489, 3.76664, 0.0350266, 2.88953, 0.5, 0.013, 4, 3.95207, 5, -0.0332484, -0.0133853, -1.67109e-07, -0.000951854, -0.00081361
0011, 18.5187, 5.21399, -0.0354624, 3.09327, 0.5, 0.013, 4, 4.05669, 5, -0.0314217, -0.00513608, -1.10477e-08, -0.000224281, -5.34774e-05
0001, 23.8637, 6.10683, 0.0134523, 2.90307, 0.5, 0.013, 4, 4.05807, 5, 0.0186815, 0.0181383, 2.96513e-07, 0.00154887, -0.00100259
0010, 21.5869, 5.1374, -0.0445367, 3.06387, 0.5, 0.013, 4, 3.97196, 5, 0.00832866, 0.000754261, -1.35009e-08, 0.000235207, 6.57239e-05
0000, 26.2724, 5.25426, -8.04068e-06, 2.95255, 0.5, 0.013, 4, 3.96944, 5, 0.00487027, -0.0119337, 2.91951e-07, -0.00155568, 0.000984478
1101, 35.4744, 5.97075, 1.64319, 2.85945, 0.5, 0.013, 4, 3.97599, 5, 0.0718347, 0.0154783, 2.86862e-07, 0.000710525, 0.0012291
1111, 36.2461, 1.46635, 1.5419, 2.9372, 0.5, 0.013, 4, 4.00406, 5, 0.076207, 0.00743575, 1.14758e-06, -0.0141143, 0.0495211
1110, 36.6934, 4.27463, 1.52404, 2.93441, 0.5, 0.013, 4, 4.09134, 5, 0.107769, 0.0393381, 1.2934e-06, 0.0140962, 0.0311279
1100, 36.2415, 8.36099, 1.58084, 2.88903, 0.5, 0.013, 4, 3.9241, 5, 0.0995274, 0.00729754, 2.75705e-07, -0.000677911, -0.00124158

1001, 11.0528, 7.33458, 1.59712, 3.19027, 0.5, 0.013, 4, 4.00489, 5, -0.106502, -0.0542299, 4.14157e-07, -0.00283187, -0.0365857
0111, 10.2169, 4.54787, 0.00777447, 3.05771, 0.5, 0.013, 4, 3.91374, 5, -0.0805641, 0.00141223, 1.02815e-07, -0.000132558, 0.000204747
1000, 11.0935, 10.435, 1.57085, 3.12614, 0.5, 0.013, 4, 3.98567, 5, -0.099314, 0.00187128, 3.08963e-07, 0.0028878, 0.059973
0101, 15.4494, 2.6901, -0.0184619, 3.15925, 0.5, 0.013, 4, 4.08728, 5, -0.0222638, -0.0332145, 0, 0.000395042, 0.000803941
1011, 14.4963, 7.25352, 1.65031, 3.24266, 0.5, 0.013, 4, 3.91952, 5, -0.0922445, -0.0367621, 1.25538e-06, -0.00406387, 0.000436944
0110, 13.2679, 4.3997, 0.041053, 3.11281, 0.5, 0.013, 4, 3.95298, 5, -0.0431715, -0.0102103, 1.17606e-07, 0.000132873, -0.000204311
1010, 14.8233, 10.3642, 1.58968, 3.27334, 0.5, 0.013, 4, 4.02979, 5, -0.0399614, -0.0222576, 1.1931e-06, 0.0040399, 0.00192302
0100, 17.7722, 3.68737, 0.0350262, 3.08359, 0.5, 0.013, 4, 3.95207, 5, -0.0369479, -0.0184745, 0, -0.000385189, -0.000796898
0011, 18.3587, 5.18755, -0.0354624, 3.30101, 0.5, 0.013, 4, 4.05669, 5, -0.032596, -0.00546041, -2.38577e-08, -0.000235563, -7.68597e-05
0001, 23.9746, 6.18061, 0.013453, 3.09804, 0.5, 0.013, 4, 4.05807, 5, 0.0250233, 0.0107052, 9.69734e-10, 0.000780881, -0.00164947
0010, 21.6316, 5.14201, -0.0445368, 3.26963, 0.5, 0.013, 4, 3.97196, 5, 0.00952374, 0.00110198, -2.66435e-08, 0.00023661, 7.81285e-05
0000, 26.2793, 5.21133, -7.31144e-06, 3.15084, 0.5, 0.013, 4, 3.96944, 5, -0.00150357, -0.00456172, 9.58527e-10, -0.000790734, 0.00164603
1101, 35.8465, 6.06288, 1.64319, 3.05149, 0.5, 0.013, 4, 3.97599, 5, 0.0775912, 0.021006, 3.22633e-08, 0.00143129, 0.000805191
1111, 36.6062, 1.56654, 1.54191, 3.13446, 0.5, 0.013, 4, 4.00406, 5, 0.0728571, 0.0203493, 9.29058e-07, -0.00551517, -0.0116142
1110, 37.253, 4.48485, 1.52405, 3.13148, 0.5, 0.013, 4, 4.09134, 5, 0.111052, 0.0306814, 9.5084e-07, 0.00551916, 0.00458105
1100, 36.7265, 8.38266, 1.58084, 3.08305, 0.5, 0.013, 4, 3.9241, 5, 0.0938439, 0.00174193, 3.16537e-08, -0.00142589, -0.00080957

1001, 10.512, 7.00548, 1.59712, 3.40452, 0.5, 0.013, 4, 4.00489, 5, -0.108435, -0.0556064, 3.15373e-07, -0.00134726, -0.00564284
0111, 9.81264, 4.55768, 0.00777507, 3.26306, 0.5, 0.013, 4, 3.91374, 5, -0.0811108, 0.00254795, 1.38619e-07, -8.11717e-05, 0.000249733
1000, 10.605, 10.3323, 1.57085, 3.33609, 0.5, 0.013, 4, 3.98567, 5, -0.0974238, -0.019861, 2.65781e-07, 0.00137725, -6.28351e-05
0101, 15.3406, 2.5293, -0.0184619, 3.37142, 0.5, 0.013, 4, 4.08728, 5, -0.0214969, -0.0316538, 0, 4.07106e-05, 8.28494e-05
1011, 14.0213, 7.13974, 1.65031, 3.46043, 0.5, 0.013, 4, 3.91952, 5, -0.0938762, -0.00469424, 8.42386e-07, 0.000466907, 0.00609933
0110, 13.0535, 4.34591, 0.0410537, 3.32186, 0.5, 0.013, 4, 3.95298, 5, -0.0426226, -0.0113436, 1.5285e-07, 8.17738e-05, -0.000249234
1010, 14.6374, 10.254, 1.58969, 3.49318, 0.5, 0.013, 4, 4.02979, 5, -0.0382587, -0.0225527, 8.42869e-07, -0.000460407, -0.000262892
0100, 17.585, 3.58987, 0.0350262, 3.29068, 0.5, 0.013, 4, 3.95207, 5, -0.0376759, -0.0199805, 0, -3.65959e-05, -7.57113e-05
0011, 18.1927, 5.15917, -0.0354626, 3.5227, 0.5, 0.013, 4, 4.05669, 5, -0.0338003, -0.00591468, -4.01773e-08, -0.000239996, -0.000105571
0010, 21.6822, 5.14861, -0.044537, 3.48922, 0.5, 0.013, 4, 3.97196, 5, 0.0107303, 0.00155933, -4.32994e-08, 0.000240113, 0.000105883
0001, 24.1048, 6.22339, 0.013453, 3.3061, 0.5, 0.013, 4, 4.05807, 5, 0.0265124, 0.00754416, 0, 7.56745e-05, -0.000160646
0000, 26.2666, 5.19939, -7.31141e-06, 3.36244, 0.5, 0.013, 4, 3.96944, 5, -0.00303979, -0.0013483, 0, -8.10785e-05, 0.000169609
1111, 36.9593, 1.67173, 1.54191, 3.34496, 0.5, 0.013, 4, 4.00406, 5, 0.0729474, 0.0217585, 6.19286e-07, -0.000879786, 0.00125401
1101, 36.2463, 6.17378, 1.64319, 3.25643, 0.5, 0.013, 4, 3.97599, 5, 0.0811431, 0.0227424, 0, 0.000184113, 8.76134e-05
1110, 37.8195, 4.61799, 1.52405, 3.34178, 0.5, 0.013, 4, 4.09134, 5, 0.110952, 0.017233, 6.56942e-07, 0.000881369, -0.00176427
1100, 37.1838, 8.38543, 1.58084, 3.29011, 0.5, 0.013, 4, 3.9241, 5, 0.0902745, -1.94316e-05, 0, -0.000189301, -9.09566e-05

1001, 9.94596, 6.74956, 1.59713, 3.63317, 0.5, 0.013, 4, 4.00489, 5, -0.127664, -0.0341403, 2.39546e-06, -0.0188696, -0.060149
0111, 9.40029, 4.47116, 0.00777135, 3.4822, 0.5, 0.013, 4, 3.91374, 5, -0.0928175, -0.0798463, -7.91134e-07, -0.0122135, 0.00132363
1000, 10.1414, 10.2236, 1.57085, 3.56014, 0.5, 0.013, 4, 3.98567, 5, -0.0784952, -0.0194912, 2.16115e-06, 0.0192405, -0.00444358
0101, 15.2334, 2.3716, -0.0184619, 3.59784, 0.5, 0.013, 4, 4.08728, 5, -0.0214123, -0.0314816, 0, 5.12777e-06, 1.04354e-05
1011, 13.5819, 7.19154, 1.65032, 3.69283, 0.5, 0.013, 4, 3.91952, 5, -0.0787343, 0.02333, 6.27975e-08, 0.00390244, 0.00367661
0110, 12.8478, 4.28398, 0.0410549, 3.54495, 0.5, 0.013, 4, 3.95298, 5, -0.0304847, -0.0158582, 5.24071e-07, 0.0120208, -0.00281882
1010, 14.4164, 10.1366, 1.58969, 3.72777, 0.5, 0.013, 4, 4.02979, 5, -0.053299, -0.0242487, 9.3275e-08, -0.00389112, -0.000434866
0100, 17.3964, 3.48945, 0.0350262, 3.51168, 0.5, 0.013, 4, 3.95207, 5, -0.0377501, -0.020134, 0, -4.2891e-06, -8.87349e-06
0011, 18.0207, 5.12814, -0.0354629, 3.75928, 0.5, 0.013, 4, 4.05669, 5, -0.0349977, -0.0065285, -6.04445e-08, -0.000235288, -0.000140933
0010, 21.7389, 5.15787, -0.0445373, 3.72355, 0.5, 0.013, 4, 3.97196, 5, 0.0119279, 0.00217449, -6.38988e-08, 0.000235257, 0.000141189
0001, 24.2378, 6.26002, 0.013453, 3.52813, 0.5, 0.013, 4, 4.05807, 5, 0.0266666, 0.00721686, 0, 8.99548e-06, -1.90962e-05
0000, 26.2508, 5.19381, -7.31141e-06, 3.58826, 0.5, 0.013, 4, 3.96944, 5, -0.00320785, -0.000996726, 0, -1.01333e-05, 2.1198e-05
1111, 37.3326, 1.78405, 1.54191, 3.56961, 0.5, 0.013, 4, 4.00406, 5, 0.0794566, 0.023198, 2.43021e-07, 0.00170427, 0.000366629
1101, 36.6533, 6.28808, 1.64319, 3.47512, 0.5, 0.013, 4, 3.97599, 5, 0.0815123, 0.0229181, 0, 2.08967e-05, 9.94401e-06
1110, 38.3656, 4.67326, 1.52405, 3.56622, 0.5, 0.013, 4, 4.09134, 5, 0.104439, 0.00416261, 2.74209e-07, -0.00170441, -0.0021407
1100, 37.6339, 8.38472, 1.58084, 3.51107, 0.5, 0.013, 4, 3.9241, 5, 0.0898907, -0.000203816, 0, -2.21746e-05, -1.06546e-05

1001, 9.23015, 6.5081, 1.59713, 3.87717, 0.5, 0.013, 4, 4.00489, 5, -0.133207, -0.0280115, 3.23073e-07, 0.00645042, 0.00438316
0111, 8.95178, 4.05816, 0.00776782, 3.71606, 0.5, 0.013, 4, 3.91374, 5, -0.080781, -0.0492022, -4.5707e-08, -0.00149628, 0.0167541
1000, 9.82617, 10.1006, 1.57086, 3.79923, 0.5, 0.013, 4, 3.98567, 5, -0.0732109, -0.0240615, 3.17616e-07, -0.00644984, -0.00545286
0101, 15.1264, 2.21427, -0.0184619, 3.83947, 0.5, 0.013, 4, 4.08728, 5, -0.021401, -0.0314585, 0, 7.72042e-07, 1.57117e-06
10111, 13.296, 6.40712, 1.62433, 1.94585, 0.5, 0.013, 4, 3.99382, 5, -0.0680299, 0.0304402, -1.44579e-08, 0.00141163, -0.00870257
0110, 12.6809, 4.21569, 0.0410554, 3.78303, 0.5, 0.013, 4, 3.95298, 5, -0.0424303, -0.00967714, -2.72246e-08, 0.00127764, 0.0013984
10110, 13.1403, 8.36107, 1.65032, 1.99498, 0.5, 0.013, 4, 3.91952, 5, -0.0683189, 0.033614, -4.67943e-09, -0.000230083, 0.00925291
1010, 14.1161, 10.0115, 1.58969, 3.97813, 0.5, 0.013, 4, 4.02979, 5, -0.0639421, -0.0258476, 3.06821e-08, -0.000786612, -0.000311122
0100, 17.2076, 3.38872, 0.0350262, 3.74752, 0.5, 0.013, 4, 3.95207, 5, -0.0377593, -0.0201532, 0, -6.05644e-07, -1.25299e-06
0011, 17.8428, 5.09357, -0.0354632, 4.01175, 0.5, 0.013, 4, 4.05669, 5, -0.0359949, -0.00730821, 0, 0.00407539, 0.000688397
00101, 20.827, 5.2141, -0.106109, 1.97793, 0.5, 0.013, 4, 4.05994, 5, 0.0130637, 0.00298361, 0, 0.000208876, 0.000177231
00100, 22.811, 5.12568, -0.0445376, 1.99569, 0.5, 0.013, 4, 3.97196, 5, 0.0126476, 0.00289946, 0, -0.0124825, -0.00239526
0001, 24.3712, 6.29596, 0.013453, 3.76508, 0.5, 0.013, 4, 4.05807, 5, 0.0266862, 0.00717536, 0, 1.2863e-06, -2.73063e-06
0000, 26.2347, 5.18898, -7.31141e-06, 3.82925, 0.5, 0.013, 4, 3.96944, 5, -0.00323023, -0.000949919, 0, -1.51516e-06, 3.16958e-06
1111, 37.7533, 1.90386, 1.54191, 3.80934, 0.5, 0.013, 4, 4.00406, 5, 0.0892534, 0.0247486, -3.01593e-08, 0.00151457, 0.000322523
1101, 37.061, 6.40274, 1.64319, 3.70851, 0.5, 0.013, 4, 3.97599, 5, 0.0815571, 0.0229394, 0, 2.86766e-06, 1.36462e-06
1110, 38.8644, 4.67354, 1.52405, 3.80572, 0.5, 0.013, 4, 4.09134, 5, 0.0946408, -0.00287138, 0, -0.00151401, -0.000665975
1100, 38.0832, 8.38363, 1.58084, 3.74687, 0.5, 0.013, 4, 3.9241, 5, 0.0898428, -0.000226863, 0, -3.1297e-06, -1.50378e-06

01111, 7.48383, 3.89393, -0.0222972, 2.01664, 0.5, 0.013, 4, 3.91683, 5, -0.0888137, -0.0267457, -5.33997e-08, -0.0138768, -0.000787623
01110, 9.44736, 3.91963, 0.00776734, 1.94899, 0.5, 0.013, 4, 3.91374, 5, -0.0686474, -0.00978344, 3.26756e-07, 0.0215612, 0.000696269
01101, 11.5067, 4.14123, 0.0483147, 2.00816, 0.5, 0.013, 4, 3.95802, 5, -0.062873, -0.00638119, 1.653e-08, -0.0103742, -0.000258358
10011, 8.6269, 5.38356, 1.60686, 2.06673, 0.5, 0.013, 4, 4.07821, 5, -0.123587, -0.0484712, -1.35982e-07, -0.00316962, 0.0251311
10010, 8.53055, 7.43123, 1.59714, 2.07082, 0.5, 0.013, 4, 4.00489, 5, -0.140542, 0.00713102, -3.57489e-08, 0.034306, -0.00211376
10001, 9.48002, 8.93176, 1.51821, 2.06019, 0.5, 0.013, 4, 4.05292, 5, -0.050477, -0.0320927, -1.86292e-07, -0.0276867, -0.025982
10000, 9.41385, 10.9313, 1.57086, 1.99419, 0.5, 0.013, 4, 3.98567, 5, -0.0968944, 0.0153293, -1.20654e-07, -0.00616024, 0.014777
01011, 13.9352, 2.077, -0.00849501, 2.07933, 0.5, 0.013, 4, 3.93492, 5, -0.0216367, -0.0314491, 2.00479e-09, -0.00309688, 7.41816e-05
01010, 15.9785, 2.03928, -0.0184619, 2.01799, 0.5, 0.013, 4, 4.08728, 5, -0.021148, -0.0314608, 7.05963e-10, 0.00327019, -7.78227e-05
10111, 12.9633, 6.50451, 1.62433, 2.07654, 0.5, 0.013, 4, 3.99382, 5, -0.0662717, 0.0181019, -2.39469e-08, 7.8578e-05, -0.000508843
01100, 13.501, 4.22121, 0.0410552, 2.02894, 0.5, 0.013, 4, 3.95298, 5, -0.0265516, -0.00688231, 7.28871e-09, 0.00672669, -0.000136653
10101, 13.8162, 8.71448, 1.58895, 2.10212, 0.5, 0.013, 4, 3.92909, 5, -0.0626376, -0.0356543, 1.13746e-07, 0.000540156, 0.00855795
10110, 12.7938, 8.58715, 1.65032, 2.12896, 0.5, 0.013, 4, 3.91952, 5, -0.071258, 0.0466847, -1.11367e-07, -0.000815977, 0.00048588
10100, 13.7677, 10.9305, 1.58969, 2.14318, 0.5, 0.013, 4, 4.02979, 5, -0.0653844, -0.00385033, 1.54779e-07, 0.000178497, -0.165093
01001, 16.0959, 3.25566, 0.0846707, 1.96534, 0.5, 0.013, 4, 4.01799, 5, -0.0460717, -0.020246, 6.72403e-08, -0.0171546, -0.000177966
01000, 18.0754, 3.32491, 0.0350262, 2.03386, 0.5, 0.013, 4, 3.95207, 5, -0.029873, -0.0200707, 2.22424e-08, 0.016435, 0.00017045
00111, 16.5841, 5.10089, -0.00928955, 2.16111, 0.5, 0.013, 4, 3.90453, 5, -0.0417825, -0.005656, 2.2372e-08, -0.00195134, 0.000126609
00110, 18.7105, 5.02392, -0.0354632, 2.12007, 0.5, 0.013, 4, 4.05669, 5, -0.0180605, -0.00690118, 8.81414e-09, 0.00217067, -0.000111712
00101, 20.8092, 5.23096, -0.10611, 2.11077, 0.5, 0.013, 4, 4.05994, 5, -0.00777675, 0.00350721, -7.48098e-08, -0.00201914, 5.87244e-05
00100, 22.9083, 5.12944, -0.0445378, 2.12972, 0.5, 0.013, 4, 3.97196, 5, 0.0213677, 0.000189324, -2.26239e-08, 0.00191945, -7.60938e-05
00001, 25.2915, 5.18402, -0.0200196, 1.99685, 0.5, 0.013, 4, 4.09917, 5, -0.0208832, -0.0011228, -1.39395e-08, 0.00521231, 4.8238e-05
0001, 24.5047, 6.33182, 0.013453, 4.01794, 0.5, 0.013, 4, 4.05807, 5, 0.0266891, 0.00716907, 0, 2.16887e-07, -4.6042e-07
00000, 27.3232, 5.18447, -7.32646e-06, 2.08957, 0.5, 0.013, 4, 3.96944, 5, 0.0139987, -0.000768265, -4.80717e-09, -0.00436539, -3.96287e-05
11111, 38.1843, 1.11714, 1.55745, 1.98447, 0.5, 0.013, 4, 3.9257, 5, 0.0918079, 0.00306087, 4.96101e-08, -0.00115826, -0.0336078
11110, 38.2428, 3.11766, 1.54191, 2.08071, 0.5, 0.013, 4, 4.00406, 5, 0.0934839, 0.0224652, 1.75953e-08, 0.00133702, 0.0203646
11001, 38.5429, 7.32117, 1.61975, 2.0364, 0.5, 0.013, 4, 3.93398, 5, 0.0896728, -0.0158491, 5.64244e-08, -0.000114032, -0.00987543
1101, 37.4688, 6.51745, 1.64319, 3.95757, 0.5, 0.013, 4, 3.97599, 5, 0.0815636, 0.0229425, 0, 4.66076e-07, 2.2179e-07
1110, 39.3263, 4.65422, 1.52405, 4.06131, 0.5, 0.013, 4, 4.09134, 5, 0.0911158, -0.00442191, 0, -0.000261876, -0.000115193
11000, 38.5233, 9.30122, 1.58084, 1.96211, 0.5, 0.013, 4, 3.9241, 5, 0.0900065, 0.0160914, 1.97338e-08, 0.000114517, 0.00988983

01111, 7.03935, 3.7577, -0.0222974, 2.15207, 0.5, 0.013, 4, 3.91683, 5, -0.0887945, -0.027885, -1.56919e-07, -0.00171495, -0.00242355
10011, 7.98443, 5.26313, 1.60686, 2.20553, 0.5, 0.013, 4, 4.07821, 5, -0.128351, -0.0247453, 6.26763e-08, 0.00187439, -0.00219314
10010, 7.97436, 7.45122, 1.59714, 2.2099, 0.5, 0.013, 4, 4.00489, 5, -0.102685, 0.00360696, 5.12704e-08, 0.00102212, 0.0012219
01110, 9.13704, 3.86239, 0.00776909, 2.07988, 0.5, 0.013, 4, 3.91374, 5, -0.068896, -0.00582622, -1.7104e-07, -0.0160352, 0.000184324
01101, 11.2064, 4.11098, 0.0483148, 2.14302, 0.5, 0.013, 4, 3.95802, 5, -0.0544903, -0.00462281, -1.23028e-07, 0.013193, 0.00333353
10001, 9.10068, 8.78742, 1.51821, 2.19855, 0.5, 0.013, 4, 4.05292, 5, -0.0827023, -0.0254958, 0, -0.000334795, 0.00018858
10000, 8.91705, 10.9362, 1.57086, 2.12812, 0.5, 0.013, 4, 3.98567, 5, -0.0996896, -0.0180637, 1.36032e-10, -1.09232e-05, -0.0394396
01001, 15.8368, 3.15429, 0.0846709, 2.09733, 0.5, 0.013, 4, 4.01799, 5, -0.0523608, -0.0202299, 4.1295e-08, 0.000575472, 2.18184e-05
01011, 13.7644, 1.92129, -0.00849497, 2.21898, 0.5, 0.013, 4, 3.93492, 5, -0.0361189, -0.0310856, 1.0437e-08, -0.00193552, 5.33143e-05
01010, 15.9362, 1.88043, -0.0184619, 2.15352, 0.5, 0.013, 4, 4.08728, 5, -0.00660629, -0.0318255, 4.30279e-09, 0.00197164, -5.42572e-05
10111, 12.6322, 6.59678, 1.62433, 2.21599, 0.5, 0.013, 4, 3.99382, 5, -0.0661133, 0.018072, -2.82786e-08, 1.94589e-05, 2.58367e-06
01100, 13.3418, 4.1839, 0.0410552, 2.1652, 0.5, 0.013, 4, 3.95298, 5, -0.0324666, -0.0076927, 1.64531e-08, 0.0013014, -4.17074e-05
10101, 13.5068, 8.28756, 1.58895, 2.2433, 0.5, 0.013, 4, 3.92909, 5, -0.0625951, -0.0903401, 0, -0.00206792, 0.0514088
10110, 12.4433, 8.81958, 1.65031, 2.27194, 0.5, 0.013, 4, 3.91952, 5, -0.0692284, 0.0469479, -1.45699e-08, 5.85385e-05, 9.83235e-06
10100, 13.4309, 10.7324, 1.58969, 2.28711, 0.5, 0.013, 4, 4.02979, 5, -0.0676981, 0.0405637, 0, 0.00195638, -0.00570233
01000, 17.9561, 3.22472, 0.0350263, 2.17045, 0.5, 0.013, 4, 3.95207, 5, -0.0232042, -0.0200814, 1.5966e-08, -0.000491006, -2.13106e-05
00111, 16.3543, 5.07405, -0.00928939, 2.30624, 0.5, 0.013, 4, 3.90453, 5, -0.0527872, -0.00483952, 5.24469e-08, -0.00160316, 0.000213593
00110, 18.6179, 4.97939, -0.0354637, 2.26245, 0.5, 0.013, 4, 4.05669, 5, -0.0210899, -0.0131162, -2.3427e-07, -0.000377023, -0.00125817
00011, 23.5832, 6.35216, -0.0332227, 2.13863, 0.5, 0.013, 4, 3.98104, 5, 0.0146894, 0.00667128, -4.06554e-08, -0.00233624, -0.000117741
00101, 20.7859, 5.25781, -0.106111, 2.25253, 0.5, 0.013, 4, 4.05994, 5, -0.00159589, 0.00939858, -3.82867e-07, 0.00121716, 0.00121148
00100, 23.0234, 5.12968, -0.0445379, 2.27275, 0.5, 0.013, 4, 3.97196, 5, 0.0285566, -0.000374295, -8.78533e-08, -0.011042, -0.00122876
00001, 25.2071, 5.17853, -0.0200197, 2.13095, 0.5, 0.013, 4, 4.09917, 5, -0.0159914, -0.00103168, -8.0062e-08, 0.0132054, 0.0011771
00010, 25.7131, 6.38344, 0.0134529, 2.14915, 0.5, 0.013, 4, 4.05807, 5, 0.0386969, 0.00766567, -1.57703e-08, 0.00230975, 0.000116574
00000, 27.3752, 5.18053, -7.35475e-06, 2.2299, 0.5, 0.013, 4, 3.96944, 5, 0.0105335, -0.000767643, -6.67782e-09, -6.48545e-05, 7.51989e-06
11101, 39.7311, 3.63126, 1.55036, 2.12246, 0.5, 0.013, 4, 3.94955, 5, 0.0894747, -0.0165747, 6.472e-08, -0.000767263, -0.00549685
11111, 38.6415, 1.08567, 1.55745, 2.11774, 0.5, 0.013, 4, 3.9257, 5, 0.0913018, -0.00638358, 3.82405e-08, 1.71029e-05, 0.00190305
11110, 38.7132, 3.23261, 1.54191, 2.22044, 0.5, 0.013, 4, 4.00406, 5, 0.0942863, 0.0210202, 2.07545e-08, -8.5467e-06, -0.00187906
11011, 37.9542, 5.57324, 1.61468, 2.11863, 0.5, 0.013, 4, 4.04235, 5, 0.0827402, 0.00982632, -2.75746e-08, 0.000264499, -0.00280867
11001, 38.9404, 7.26508, 1.61975, 2.17316, 0.5, 0.013, 4, 3.93398, 5, 0.0836277, -0.0116279, -1.96351e-07, -0.00191434, -0.00153276
11010, 37.8008, 7.66529, 1.64319, 2.10472, 0.5, 0.013, 4, 3.97599, 5, 0.0803874, 0.0360657, -1.06437e-08, -0.000266976, 0.00283604
11100, 39.8867, 5.77598, 1.52405, 2.2116, 0.5, 0.013, 4, 4.09134, 5, 0.09748, 0.00536322, -2.23571e-07, 0.00230118, 0.00488007
11000, 38.975, 9.38228, 1.58084, 2.09388, 0.5, 0.013, 4, 3.9241, 5, 0.0906421, 0.0131988, 4.51959e-08, 0.000253846, 0.0018951

01111, 6.54771, 3.5383, -0.0223012, 2.2966, 0.5, 0.013, 4, 3.91683, 5, -0.0948845, -0.0422489, -5.13449e-07, 0.00157847, 0.00125699
10011, 7.36173, 5.1723, 1.60686, 2.35365, 0.5, 0.013, 4, 4.07821, 5, -0.127269, -0.019052, 2.67073e-07, -0.000406874, -0.00344228
10010, 7.47199, 7.49616, 1.59714, 2.35831, 0.5, 0.013, 4, 4.00489, 5, -0.0989721, 0.00635956, 1.80964e-07, 0.000846445, 0.000181741
01110, 8.7435, 3.83679, 0.00776795, 2.21957, 0.5, 0.013, 4, 3.91374, 5, -0.0796192, -0.00279673, -3.2088e-07, -0.00197793, 0.00205479
01101, 10.953, 4.1052, 0.0483143, 2.28695, 0.5, 0.013, 4, 3.95802, 5, -0.0516909, -0.000665906, -5.20158e-08, -0.000201165, 0.00030879
10001, 8.69688, 8.62117, 1.51821, 2.3462, 0.5, 0.013, 4, 4.05292, 5, -0.0791873, -0.0378672, -1.25508e-07, -0.000633615, 0.00280326
10000, 8.40705, 10.8646, 1.57086, 2.27105, 0.5, 0.013, 4, 3.98567, 5, -0.103624, -0.0147637, -1.09912e-07, 0.000678235, -0.000197909
01001, 15.5767, 3.05342, 0.0846711, 2.23819, 0.5, 0.013, 4, 4.01799, 5, -0.0524113, -0.0201158, 4.76757e-08, -8.08877e-05, 2.55747e-05
01011, 13.5835, 1.76593, -0.00849492, 2.368, 0.5, 0.013, 4, 3.93492, 5, -0.036633, -0.0310469, 1.01523e-08, 3.23593e-05, 4.78569e-06
01010, 15.9031, 1.72124, -0.0184618, 2.29814, 0.5, 0.013, 4, 4.08728, 5, -0.00616008, -0.0318626, 4.79379e-09, -4.7609e-05, -4.39785e-06
10111, 12.2599, 6.67702, 1.62434, 2.36482, 0.5, 0.013, 4, 3.99382, 5, -0.069342, 0.01601, -9.82961e-09, 0.00212835, -0.000559012
01100, 13.2289, 4.14427, 0.0410555, 2.31061, 0.5, 0.013, 4, 3.95298, 5, -0.022446, -0.00850149, 6.93565e-08, 3.0297e-05, -0.000285381
10101, 13.225, 8.08832, 1.58895, 2.39395, 0.5, 0.013, 4, 3.92909, 5, -0.0621168, -0.026918, 0, -0.00219536, 0.000410649
10110, 12.0984, 9.05193, 1.65031, 2.42452, 0.5, 0.013, 4, 3.91952, 5, -0.0688109, 0.0481209, 6.15345e-09, 9.62352e-06, 0.00117325
10100, 13.1018, 10.7811, 1.58969, 2.44071, 0.5, 0.013, 4, 4.02979, 5, -0.0652399, -0.0338312, 1.20668e-07, 4.4738e-05, -0.0792547
01000, 17.8385, 3.12403, 0.0350264, 2.31622, 0.5, 0.013, 4, 3.95207, 5, -0.0231059, -0.0201947, 2.11028e-08, 8.30692e-05, -2.54658e-05
00111, 16.0614, 5.05587, -0.00928884, 2.46113, 0.5, 0.013, 4, 3.90453, 5, -0.0625703, -0.00212533, 9.21923e-08, 0.0109262, -0.00092304
00110, 18.4715, 4.86336, -0.0354667, 2.4144, 0.5, 0.013, 4, 4.05669, 5, -0.0275034, -0.0291222, -2.96869e-07, 0.00102702, 0.00701615
00011, 23.6451, 6.38476, -0.0332229, 2.28225, 0.5, 0.013, 4, 3.98104, 5, 0.0117504, 0.0064355, -4.68677e-08, -0.000408405, -4.47271e-05
00101, 20.6534, 5.37132, -0.106115, 2.4038, 0.5, 0.013, 4, 4.05994, 5, -0.0314057, 0.0321422, -2.21498e-07, 0.00580864, -0.00595181
00100, 23.0133, 5.06402, -0.04454, 2.42538, 0.5, 0.013, 4, 3.97196, 5, -0.00614448, -0.0228773, -3.45065e-07, -0.0107459, -0.00140292
00001, 25.305, 5.21679, -0.0200224, 2.27407, 0.5, 0.013, 4, 4.09917, 5, 0.0211793, 0.0130624, -5.71876e-07, -0.000745372, 0.00173187
00010, 25.9181, 6.42251, 0.0134529, 2.29349, 0.5, 0.013, 4, 4.05807, 5, 0.0416262, 0.00790091, -2.09035e-08, 0.000408157, 4.46974e-05
00000, 27.6035, 5.17677, -7.34929e-06, 2.37966, 0.5, 0.013, 4, 3.96944, 5, 0.0535867, -0.00158369, 4.74646e-08, -0.00663789, -0.00050575
11111, 39.0925, 1.12973, 1.55745, 2.25997, 0.5, 0.013, 4, 3.9257, 5, 0.0895197, 0.0147603, 6.14061e-08, 0.000267809, 0.00676486
11110, 39.1808, 3.41463, 1.54191, 2.36957, 0.5, 0.013, 4, 4.00406, 5, 0.0925621, 0.0439198, 1.54406e-07, 0.000289171, -0.00625123
11011, 38.3686, 5.61698, 1.61468, 2.26092, 0.5, 0.013, 4, 4.04235, 5, 0.0829473, 0.00825539, -2.74347e-08, 2.26905e-05, -8.81448e-05
11001, 39.3654, 7.1965, 1.61975, 2.31911, 0.5, 0.013, 4, 3.93398, 5, 0.0877887, -0.0147753, 8.33059e-08, 0.00036408, -0.000421228
11010, 38.2021, 7.85098, 1.64319, 2.24608, 0.5, 0.013, 4, 3.97599, 5, 0.0801806, 0.0376321, -1.21839e-08, -2.24573e-05, 8.55472e-05
11000, 39.4301, 9.45409, 1.58084, 2.2345, 0.5, 0.013, 4, 3.9241, 5, 0.0912888, 0.0144634, 6.28341e-08, 0.00010967, 0.000309014
11101, 40.185, 3.53353, 1.55036, 2.265, 0.5, 0.013, 4, 3.94955, 5, 0.0921337, -0.0201169, -1.65351e-08, -0.000672329, -0.000323718
11100, 40.3685, 5.82194, 1.52405, 2.36013, 0.5, 0.013, 4, 4.09134, 5, 0.0935481, 0.0106912, 5.40001e-08, -0.000414679, 0.000474556

01111, 6.08222, 3.33201, -0.0223036, 2.45084, 0.5, 0.013, 4, 3.91683, 5, -0.090861, -0.0382707, -3.73376e-07, 0.000895325, 0.000667139
10011, 6.71687, 5.06854, 1.60686, 2.51172, 0.5, 0.013, 4, 4.07821, 5, -0.130658, -0.0214107, 2.4034e-07, -0.000409568, 0.000643692
10010, 6.98466, 7.51522, 1.59714, 2.51669, 0.5, 0.013, 4, 4.00489, 5, -0.0965019, -0.000410009, 2.28057e-07, 0.000258948, -0.00178777
10000, 7.88932, 10.7884, 1.57086, 2.42357, 0.5, 0.013, 4, 3.98567, 5, -0.10422, -0.015754, -1.61934e-07, -4.70434e-05, -0.00020431
01110, 8.33317, 3.83757, 0.00776596, 2.36863, 0.5, 0.013, 4, 3.91374, 5, -0.0836239, 0.00200998, -4.32748e-07, -0.00059673, 0.000491118
10111, 11.9233, 6.75849, 1.62434, 2.52364, 0.5, 0.013, 4, 3.99382, 5, -0.066618, 0.0158615, -7.10984e-09, 5.82298e-05, -6.62578e-05
01101, 10.6941, 4.10727, 0.0483142, 2.44054, 0.5, 0.013, 4, 3.95802, 5, -0.0520258, 0.0013204, 1.37247e-08, -4.35963e-07, 0.000326785
10110, 11.7548, 9.29439, 1.65031, 2.58735, 0.5, 0.013, 4, 3.91952, 5, -0.0687001, 0.049135, 8.05698e-09, 2.15107e-06, 9.26087e-05
10001, 8.30057, 8.44412, 1.51821, 2.50377, 0.5, 0.013, 4, 4.05292, 5, -0.0786013, -0.0350681, -1.76611e-07, 5.7552e-05, 0.000548707
01001, 15.312, 2.95321, 0.0846714, 2.3885, 0.5, 0.013, 4, 4.01799, 5, -0.0534363, -0.0199622, 5.67096e-08, -0.000220209, 3.60609e-05
01011, 13.3986, 1.61082, -0.00849486, 2.52703, 0.5, 0.013, 4, 3.93492, 5, -0.0374953, -0.03099, 1.20268e-08, -0.000178046, 1.26369e-05
01010, 15.8741, 1.5618, -0.0184618, 2.45248, 0.5, 0.013, 4, 4.08728, 5, -0.00530214, -0.0319196, 6.39323e-09, 0.000177528, -1.26551e-05
10101, 12.9033, 7.95581, 1.58895, 2.55473, 0.5, 0.013, 4, 3.92909, 5, -0.0650831, -0.0263631, 0, -6.67656e-05, 1.24887e-05
00111, 15.8104, 5.04167, -0.00928829, 2.62641, 0.5, 0.013, 4, 3.90453, 5, -0.0469282, -0.0025718, 1.2291e-07, 0.000854912, 2.5266e-05
01100, 13.1212, 4.09768, 0.041056, 2.46579, 0.5, 0.013, 4, 3.95298, 5, -0.0212233, -0.0102166, 1.36369e-07, -0.000153292, -0.000386788
10100, 12.7758, 10.6373, 1.58969, 2.60462, 0.5, 0.013, 4, 4.02979, 5, -0.0651723, -0.163724, 0, -1.7551e-06, 0.122164
01000, 17.7256, 3.0227, 0.0350265, 2.47177, 0.5, 0.013, 4, 3.95207, 5, -0.0220868, -0.0203476, 2.82622e-08, 0.000218659, -3.58763e-05
00110, 18.3716, 4.78022, -0.0354666, 2.57655, 0.5, 0.013, 4, 4.05669, 5, -0.0149891, -0.0119283, 1.0337e-07, 0.00050813, 0.00113668
00011, 23.7022, 6.41652, -0.0332231, 2.43553, 0.5, 0.013, 4, 3.98104, 5, 0.010921, 0.0062512, -5.31895e-08, -0.00014931, -4.0379e-05
00101, 20.5188, 5.4822, -0.106114, 2.56524, 0.5, 0.013, 4, 4.05994, 5, -0.0211429, 0.0192394, 3.94481e-07, 0.00270946, -0.00068206
00100, 22.9687, 4.93399, -0.044541, 2.58827, 0.5, 0.013, 4, 3.97196, 5, -0.00809448, -0.029996, -2.05388e-07, 0.000243166, -0.00135246
00001, 25.3591, 5.29465, -0.0200249, 2.42679, 0.5, 0.013, 4, 4.09917, 5, 0.00335804, 0.018959, -5.32945e-07, -0.00145507, 0.00136286
00010, 26.1279, 6.46244, 0.0134527, 2.44752, 0.5, 0.013, 4, 4.05807, 5, 0.0424575, 0.00808521, -2.6797e-08, 0.000149794, 4.03854e-05
00000, 27.8128, 5.16234, -6.8701e-06, 2.53947, 0.5, 0.013, 4, 3.96944, 5, 0.0345949, -0.0042889, 1.42531e-07, -0.00272991, -0.000493683
11111, 39.5374, 1.2056, 1.55745, 2.41174, 0.5, 0.013, 4, 3.9257, 5, 0.0883233, 0.0156705, 1.21e-07, -0.000260277, 0.000199776
11110, 39.6493, 3.64037, 1.54191, 2.5287, 0.5, 0.013, 4, 4.00406, 5, 0.0956085, 0.046672, 1.09835e-07, 0.0013337, -0.00044049
11011, 38.7837, 5.65671, 1.61468, 2.41276, 0.5, 0.013, 4, 4.04235, 5, 0.0831067, 0.00746793, -3.19458e-08, 3.48935e-05, -0.000161206
11001, 39.8056, 7.12046, 1.61975, 2.47486, 0.5, 0.013, 4, 3.93398, 5, 0.0879667, -0.0156807, 9.73266e-08, -7.63951e-05, -0.000150127
11010, 38.6027, 8.04069, 1.64319, 2.39692, 0.5, 0.013, 4, 3.97599, 5, 0.0800214, 0.0384176, -1.60364e-08, -3.48935e-05, 0.000161033
11000, 39.8876, 9.52796, 1.58084, 2.38457, 0.5, 0.013, 4, 3.9241, 5, 0.091718, 0.0152142, 7.68264e-08, 8.81405e-05, 0.000144883
11101, 40.6423, 3.43297, 1.55036, 2.41712, 0.5, 0.013, 4, 3.94955, 5, 0.0900277, -0.0205522, 7.04691e-08, -0.00111788, 3.12495e-05
11100, 40.834, 5.87613, 1.52405, 2.51864, 0.5, 0.013, 4, 4.09134, 5, 0.0930349, 0.0113479, 5.48222e-08, 2.2283e-06, 1.85141e-05

01110, 7.90427, 3.84812, 0.0077641, 2.52771, 0.5, 0.013, 4, 3.91374, 5, -0.0876589, 0.00137583, -2.74936e-07, -0.000579939, -0.000570931
01111, 5.64437, 3.14488, -0.0223052, 2.61544, 0.5, 0.013, 4, 3.91683, 5, -0.0837389, -0.0361158, -2.19274e-07, 0.00155164, 0.00096123
10011, 6.05706, 4.97006, 1.60687, 2.68041, 0.5, 0.013, 4, 4.07821, 5, -0.132982, -0.0173717, 3.01725e-07, -0.000227633, 0.00102554
10010, 6.50792, 7.50079, 1.59714, 2.68571, 0.5, 0.013, 4, 4.00489, 5, -0.0943794, -0.00535816, 2.89947e-07, 0.000219453, -0.00119287
10001, 7.90742, 8.27653, 1.51821, 2.67192, 0.5, 0.013, 4, 4.05292, 5, -0.0785979, -0.0322388, -1.63301e-07, -2.13646e-05, 0.000496969
10000, 7.36843, 10.707, 1.57086, 2.58633, 0.5, 0.013, 4, 3.98567, 5, -0.104205, -0.0168109, -1.54347e-07, 2.3725e-05, -0.000218708
10111, 11.5906, 6.83574, 1.62434, 2.69312, 0.5, 0.013, 4, 3.99382, 5, -0.0664816, 0.014889, -7.12157e-09, 1.28232e-05, -0.00018573
01101, 10.4302, 4.11769, 0.0483145, 2.60444, 0.5, 0.013, 4, 3.95802, 5, -0.053882, 0.00267168, 1.21478e-07, -0.000500859, 0.000211968
10110, 11.4112, 9.54225, 1.65031, 2.76112, 0.5, 0.013, 4, 3.91952, 5, -0.0687474, 0.0501384, 8.70235e-09, -1.03927e-05, 0.000187789
01001, 15.0422, 2.85389, 0.0846717, 2.54891, 0.5, 0.013, 4, 4.01799, 5, -0.0544845, -0.0197519, 6.68601e-08, -0.000216373, 4.89931e-05
01011, 13.2083, 1.45606, -0.0084948, 2.69675, 0.5, 0.013, 4, 3.93492, 5, -0.0385866, -0.0309138, 1.42918e-08, -0.000226544, 1.7043e-05
01010, 15.8503, 1.40202, -0.0184618, 2.61719, 0.5, 0.013, 4, 4.08728, 5, -0.00420874, -0.031996, 8.42699e-09, 0.000227073, -1.71073e-05
10101, 12.586, 7.74182, 1.58895, 2.7263, 0.5, 0.013, 4, 3.92909, 5, -0.0643103, -0.0347481, 0, -0.000506665, 0.00485518
00111, 15.5778, 5.03061, -0.00928759, 2.8028, 0.5, 0.013, 4, 3.90453, 5, -0.0466535, -0.00178308, 1.5402e-07, -4.66108e-05, 0.000164403
01100, 13.0138, 4.04124, 0.0410569, 2.63139, 0.5, 0.013, 4, 3.95298, 5, -0.022279, -0.0123784, 2.10556e-07, -0.000455712, -0.000447843
10100, 12.4415, 10.5756, 1.58969, 2.77955, 0.5, 0.013, 4, 4.02979, 5, -0.0660716, 0.0317272, 0, 0.000501987, 0.00098732
01000, 17.6178, 2.92046, 0.0350267, 2.63778, 0.5, 0.013, 4, 3.95207, 5, -0.02104, -0.0205569, 3.69806e-08, 0.000216045, -4.8754e-05
00110, 18.3026, 4.72569, -0.0354659, 2.74959, 0.5, 0.013, 4, 4.05669, 5, -0.0130526, -0.0108121, 1.4019e-07, 0.00011357, -0.00010693
00011, 23.7544, 6.44719, -0.0332234, 2.5991, 0.5, 0.013, 4, 3.98104, 5, 0.00992123, 0.00600465, -6.28498e-08, -0.000202836, -5.5887e-05
00101, 20.4563, 5.56938, -0.106112, 2.73752, 0.5, 0.013, 4, 4.05994, 5, -0.00463877, 0.0159707, 3.51655e-07, 0.00258852, -0.000538249
00100, 22.9408, 4.78792, -0.0445417, 2.7621, 0.5, 0.013, 4, 3.97196, 5, -0.00265764, -0.0268431, -8.2599e-08, 0.00105147, 0.00130755
00001, 25.3475, 5.39156, -0.020027, 2.58977, 0.5, 0.013, 4, 4.09917, 5, -0.00754492, 0.0185808, -2.87794e-07, -0.00197135, -0.000567215
00010, 26.3426, 6.50345, 0.0134526, 2.61189, 0.5, 0.013, 4, 4.05807, 5, 0.0434573, 0.00833163, -3.52312e-08, 0.000202852, 5.58563e-05
00000, 27.9507, 5.13619, -6.04276e-06, 2.71002, 0.5, 0.013, 4, 3.96944, 5, 0.0215122, -0.00597445, 1.87056e-07, -0.00171324, -0.000291345
11111, 39.9697, 1.28656, 1.55745, 2.57371, 0.5, 0.013, 4, 3.9257, 5, 0.0841947, 0.0167491, 2.62109e-07, -0.000310824, 0.000195962
11011, 39.1568, 5.69834, 1.61468, 2.5748, 0.5, 0.013, 4, 4.04235, 5, 0.0745973, 0.00729177, -4.44542e-08, 0.00437146, 0.000991129
11010, 39.0018, 8.24732, 1.64319, 2.5579, 0.5, 0.013, 4, 3.97599, 5, 0.0800551, 0.0416352, 3.61037e-09, 0.000371881, -0.00283204
11110, 40.1476, 3.87876, 1.54191, 2.69853, 0.5, 0.013, 4, 4.00406, 5, 0.0976454, 0.0514809, 8.33259e-08, 0.000804848, -0.00167461
11101, 41.1241, 3.32581, 1.55037, 2.57945, 0.5, 0.013, 4, 3.94955, 5, 0.100649, -0.0228155, 1.16086e-07, -0.00516162, 0.000335627
11001, 40.2442, 7.03987, 1.61975, 2.64107, 0.5, 0.013, 4, 3.93398, 5, 0.0874659, -0.0165715, 1.16439e-07, -0.000116004, -0.000175884
11100, 41.2997, 5.93661, 1.52405, 2.68779, 0.5, 0.013, 4, 4.09134, 5, 0.0931725, 0.0133833, 4.56559e-08, -0.000168825, -0.000181678
11000, 40.3475, 9.6062, 1.58084, 2.54471, 0.5, 0.013, 4, 3.9241, 5, 0.0922374, 0.0161006, 9.56389e-08, 0.000116896, 0.000175537

01110, 7.45966, 3.84582, 0.00776323, 2.69747, 0.5, 0.013, 4, 3.91374, 5, -0.0897779, -0.00247727, -1.00653e-07, -1.97388e-05, -0.000577689
01111, 5.24195, 2.97682, -0.0223058, 2.79109, 0.5, 0.013, 4, 3.91683, 5, -0.0779493, -0.0311938, -1.98619e-08, 0.000588011, 0.000728455
10011, 5.3916, 4.89791, 1.60687, 2.86042, 0.5, 0.013, 4, 4.07821, 5, -0.13268, -0.0111728, 2.36646e-07, 0.000407666, 0.00133065
10010, 6.03653, 7.45802, 1.59714, 2.86608, 0.5, 0.013, 4, 4.00489, 5, -0.0946946, -0.0119096, 2.27815e-07, -0.000408457, -0.00138969
10001, 7.51288, 8.12235, 1.51821, 2.85137, 0.5, 0.013, 4, 4.05292, 5, -0.0793831, -0.0294264, -1.14322e-07, -0.000238483, 0.000537815
10000, 6.84901, 10.6201, 1.57086, 2.76003, 0.5, 0.013, 4, 3.98567, 5, -0.103402, -0.0179396, -1.1045e-07, 0.000241244, -0.000233208
10111, 11.2584, 6.90727, 1.62434, 2.87399, 0.5, 0.013, 4, 3.99382, 5, -0.0664095, 0.0137099, -7.11133e-09, 1.37678e-05, -0.000238699
01101, 10.1561, 4.13478, 0.0483153, 2.77935, 0.5, 0.013, 4, 3.95802, 5, -0.0554614, 0.00435818, 2.16378e-07, -0.000123, 0.000444665
10110, 11.0673, 9.79585, 1.65031, 2.94655, 0.5, 0.013, 4, 3.91952, 5, -0.0688153, 0.0513176, 9.36706e-09, -1.36247e-05, 0.000238634
01100, 12.8972, 3.97341, 0.0410581, 2.80811, 0.5, 0.013, 4, 3.95298, 5, -0.0243199, -0.0148249, 2.90572e-07, -0.000426603, -0.000524779
01001, 14.7671, 2.75581, 0.084672, 2.72009, 0.5, 0.013, 4, 4.01799, 5, -0.0555743, -0.0194655, 7.93724e-08, -0.000223289, 6.65806e-05
01011, 13.0125, 1.30172, -0.00849472, 2.87786, 0.5, 0.013, 4, 3.93492, 5, -0.039744, -0.0308183, 1.70614e-08, -0.000239779, 2.14998e-05
01010, 15.8322, 1.2418, -0.0184617, 2.79296, 0.5, 0.013, 4, 4.08728, 5, -0.00304998, -0.0320919, 1.10136e-08, 0.000240113, -2.15795e-05
10101, 12.2616, 7.59595, 1.58895, 2.9094, 0.5, 0.013, 4, 3.92909, 5, -0.0649788, -0.0282232, -4.21637e-08, 0.000688197, -0.0060281
00111, 15.3428, 5.02419, -0.00928673, 2.99104, 0.5, 0.013, 4, 3.90453, 5, -0.0472941, -0.000759912, 1.86857e-07, -0.00011035, 0.000223436
10100, 12.1141, 10.5151, 1.58969, 2.96622, 0.5, 0.013, 4, 4.02979, 5, -0.0653857, -0.00854252, -4.14461e-08, -0.000667383, 0.0280417
01000, 17.5153, 2.817, 0.0350269, 2.81493, 0.5, 0.013, 4, 3.95207, 5, -0.0199512, -0.0208419, 4.81076e-08, 0.000223117, -6.62456e-05
00110, 18.2394, 4.66946, -0.0354651, 2.93425, 0.5, 0.013, 4, 4.05669, 5, -0.0122984, -0.0117431, 1.73256e-07, 0.000114416, -0.000220418
00011, 23.8007, 6.49647, -0.0332227, 2.77365, 0.5, 0.013, 4, 3.98104, 5, 0.0084523, 0.0125695, 7.79885e-08, -0.000128132, -0.00136757
00101, 20.4604, 5.64132, -0.10611, 2.92137, 0.5, 0.013, 4, 4.05994, 5, 0.0054203, 0.0124954, 2.23987e-07, 0.00167056, -0.00104735
00100, 22.9343, 4.66912, -0.0445422, 2.94759, 0.5, 0.013, 4, 3.97196, 5, -0.00157824, -0.0215195, -9.89955e-08, 0.000405718, 0.00242363
00001, 25.2912, 5.46021, -0.0200272, 2.7637, 0.5, 0.013, 4, 4.09917, 5, -0.0143921, 0.0116434, -1.34639e-08, -0.00134783, 0.000104442
00010, 26.5635, 6.54576, 0.0134524, 2.7873, 0.5, 0.013, 4, 4.05807, 5, 0.0450573, 0.00850994, -3.38891e-08, 0.000101606, -4.48051e-05
00000, 28.0426, 5.1028, -4.9855e-06, 2.89203, 0.5, 0.013, 4, 3.96944, 5, 0.0171766, -0.00765814, 2.33064e-07, -0.000717838, -0.000202922
11011, 39.5572, 5.72992, 1.61468, 2.74772, 0.5, 0.013, 4, 4.04235, 5, 0.0821423, 0.00548045, -5.53345e-09, 0.000212392, -3.32932e-05
11010, 39.4039, 8.44983, 1.64319, 2.72968, 0.5, 0.013, 4, 3.97599, 5, 0.0805824, 0.040544, 1.14006e-08, 3.11028e-05, -5.37226e-05
11111, 40.3825, 1.37296, 1.55745, 2.74656, 0.5, 0.013, 4, 3.9257, 5, 0.0799689, 0.0178537, 4.3958e-07, -0.00104257, 0.000180887
11101, 41.604, 3.21329, 1.55037, 2.75268, 0.5, 0.013, 4, 3.94955, 5, 0.0970796, -0.0232584, 6.61974e-08, 0.000264999, -0.000148005
11110, 40.6393, 4.12667, 1.54191, 2.87976, 0.5, 0.013, 4, 4.00406, 5, 0.0976925, 0.0502032, 1.6045e-07, -0.000193595, -0.0123854
11001, 40.68, 6.95479, 1.61975, 2.81844, 0.5, 0.013, 4, 3.93398, 5, 0.0868512, -0.0165904, 2.2812e-07, 0.000604538, 0.0126828
11100, 41.764, 6.00265, 1.52405, 2.8683, 0.5, 0.013, 4, 4.09134, 5, 0.0927336, 0.0139258, 3.34167e-08, -6.83518e-05, 0.000153541
11000, 40.8102, 9.68897, 1.58084, 2.71562, 0.5, 0.013, 4, 3.9241, 5, 0.0929083, 0.0170025, 1.19437e-07, 0.0001601, 0.00022038

